1.956  8.04399953822307E+0000  4.76471063449084E+0000  5.03451155333658E+0000
1.141  1.14125251315465E+0000  4.60870239040963E+0000  1.14125759356131E+0000
0.730  3.15473739247174E+0000  4.59785053238753E+0000  6.48975391435288E+0000
0.545  6.65420711106140E-0001  6.71808122737206E+0000  4.80059855754604E+0000
1.181  8.81899974075891E+0000  4.92199235911671E+0000  8.76917100914278E+0000
0.827  8.65967788284120E-0001  9.13028422070989E+0000  4.79500557942516E+0000
0.463  4.56491115542076E+0000  6.64196311893853E+0000  5.84062606079750E-0001
1.295  4.87948485229808E+0000  1.29500020117310E+0000  1.29500026907308E+0000
1.731  8.22536209421013E+0000  2.12470065579273E+0000  8.21917105574820E+0000
2.348  2.63859537474933E+0000  7.65199979757281E+0000  7.03500078419052E+0000
1.383  5.82059030511217E+0000  8.61696649748295E+0000  1.38301738173109E+0000
0.886  5.04823202234416E+0000  9.01624806381137E+0000  8.94591644429526E+0000
1.203  8.79699939392248E+0000  8.79699945835982E+0000  1.20300026720322E+0000
2.013  7.98699980000000E+0000  2.17289677763468E+0000  2.01300020000000E+0000
0.596  6.15275932083405E+0000  6.40862633895947E+0000  7.11712636934720E-0001
1.647  8.35299351026447E+0000  5.95252719542345E+0000  1.64700061462954E+0000
1.371  5.48676826207097E+0000  8.62899598726409E+0000  4.85225830344399E+0000
1.818  4.85023404970172E+0000  4.36361340494302E+0000  1.81800023421125E+0000
2.132  7.76422291057650E+0000  7.86799980000000E+0000  7.68084318979767E+0000
0.735  3.05394754936202E+0000  5.29193129441572E+0000  9.15187163189907E+0000
1.956  5.43445495331784E+0000  4.52348875630787E+0000  7.99417098209999E+0000
1.141  1.14100020726185E+0000  5.04764719520658E+0000  8.80917104294579E+0000
0.730  5.53955483328632E+0000  6.84312348056694E+0000  6.14817377094904E+0000
0.545  2.97628089255061E+0000  6.81548092569650E-0001  3.97409186435736E+0000
1.181  1.18169890810842E+0000  1.18171623597958E+0000  4.67179993456471E+0000
0.827  8.74322444754870E-0001  4.89896286172702E+0000  6.80941980778442E+0000
0.463  9.29587373216140E+0000  4.06372743732244E+0000  7.17966929313205E+0000
1.295  5.33264777877260E+0000  1.30617095772123E+0000  8.63770584835095E+0000
1.731  1.74491089632344E+0000  4.20503992257487E+0000  4.45577375899518E+0000
2.348  2.34800020000000E+0000  7.65199979919107E+0000  2.34800021207704E+0000
1.383  4.65338446864707E+0000  5.38280140857880E+0000  4.85255020021352E+0000
0.886  5.14347019612001E+0000  7.17519362583888E+0000  9.05104449180804E+0000
1.203  6.07640042461262E+0000  6.76884001938731E+0000  3.17367423104972E+0000
2.013  5.18684868345839E+0000  2.01300037205188E+0000  4.90129828653412E+0000
0.596  6.63793206839187E+0000  7.05722354037600E-0001  6.88344571905683E+0000
1.647  8.35299879694904E+0000  8.28642412652750E+0000  3.97151593702634E+0000
1.371  8.62899979617888E+0000  1.37100020000000E+0000  5.23732285225732E+0000
1.818  1.85541453680746E+0000  1.81819290962315E+0000  1.81921968176197E+0000
2.132  2.13200020746410E+0000  2.13200020000000E+0000  7.70036391009013E+0000
0.735  5.31666645823443E+0000  9.23922899778186E+0000  6.95063115036110E+0000
0.100  4.76241371102650E-0001  9.50998467478036E+0000  9.10546331230676E+0000
 9.95017125574820E+0000