0.584  5.84000598421030E-0001  5.84003023729940E-0001  5.84003017657000E-0001
0.458  4.64806688696870E-0001  4.52527301637021E+0000  2.10838398963744E+0000
0.494  5.38821373889780E+0000  4.94000756435140E-0001  4.94000808671600E-0001
0.993  7.82858731053440E+0000  3.91785679529018E+0000  1.57670125987411E+0000
0.582  4.31943432949909E+0000  5.82000220143070E-0001  5.82000564331670E-0001
0.712  5.51513738747989E+0000  1.87773298510636E+0000  7.12001150952190E-0001
0.923  1.02064575847510E+0000  4.07699698148672E+0000  9.23000971780400E-0001
0.621  9.37899857499947E+0000  1.93282945431133E+0000  6.21000313649040E-0001
0.604  6.04000205393900E-0001  3.04214648040539E+0000  1.96570110756622E+0000
0.730  6.48165804452455E+0000  1.93458800740993E+0000  1.83938584911925E+0000
0.428  4.74250666616682E+0000  1.96469261583362E+0000  2.14170074929559E+0000
0.663  1.95102295405142E+0000  1.66541222195352E+0000  1.90670127698029E+0000
0.781  3.88229187438186E+0000  2.73741829362130E+0000  1.78870127100089E+0000
0.875  9.12499980000000E+0000  9.22547864786300E-0001  1.69470117486797E+0000
0.777  6.07762570679541E+0000  4.22299969695862E+0000  1.79270127629041E+0000
0.439  9.49938098309789E+0000  5.02265139451110E-0001  4.70847409757740E-0001
0.709  9.29099980000000E+0000  3.84539875793170E+0000  7.09000285477400E-0001
0.801  2.71471274246411E+0000  2.24636044199032E+0000  8.01000337492810E-0001
0.678  4.12661331154911E+0000  1.82345307622224E+0000  6.78000217146150E-0001
0.805  9.19499980000000E+0000  2.76443651230932E+0000  1.76470123932835E+0000
0.723  8.59793420848520E-0001  7.90734223692190E-0001  1.84582956929900E+0000
0.794  6.59464702581208E+0000  8.30845771286110E-0001  7.94000266568770E-0001
0.544  1.91087589242182E+0000  4.45599642136063E+0000  2.02569998095396E+0000
0.719  5.37453937404260E+0000  2.87653988840127E+0000  1.85070121703748E+0000
0.898  3.32591793068467E+0000  8.98262612753740E-0001  1.67155073876700E+0000
0.625  9.36086633834647E+0000  4.36049497150941E+0000  1.94121700343293E+0000
0.521  6.35185328403372E+0000  5.21001014667970E-0001  2.04870105730731E+0000
0.783  4.51764836237542E+0000  4.21699964560060E+0000  1.78670123862530E+0000
0.800  6.45647058779352E+0000  3.05768793316320E+0000  8.00000216912020E-0001
0.688  7.59105422170734E+0000  6.88000543292460E-0001  1.88170120202549E+0000
0.825  5.07687024140493E+0000  8.25000548151430E-0001  1.74255929875491E+0000
0.877  8.78655542879160E-0001  2.07318598565993E+0000  8.77823841984380E-0001
0.681  4.69478655883012E+0000  3.23873804089915E+0000  6.81176684498500E-0001
0.989  2.94881994535724E+0000  4.01099979524763E+0000  9.89000200750740E-0001
0.589  6.69545804995506E+0000  4.41099980000000E+0000  5.89000201182570E-0001
0.611  8.15715276258724E+0000  6.11000222735350E-0001  6.11000270392870E-0001
0.776  1.91662069795362E+0000  7.76000205909160E-0001  7.76000202498920E-0001
0.917  7.86216492461377E+0000  2.07869617623326E+0000  9.17000398238760E-0001
0.622  5.32593754665822E+0000  4.37760545981054E+0000  6.22467708034970E-0001
0.698  1.90249102376651E+0000  3.02509666157856E+0000  1.87170126677137E+0000
 2.56970147698029E+0000