1.509  8.49099662924453E+0000  6.27407374574961E+0000  1.45124578138716E+0001
1.553  1.57045963473786E+0000  8.44699609953419E+0000  1.46046339670186E+0001
1.399  8.50827021764548E+0000  8.60099980000000E+0000  6.99854100692648E+0000
1.489  6.26058541150759E+0000  3.89842711502386E+0000  8.42404963835546E+0000
1.463  3.98942206024190E+0000  5.81511371404964E+0000  1.14360319200630E+0001
1.650  8.34999980000000E+0000  1.81315921092957E+0000  1.72027128097503E+0000
1.409  5.68543625368032E+0000  1.41008901863276E+0000  7.05445615386615E+0000
1.557  4.02563488469782E+0000  8.34732996745868E+0000  6.95970089845639E+0000
1.430  1.43000112885042E+0000  6.12055311285062E+0000  6.94990322870692E+0000
1.575  8.42499977772383E+0000  1.57884477805155E+0000  1.45779172744261E+0001
1.537  6.32147030647086E+0000  3.86779952178952E+0000  1.14492825660755E+0001
1.586  8.41399980000000E+0000  1.58600020000000E+0000  8.27901267312389E+0000
1.464  1.46400022165717E+0000  3.48155533295257E+0000  5.66783474261708E+0000
1.316  1.31600020000000E+0000  1.31600029032277E+0000  1.26741707708088E+0001
1.653  4.25775773387609E+0000  1.65477893107535E+0000  1.24591008831910E+0001
1.641  3.90584811328173E+0000  6.18623060648680E+0000  1.45166339390142E+0001
1.383  8.61699975195249E+0000  6.37054113310347E+0000  8.65768485902312E+0000
1.342  1.41392818316977E+0000  4.46722032818905E+0000  1.34200023607344E+0000
1.401  3.83778048294661E+0000  3.36363001316989E+0000  9.96303077845529E+0000
1.371  1.37100020273033E+0000  8.62899976778615E+0000  5.37639384474784E+0000
1.482  8.51799975965660E+0000  6.27540373690799E+0000  1.15193933316990E+0001
1.547  3.85902962497456E+0000  8.45299813217230E+0000  3.86197665363541E+0000
1.523  6.44672806242682E+0000  4.39948806069931E+0000  1.52300020885664E+0000
1.291  5.48130996517202E+0000  1.29100027104292E+0000  4.36481814500939E+0000
1.588  6.31607917042781E+0000  4.03810980228242E+0000  1.45696339704581E+0001
1.389  8.61099841386290E+0000  4.14951680370717E+0000  6.78228238812272E+0000
1.487  1.48700021729771E+0000  1.64599458155917E+0000  1.53844183692746E+0000
1.566  3.86902084780009E+0000  6.10110499231313E+0000  1.56600020678867E+0000
1.329  3.87605732339185E+0000  8.67099974363125E+0000  1.28900001568836E+0001
1.452  5.86160108144017E+0000  6.21903107173483E+0000  3.83140865510224E+0000
1.569  8.41045713259035E+0000  1.56900022599701E+0000  1.14339653460233E+0001
1.664  8.33599980000000E+0000  1.66400020814815E+0000  5.03088445497128E+0000
1.521  6.43566168476384E+0000  6.43962275292028E+0000  6.74190552227268E+0000
1.311  1.49098981772321E+0000  8.63276120700604E+0000  1.17477695632876E+0001
1.555  5.15601564422537E+0000  1.60536491248929E+0000  1.55500020762884E+0000
1.285  8.71499964540184E+0000  3.94092532701460E+0000  1.29917020513723E+0001
1.635  8.36499980000000E+0000  8.36499980000000E+0000  3.93347957532016E+0000
1.425  1.42500020000000E+0000  3.75196379457025E+0000  8.54388790442940E+0000
1.621  1.62100023618900E+0000  8.37899975917165E+0000  1.62100020911381E+0000
1.432  3.97398822734258E+0000  5.78023154169398E+0000  8.48988456758904E+0000
1.589  6.24867533209005E+0000  8.41099953263308E+0000  1.45686338369018E+0001
1.108  8.89199979315076E+0000  6.43004268489585E+0000  5.80491298478121E+0000
0.964  9.75231632655280E-0001  3.29921906353590E+0000  3.29032905918738E+0000
1.094  1.09400027292328E+0000  1.09400021204826E+0000  1.50636339385377E+0001
1.534  3.75787835856333E+0000  8.46599929697579E+0000  1.00367949194926E+0001
0.729  7.29000208322480E-0001  9.27099978477586E+0000  9.96630246415691E+0000
1.226  5.66891766673036E+0000  1.22600024420583E+0000  1.49316339656023E+0001
1.370  6.34339259466746E+0000  8.62999976804426E+0000  8.72475865471941E+0000
0.960  9.60000453556080E-0001  6.08249559532633E+0000  1.51976337019241E+0001
1.656  1.74398979486289E+0000  3.69753119866723E+0000  1.44622668818929E+0001
0.701  3.27390341717792E+0000  7.01000219662970E-0001  7.01000222459120E-0001
1.324  8.67599793723272E+0000  8.67599979713709E+0000  1.00751585108990E+0001
1.346  1.37025138653365E+0000  8.64942886355775E+0000  8.09331735498084E+0000
1.412  5.87823252412549E+0000  1.41200030969047E+0000  9.86886005914563E+0000
0.992  3.47955981248434E+0000  3.43840611174273E+0000  9.92015032300570E-0001
1.504  1.50400022152573E+0000  6.43139938245345E+0000  9.93737839119761E+0000
0.776  6.07776627934758E+0000  9.21018887685569E+0000  3.87448586918752E+0000
1.591  3.76246876019676E+0000  3.59461229439566E+0000  3.55473589819844E+0000
0.785  4.10789504059138E+0000  4.08480150917129E+0000  1.31298259073156E+0001
1.646  1.64600020000000E+0000  6.02195510224190E+0000  3.88308051499834E+0000
1.616  6.08510252032183E+0000  8.38399980000000E+0000  1.61600020000000E+0000
0.824  4.11773182433844E+0000  3.07446304173485E+0000  1.52499447905549E+0001
1.253  8.74699980000000E+0000  8.74699980000000E+0000  1.26678701626985E+0001
1.209  3.52342405723392E+0000  1.20900021147599E+0000  8.52398500679341E+0000
1.120  6.34632789476131E+0000  8.87999974762628E+0000  5.73619029995338E+0000
1.038  3.21802872124888E+0000  1.03801891980888E+0000  3.27338203394188E+0000
0.652  6.52000290040920E-0001  6.52000282234900E-0001  5.78685803725475E+0000
1.351  1.44442331714521E+0000  1.35551659855652E+0000  1.00105571109589E+0001
1.307  8.69299980000000E+0000  3.97718999555157E+0000  9.88332613741809E+0000
1.559  8.44099976086536E+0000  4.66412080463880E+0000  3.85786133396396E+0000
1.426  1.43368805319700E+0000  3.76202273156172E+0000  1.13963291500567E+0001
0.748  7.48000373435540E-0001  6.35714268961409E+0000  7.48000382792870E-0001
0.857  6.62714622960930E+0000  8.94167407883140E-0001  1.30049778928625E+0001
0.854  6.67662759163496E+0000  2.85848580296263E+0000  3.38368740739205E+0000
1.455  8.52940820243277E+0000  6.52700683006686E+0000  1.45500085077889E+0000
1.360  1.36000043957823E+0000  6.17540810201225E+0000  1.27862785445889E+0001
1.295  6.25019231893555E+0000  6.24832249910943E+0000  9.91688044896999E+0000
1.445  6.08885533240938E+0000  3.76828037353487E+0000  5.49785455967394E+0000
1.436  6.31578373361143E+0000  8.50070022355102E+0000  1.15457079442477E+0001
0.953  9.04699966375193E+0000  3.97772698724893E+0000  1.52046339438177E+0001
1.124  3.31575575659629E+0000  1.14633175234756E+0000  1.50276500391389E+0001
1.181  1.20758318886614E+0000  1.31586345005334E+0000  4.17115260606189E+0000
1.319  3.21568220305165E+0000  1.31900020650759E+0000  5.66029069329846E+0000
0.962  9.03799817776647E+0000  4.21612320378255E+0000  9.62001829775320E-0001
1.332  3.92429723193551E+0000  5.53222753003214E+0000  5.73726930357253E+0000
1.244  1.33753147035282E+0000  1.33370956681552E+0000  7.41785074364965E+0000
1.122  8.87799969168355E+0000  8.87799935942886E+0000  1.50356339339295E+0001
1.311  3.78929832412809E+0000  3.35268725447606E+0000  7.22617186506719E+0000
1.193  6.19923880398434E+0000  6.22224434861457E+0000  1.28521157652363E+0001
0.898  3.90015776881151E+0000  9.05557634180284E+0000  1.52179978056347E+0001
a=10 b=10 h=1.61576341704582E+0001