2.494  2.49400020000000E+0000  2.49400086285248E+0000  5.84019044516779E+0001
1.371  4.76716649193552E+0000  3.62899980000000E+0000  4.07917458896151E+0000
1.368  8.63199980000000E+0000  3.63199980000000E+0000  5.09007739214834E+0000
1.768  4.94697325429456E+0000  3.20398918846469E+0000  3.40440892393640E+0001
1.339  5.70790144957861E+0000  3.66099980000000E+0000  6.62045301234882E+0000
1.679  5.10478587440951E+0000  3.32099980000000E+0000  1.89177169904256E+0001
1.445  4.14349843727372E+0000  3.55499980000000E+0000  1.23530826699590E+0001
1.259  4.87658725891777E+0000  1.25900138150733E+0000  5.17655995037167E+0001
1.853  8.14699980000000E+0000  1.85300020413812E+0000  2.00678213537453E+0001
1.961  1.96100020000000E+0000  1.96100020000000E+0000  3.59491047216068E+0001
1.425  4.90073757090983E+0000  3.57499650729444E+0000  5.55040359069037E+0001
1.298  5.01921437400516E+0000  3.69133823056307E+0000  1.30707783040931E+0000
2.088  2.08800623868991E+0000  2.08800504451050E+0000  5.38560191243962E+0001
2.454  7.54599980000000E+0000  2.54599980000000E+0000  4.95285737448786E+0001
2.364  2.36400020000000E+0000  2.36400020000000E+0000  4.06194786162031E+0001
1.700  1.70000020000000E+0000  1.70000020000985E+0000  1.16607530753343E+0001
1.963  8.03699980000000E+0000  3.03699978355690E+0000  2.81162915495704E+0001
1.518  5.11589995905144E+0000  1.51800020000000E+0000  4.36628878217417E+0001
2.000  7.99999980000000E+0000  2.00000020000000E+0000  3.61473564570107E+0001
2.145  2.14500020614417E+0000  2.14500025471750E+0000  5.89142408884982E+0000
2.359  7.34260888281515E+0000  2.64099980000000E+0000  5.85468120317426E+0001
1.891  1.89100020000000E+0000  3.10899967728860E+0000  2.83032449530613E+0001
2.086  7.91399980000000E+0000  2.08600020000000E+0000  2.08600020000000E+0000
2.201  7.56411590207917E+0000  2.20100020000000E+0000  2.40645777335050E+0001
2.010  7.98999979422993E+0000  2.98999974521555E+0000  4.51089552331738E+0001
2.494  2.49400020000000E+0000  2.49400022595190E+0000  1.57690978389214E+0001
1.371  5.19109471949439E+0000  1.37100020000000E+0000  2.12613369867964E+0001
1.368  4.56694414785137E+0000  1.36800020000000E+0000  2.54623138410324E+0000
1.768  4.98473184571980E+0000  3.23199980000000E+0000  3.02531114433956E+0001
1.339  5.02604813693680E+0000  3.66099843321329E+0000  5.27442132178411E+0001
1.679  4.89671216525379E+0000  3.32099980000000E+0000  3.76169173707309E+0001
1.445  1.44641160008300E+0000  3.55307896133198E+0000  9.12486476120341E+0000
1.259  4.96449038534964E+0000  3.74099980000000E+0000  2.23787689902041E+0001
1.853  8.09703083433815E+0000  1.85300020000000E+0000  7.72139112569385E+0000
1.961  1.96100020000000E+0000  1.96100020000000E+0000  3.20271043190631E+0001
1.425  6.17724861136594E+0000  1.42500020000000E+0000  5.06490903005189E+0000
1.298  5.45583559189602E+0000  1.29800020000000E+0000  1.31943763330213E+0001
2.088  7.91199977066685E+0000  2.91199980000000E+0000  1.15129300544239E+0001
2.454  7.54599980000000E+0000  2.53566506527566E+0000  4.06903871705676E+0001
2.364  2.45146264253121E+0000  2.63599303793355E+0000  4.94528469370047E+0001
1.700  4.86452328090546E+0000  1.70000020000000E+0000  2.68651333631947E+0001
1.963  1.96300020000000E+0000  1.96300020000000E+0000  2.01623802872668E+0001
1.518  4.95948673564984E+0000  1.51800020000000E+0000  4.66948563838216E+0001
2.000  7.99999980000000E+0000  2.00000020000000E+0000  3.21473560509710E+0001
2.145  7.85499980000000E+0000  2.14500020000000E+0000  5.40996264632537E+0001
2.359  7.64099980000000E+0000  2.38027127049306E+0000  1.59197017054503E+0001
1.891  1.89100020000000E+0000  3.10899979986757E+0000  1.89100020309327E+0000
2.086  2.08600020000000E+0000  2.91399980000000E+0000  4.50266001306842E+0001
2.201  2.20100020000000E+0000  2.79783768122188E+0000  2.42348858788573E+0001
2.010  4.53485680669283E+0000  2.01000020000000E+0000  9.28765569576908E+0000
 6.09058122317426E+0001