1.712  4.93805057283332E+0000  3.27395301674479E+0000  7.98021856861292E+0000
2.232  7.76799980000000E+0000  2.23200020000000E+0000  1.49812630078212E+0001
1.331  5.62798471004464E+0000  1.36127728208247E+0000  1.77289879383435E+0001
2.310  7.68999980000000E+0000  2.68999980000000E+0000  5.08201008274963E+0000
0.771  8.31379759230050E-0001  4.12681859131314E+0000  2.03099283991597E+0001
2.009  2.00900020000000E+0000  2.00900020000000E+0000  9.92411592035241E+0000
0.982  3.43349427784806E+0000  1.02210727070484E+0000  7.38838048242787E+0000
1.817  1.81700020000000E+0000  3.18299980000000E+0000  6.28775235703282E+0000
1.472  8.51461459189674E+0000  3.51267382791946E+0000  1.47784531730617E+0000
2.212  2.21200078233905E+0000  2.21200025579180E+0000  1.83973631343283E+0001
0.757  8.35355149112830E-0001  4.19044032111498E+0000  8.56715967528204E+0000
1.658  5.97065108937629E+0000  1.65800020004345E+0000  1.65800020000000E+0000
1.857  8.11622915026160E+0000  3.14299980000000E+0000  2.46240477252902E+0001
1.384  4.63546386314622E+0000  3.61599969665269E+0000  1.61419624758052E+0001
0.829  8.80714335802530E-0001  8.68037757112230E-0001  2.08497758572207E+0001
1.048  6.35253701239103E+0000  1.08029717064829E+0000  2.34676570540791E+0001
0.929  9.29000529318470E-0001  4.07099936104130E+0000  1.62147230164504E+0001
1.455  4.69687499437862E+0000  3.54499974649368E+0000  2.90740184367216E+0001
1.405  4.20442068598692E+0000  1.40500020000000E+0000  5.05477738841807E+0000
1.837  1.86111731325214E+0000  1.84104440767562E+0000  2.86893044396368E+0001
0.877  9.02289477024369E+0000  4.09294996381425E+0000  7.67745809284514E+0000
0.964  4.98547302626501E+0000  4.01918262232301E+0000  1.00382752627046E+0000
1.826  8.08555297156373E+0000  3.17399980000000E+0000  1.89156198748620E+0001
2.098  7.87752877227705E+0000  2.09800020000000E+0000  2.84310184517600E+0001
1.237  1.24059133355671E+0000  1.23778365758640E+0000  2.54457849457864E+0001
1.321  8.67890472717403E+0000  3.67895627612688E+0000  1.18666700917353E+0001
2.257  2.25700020000000E+0000  2.74299980000000E+0000  2.25700020000000E+0000
1.096  8.87855070307198E+0000  1.11821515186818E+0000  1.20300002661079E+0001
2.110  2.11000020000000E+0000  2.88999979750110E+0000  2.26646339407173E+0001
2.052  4.58701891756861E+0000  2.05200020000000E+0000  2.59025935352884E+0001
1.916  8.08399980000000E+0000  1.91600020000000E+0000  9.21780118682280E+0000
1.323  1.62998195077212E+0000  3.67628633494483E+0000  2.61241347080495E+0001
1.784  5.37311120801718E+0000  1.78400023238764E+0000  2.08502164542602E+0001
0.747  3.93120827293484E+0000  7.50271800520290E-0001  7.50974504164570E-0001
1.133  5.16891633817659E+0000  3.81755136359183E+0000  1.86866701830504E+0001
1.930  5.36885577884022E+0000  3.06999980000000E+0000  1.16851878345096E+0001
2.132  2.14430077726963E+0000  2.27501831988001E+0000  1.40543474628770E+0001
1.490  8.50999980000000E+0000  1.49000020000000E+0000  2.17404824724930E+0001
1.246  5.39204080291847E+0000  3.74508126301989E+0000  2.31744785800487E+0001
1.104  7.34365141737310E+0000  3.84719948787493E+0000  2.17411906470186E+0001
 3.05290186517600E+0001