0.722  9.03770512736461E+0000  4.77393191551812E+0000  7.77944979896041E+0000
0.818  9.99010180668170E-0001  5.54259564481723E+0000  7.90115252783462E+0000
1.963  1.96300028709515E+0000  4.92860902169384E+0000  4.53420712582092E+0000
2.241  7.08866000871075E+0000  2.24100020000000E+0000  6.67252580961428E+0000
0.598  9.40199963192629E+0000  9.40199965159570E+0000  8.31552570688826E+0000
1.968  2.89740283752220E+0000  1.96800054490871E+0000  6.94552536673086E+0000
1.940  1.94000020000000E+0000  8.05999980000000E+0000  6.91750932919294E+0000
1.825  4.70016246172045E+0000  5.50510540254337E+0000  7.08852576000616E+0000
1.033  4.85132857874723E+0000  1.19566064183910E+0000  4.13815839375996E+0000
2.095  7.90499974561910E+0000  7.74517757553061E+0000  6.81014090208891E+0000
0.722  9.15194134135975E+0000  8.73223175045120E-0001  4.74700138855211E+0000
0.818  9.02904899086920E-0001  3.77414003501745E+0000  7.92717207586736E+0000
1.963  1.96300025292760E+0000  7.89548932262433E+0000  1.96300025523356E+0000
2.241  7.75899980000000E+0000  2.26450929641411E+0000  2.24100020000000E+0000
0.598  8.20981316618570E-0001  8.91871653483587E+0000  4.41106898681664E+0000
1.968  2.57592221746862E+0000  1.98140403044244E+0000  1.98582876029949E+0000
1.940  4.85994328895875E+0000  5.26211458146131E+0000  1.94000039153713E+0000
1.825  4.79384188463909E+0000  8.17499933762932E+0000  4.46443129343572E+0000
1.033  8.75836508174969E+0000  5.05025652252437E+0000  4.61897275474529E+0000
2.095  7.90499956235908E+0000  7.90499890198222E+0000  2.09500050431104E+0000
 8.91352600961428E+0000