0.934  9.06599974957929E+0000  4.06599974705198E+0000  2.15436939490692E+0001
1.480  1.48000020927584E+0000  1.48000020000000E+0000  1.48000020000000E+0000
1.847  1.84700022337232E+0000  1.84700020129529E+0000  2.80554501464617E+0001
2.353  2.38632086778739E+0000  2.35300020000000E+0000  2.39210698203337E+0001
1.642  4.81166091760503E+0000  3.35799980000000E+0000  2.69323369218802E+0001
1.062  4.74196541001204E+0000  1.13864706269399E+0000  3.27354711740223E+0001
2.411  2.41100020000000E+0000  2.41100020000000E+0000  8.22774808269976E+0000
1.382  8.61799980000000E+0000  1.38200020000000E+0000  1.59030401681004E+0001
0.569  9.16337999380255E+0000  4.17395958422453E+0000  2.60361463938231E+0001
1.023  7.01025946696821E+0000  1.04214740172128E+0000  1.29301583613117E+0001
0.505  6.64870360701680E-0001  4.16285933197011E+0000  6.31149252908501E+0000
1.951  1.95100020000000E+0000  1.95100020036204E+0000  1.25409658527943E+0001
0.485  5.72132855194770E-0001  4.43774792404604E+0000  2.48446929437003E+0001
1.362  8.63328505153693E+0000  1.36265080884362E+0000  1.11764068912230E+0001
0.571  9.23047641739390E+0000  4.26202202439283E+0000  1.12797656913134E+0001
2.080  7.90201119678696E+0000  2.11752164405458E+0000  2.14641416043933E+0000
1.903  8.09699980000000E+0000  1.92786262210739E+0000  3.20028234671229E+0001
1.738  4.26160739844895E+0000  3.26127216092107E+0000  1.73826176551521E+0000
1.532  6.28550220453869E+0000  1.54639151705489E+0000  8.09485329741871E+0000
2.293  7.56476776949061E+0000  2.29300023896573E+0000  1.93039825601838E+0001
0.616  9.14682963656980E+0000  7.78559849415600E-0001  2.93438791003385E+0001
0.597  4.04158986320884E+0000  7.22111136987680E-0001  1.08912511078826E+0001
1.762  8.23720250414074E+0000  3.23706131298381E+0000  5.91626498423468E+0000
0.963  9.86743698957780E-0001  4.01100308537523E+0000  2.64568835631148E+0001
1.011  1.10871936159614E+0000  3.94075770536007E+0000  1.10629685391473E+0000
0.934  9.34000200000000E-0001  4.06599980000000E+0000  2.15209097085780E+0001
1.480  1.48009789252738E+0000  3.51995377509891E+0000  1.55557024078247E+0001
1.847  5.05350180275941E+0000  1.84735150857718E+0000  4.93639606943378E+0000
2.353  2.35300020000000E+0000  2.35300020000000E+0000  1.91009008440804E+0001
1.642  8.35799980000000E+0000  3.35799980000000E+0000  1.34063427020651E+0001
1.062  1.09475481398197E+0000  1.07071481209920E+0000  1.61583548566725E+0001
2.411  7.53721539016175E+0000  2.41100031710538E+0000  2.40161063759554E+0001
1.382  4.92718048749815E+0000  3.61799979426220E+0000  2.14933061222488E+0001
0.569  7.65667925972920E-0001  7.08190678072100E-0001  3.29446355518277E+0001
1.023  3.52077546201381E+0000  3.95242615011673E+0000  2.92349804830069E+0001
0.505  9.04033573596461E+0000  4.17983710989173E+0000  7.03377808352000E-0001
1.951  5.53854161661375E+0000  3.04899978772632E+0000  1.12007076543510E+0001
0.485  2.86757236406202E+0000  4.37858794972508E+0000  2.15112462532062E+0001
1.362  5.36881754440920E+0000  3.63799966370798E+0000  3.25438233160396E+0001
0.571  9.22588909790709E+0000  4.26864658611769E+0000  3.54153429354091E+0000
2.080  2.08000020000000E+0000  2.91999980000000E+0000  3.18258234735345E+0001
1.903  8.09699980000000E+0000  3.09699980000000E+0000  2.82382677156513E+0001
1.738  5.14494888068321E+0000  1.73800020000000E+0000  2.98800348395882E+0001
1.532  8.42532940957049E+0000  3.46588826821208E+0000  9.19818892696421E+0000
2.293  5.10481906628290E+0000  2.31250967738598E+0000  1.53577506811368E+0001
0.616  9.14989429231373E+0000  4.21142529663047E+0000  3.06991095848716E+0001
0.597  9.15296624076844E+0000  4.24642597547985E+0000  3.29119582837353E+0001
1.762  1.76200022663541E+0000  3.23799980000000E+0000  4.18933218135367E+0000
0.963  5.05812812933382E+0000  4.02659523501705E+0000  1.81373046143947E+0001
1.011  4.90707148441157E+0000  1.01100021310669E+0000  2.56990888154173E+0001
 3.39058236735345E+0001