1.158  4.53994571489460E+0000  1.37592969953181E+0000  1.21717805038289E+0000
1.554 -3.98545285000776E+0000 -1.76763949738968E+0000  1.58691936723265E+0000
1.630  1.67049762797365E+0000 -3.96152218857042E+0000  1.64954513863102E+0000
1.679  3.94193247306700E+0000 -1.43412012891102E+0000  1.72686898995949E+0000
1.648  1.38119601380258E+0000  4.02498247396260E+0000  1.67939062122138E+0000
1.674 -3.81053009204184E+0000  1.71087928194022E+0000  1.73622026653551E+0000
0.663  3.75093185311100E+0000  3.42201936724590E+0000  8.73718291655470E-0001
1.963 -1.13993505927994E+0000 -3.80721313311035E+0000  5.03699979500989E+0000
2.015  2.71578779881176E+0000 -2.82987740333114E+0000  4.98499717616502E+0000
1.018  1.71713216790043E+0000  4.52220971240620E+0000  5.82842600130003E+0000
0.471 -1.27883745063760E-0001 -3.00747227281309E+0000  5.69894314085520E-0001
2.022 -3.81377443006645E+0000 -4.35517210917360E-0001  4.95202434198785E+0000
2.418  3.15304049428450E+0000  1.56305973572804E+0000  4.58199980000000E+0000
0.617 -3.89875335596749E+0000 -3.32099927139726E+0000  4.06830817860542E+0000
1.480 -1.74799424117507E+0000 -4.08193456996307E+0000  1.52997822068899E+0000
2.300 -3.40809661654010E-0001 -6.38080104313250E-0001  2.30000020000000E+0000
0.565  2.26046555456231E+0000  4.66920697466870E+0000  3.91199830099442E+0000
0.852 -4.31535330867691E+0000  2.41450223260172E+0000  5.98765856943826E+0000
1.121  2.20979171943815E+0000  1.37973572581234E+0000  1.14214688360380E+0000
2.379 -1.31598313761107E+0000  3.30590799410140E+0000  4.62099980000000E+0000
h=7.0 R= 5.93720751471113E+0000
