1.815  1.81500020000000E+0000  2.05519422842010E+0000  7.20002954734638E+0000
1.263  4.86130126655708E+0000  3.74120326585564E+0000  4.77678334492783E+0000
0.938  1.02345822138452E+0000  6.51493350799930E+0000  4.63563475140267E+0000
0.543  7.67740285932253E+0000  6.72601279729970E-0001  5.73806698282829E+0000
1.815  1.81500038759997E+0000  3.87851468476399E+0000  4.05168031172531E+0000
1.263  8.67091886866944E+0000  6.18464506267213E+0000  7.34138283921623E+0000
0.938  9.98836210551050E-0001  9.96637901629840E-0001  4.74641316583843E+0000
0.543  2.84806177383729E+0000  5.86302646847020E-0001  3.26078443890475E+0000
1.815  8.06569541644985E+0000  2.05501174491854E+0000  1.81500020000000E+0000
1.263  1.28553747351361E+0000  6.21646101992894E+0000  1.37709183254698E+0000
0.938  9.06199977566170E+0000  9.38000200000000E-0001  4.12555730236544E+0000
0.543  9.26394142220560E+0000  3.88826623946742E+0000  3.12508960119493E+0000
1.815  8.18499980000000E+0000  3.25899344627550E+0000  5.31839961252836E+0000
1.263  1.26300022107602E+0000  1.26300023997889E+0000  2.52574882154498E+0000
0.938  9.06199977587550E+0000  3.38956529868150E+0000  7.92470638864814E+0000
0.543  3.53080750095177E+0000  6.45060287933480E-0001  8.32256452746465E+0000
1.815  4.32361298300624E+0000  5.68499980000000E+0000  1.81500025358052E+0000
1.263  6.19940049567672E+0000  6.23699976765883E+0000  4.19214229374709E+0000
0.938  3.75009019819014E+0000  3.80599661378617E+0000  8.07702952250783E+0000
0.543  6.19937768905966E+0000  6.76320679160109E+0000  6.32904532272160E-0001
1.815  4.15005181671060E+0000  2.05915105823144E+0000  1.81500020000000E+0000
1.263  3.65809588505383E+0000  6.23699978108314E+0000  4.76906026632051E+0000
0.938  9.45661631683280E-0001  2.77029117757722E+0000  9.45613350332810E-0001
0.543  7.26214188327997E+0000  6.81997098027284E+0000  8.40979950709721E+0000
1.815  1.85260931644666E+0000  5.68499980000000E+0000  7.20002932569334E+0000
1.263  3.59105728128577E+0000  1.40783128408829E+0000  4.77090853596187E+0000
0.938  7.22146709891199E+0000  3.71913272167444E+0000  8.07702952315232E+0000
0.543  6.57451782466970E-0001  6.69010801268944E+0000  3.10675032087711E+0000
1.815  5.43704515214197E+0000  1.81500020000000E+0000  7.20002954798445E+0000
1.263  8.57798481084518E+0000  1.26300026282502E+0000  7.62830487506406E+0000
0.938  6.10970038614952E+0000  3.78242861440096E+0000  9.38000822019750E-0001
0.543  7.36269809315743E+0000  2.29878320299360E+0000  8.47202919181234E+0000
1.815  8.07518784867474E+0000  5.68499977055668E+0000  1.81500020000000E+0000
1.263  6.17626125579764E+0000  1.26300020528143E+0000  4.11213818950506E+0000
0.938  6.27119094310962E+0000  3.87077614490590E+0000  3.02379460650144E+0000
0.543  9.32005160231437E+0000  4.82638086580013E+0000  8.42003195464281E+0000
1.815  5.53388353923985E+0000  5.68499980000000E+0000  7.14620220313915E+0000
1.263  8.73699980000000E+0000  6.23699980000000E+0000  4.76989229190067E+0000
0.938  2.15248341168345E+0000  4.21491893684976E+0000  9.54211137520010E-0001
0.543  4.61467348031762E+0000  5.43000200000000E-0001  3.56015896581676E+0000
 9.01502974798445E+0000
