1.359  1.35900020000000E+0000  3.64099980000000E+0000  7.20029825009720E+0000
1.574  8.42599980000000E+0000  1.57400020000000E+0000  9.64207714336538E+0000
1.361  6.27216928064658E+0000  1.38378827757913E+0000  1.45458553304370E+0000
1.359  8.64099980000000E+0000  1.35900020000000E+0000  6.58471325992834E+0000
1.574  5.61532871433876E+0000  1.57400020000000E+0000  7.99698664064376E+0000
1.361  6.07183634431329E+0000  3.63899980000000E+0000  1.29651461459292E+0001
1.359  8.50811942138495E+0000  3.64099980000000E+0000  5.11422130683855E+0000
1.574  8.02408727331948E+0000  1.57400020000000E+0000  1.36991217489105E+0001
1.361  6.04375587924018E+0000  1.36100020000000E+0000  1.14754430303177E+0001
1.359  8.64099980000000E+0000  3.64099980000000E+0000  1.17118063074978E+0001
1.574  1.57400020735305E+0000  3.42599980000000E+0000  1.36991217471871E+0001
1.361  3.81723196441610E+0000  1.37975998759654E+0000  3.69406869014586E+0000
1.359  1.35900020000000E+0000  3.64099980000000E+0000  1.01529089775991E+0001
1.574  1.57400029599872E+0000  1.57400020055669E+0000  1.57400020000000E+0000
1.361  3.67601700583900E+0000  3.63892477522113E+0000  1.16608581132919E+0001
1.359  1.38194188401785E+0000  1.35900020000000E+0000  8.67660361411387E+0000
1.574  1.57400021955816E+0000  3.42599980000000E+0000  4.11958538764370E+0000
1.361  6.34651852259794E+0000  1.36310349394892E+0000  5.10921715604407E+0000
1.359  7.67509676985156E+0000  3.64099980000000E+0000  7.70142046318507E+0000
1.574  8.42599980000000E+0000  3.42599980000000E+0000  1.57400020000000E+0000
1.361  6.27279288171435E+0000  3.63899977377962E+0000  3.55706803981467E+0000
1.359  1.35900022075954E+0000  1.35900020000000E+0000  1.16293925728425E+0001
1.574  4.36667551187994E+0000  3.42599980000000E+0000  5.77868344079840E+0000
1.361  3.65481171682724E+0000  1.36100122442018E+0000  1.01707465913130E+0001
1.359  2.30594614709776E+0000  1.35900020000000E+0000  6.06747117613443E+0000
1.574  4.11958539411305E+0000  1.57400020000000E+0000  1.36991217090025E+0001
1.361  3.64349591763267E+0000  3.63899980000000E+0000  8.67660362767650E+0000
1.359  8.64099980000000E+0000  1.35900020000000E+0000  3.64372935637412E+0000
1.574  4.11958570852023E+0000  3.42599965650668E+0000  1.57400030558531E+0000
1.361  6.21315829932805E+0000  3.63899980000000E+0000  9.99513673176112E+0000
 1.52731219489105E+0001