1.553  5.94713301641651E+0000  8.40201256990037E+0000  4.06624872510604E+0000
1.431  6.11525510747961E+0000  3.78575295780862E+0000  4.18824389685467E+0000
1.557  2.13900248423424E+0000  6.09718155766082E+0000  1.61326185532050E+0000
1.409  4.56085231199912E+0000  1.40900055525130E+0000  4.21024489859795E+0000
1.256  1.25600020710549E+0000  8.74399975776397E+0000  1.25600020000000E+0000
1.561  8.43627576763235E+0000  3.76880411605603E+0000  1.56232643481251E+0000
1.641  8.35899980000000E+0000  5.87350292965897E+0000  3.97824873489586E+0000
1.283  3.24596801740733E+0000  1.28949661990544E+0000  1.30376337718357E+0000
1.267  8.73299980000000E+0000  8.73299968870069E+0000  4.35224848422529E+0000
1.596  6.11800055747411E+0000  1.60354630247643E+0000  1.60284420525807E+0000
1.647  8.34451822457860E+0000  1.64910736431718E+0000  3.97054603079046E+0000
1.637  6.06510922493033E+0000  5.91717952072826E+0000  1.63700020000000E+0000
1.572  8.25110872087770E+0000  8.30054731392591E+0000  1.57973379812916E+0000
1.554  1.62902628940652E+0000  1.55400021814127E+0000  3.80682693740659E+0000
1.509  4.12098710373221E+0000  5.94455402726205E+0000  4.11024873788158E+0000
1.476  1.47600020391357E+0000  4.56137551574004E+0000  4.14324850578369E+0000
1.544  4.15081473462357E+0000  8.45599934674566E+0000  1.54400020000000E+0000
1.398  1.39800128869174E+0000  3.24470726724487E+0000  1.39800047314833E+0000
1.411  4.04620756171314E+0000  3.70269332344731E+0000  2.22794577117862E+0000
1.633  2.12093818284992E+0000  8.36459432138205E+0000  3.98624874439000E+0000
 5.61924894439000E+0000
