1.518 -3.69225963617223E+0000 -1.16998854160874E+0000  1.51800077556351E+0000
1.463  3.50075262650820E+0000  1.78198280942158E+0000  1.46300031393067E+0000
1.513 -2.33542840498097E+0000  3.09615663259240E+0000  5.48699956535576E+0000
0.780  1.40157281022958E+0000  1.04507582525144E+0000  8.39433774474460E-0001
0.567 -5.23659910471670E-0001 -4.79569150930608E+0000  2.06977411194229E+0000
1.982 -3.40341587649823E+0000 -1.98455661652720E-0001  5.01799976431081E+0000
1.934 -2.73137880662898E+0000  2.11938220332144E+0000  1.93400022331499E+0000
0.829  3.08115760280420E+0000 -3.31057504877516E+0000  6.15362483612424E+0000
1.609  3.64481450180840E+0000 -1.01011825302915E+0000  5.39099933628698E+0000
0.600 -9.46013378029290E-0001 -4.62344096405939E+0000  6.33066351432683E+0000
0.673 -4.06200955570972E+0000  2.32020510742665E+0000  4.25012234604291E+0000
1.327 -2.30831374505956E+0000 -3.34505124855926E+0000  5.67299977336407E+0000
1.422 -1.83022918085055E+0000 -3.44314262734483E+0000  1.42200022264314E+0000
0.764 -1.54146866743523E+0000  4.31677519318550E+0000  8.11385122330360E-0001
1.367  2.28407075029673E+0000 -3.31318309922667E+0000  4.08683355685596E+0000
1.598  6.97681035608110E-0001  3.72848290353070E+0000  5.20640284747076E+0000
0.916 -1.35778562213865E+0000  4.20584744346450E+0000  3.48957844952655E+0000
1.080  9.65395251591730E-0001  1.16122857487707E+0000  5.91999976205812E+0000
1.480  3.32446635743690E+0000  2.06043330754210E+0000  5.49595187280825E+0000
1.741  9.80360044896997E-0002 -1.44044194238883E+0000  5.25890839207895E+0000
1.104 -3.19701375142157E+0000 -2.85642451816792E+0000  3.46365152210446E+0000
1.348  1.82705197211725E+0000  7.62615468630380E-0001  3.47827838685772E+0000
1.747  3.36555291237310E+0000 -1.39757835231598E+0000  1.88277957565046E+0000
1.755 -3.20932648941360E-0001 -6.67450351149780E-0001  1.75500056723272E+0000
1.266 -6.30995533731350E-0001  1.29409718818686E+0000  4.20435705186146E+0000
1.495  1.14221031568520E+0000 -3.72501079005173E+0000  1.49500024986608E+0000
1.141  7.38591267471880E-0001 -4.18552954056829E+0000  5.85899962437561E+0000
1.808  7.42145704724550E-0001  3.50549860737540E+0000  1.80800026662681E+0000
1.316 -5.85664172535170E-0001 -4.03289322560999E+0000  3.79023480037273E+0000
0.619 -4.37801649030950E-0001  1.56721111515195E+0000  6.84350712267890E-0001
h=7.0 R= 5.39119721430971E+0000
