1.460  1.46486162007205E+0000  3.33796211113303E+0000  4.06555364043619E+0000
1.410  3.97445199066394E+0000  1.55149354311501E+0000  3.18939720166502E+0000
1.165  4.33499979801521E+0000  4.03739461964154E+0000  3.82679780059460E+0000
1.294  1.45494068263910E+0000  1.29400027170895E+0000  7.11673232832327E+0000
0.713  4.73343404534671E+0000  7.47478100168350E-0001  5.09628387732597E+0000
0.962  4.53799980000000E+0000  9.62000223391850E-0001  9.62000200000000E-0001
0.579  2.85873260945484E+0000  6.31016597633576E+0000  5.67649188739454E+0000
0.794  4.70244167836292E+0000  6.09031345835970E+0000  7.60384158552984E+0000
1.116  2.84672707534393E+0000  5.74033372907040E+0000  7.29473237171171E+0000
1.183  1.18300021718095E+0000  5.71699950422956E+0000  2.84186645508245E+0000
1.138  2.79903424821536E+0000  5.69595895457731E+0000  1.13800022905746E+0000
1.023  1.02300020000000E+0000  1.02300092239886E+0000  4.84836050137008E+0000
1.233  4.26699979970314E+0000  3.80651786941838E+0000  7.17773237063803E+0000
0.692  4.80799964850429E+0000  6.20799969928325E+0000  4.10006358009181E+0000
0.703  2.93472054081008E+0000  2.50101481763546E+0000  7.70757601244408E+0000
0.861  2.80117391121754E+0000  2.70823341864491E+0000  6.16286107342315E+0000
1.144  1.18614759411831E+0000  1.14400070364305E+0000  2.69090068265328E+0000
1.063  3.04769847202272E+0000  5.83699980000000E+0000  4.08806797283637E+0000
0.721  4.67339165256198E+0000  6.00934437306302E+0000  7.45903313908420E-0001
1.222  4.27799980000000E+0000  1.22200020000000E+0000  7.18873241009780E+0000
0.508  2.87325435584020E+0000  5.08000272404730E-0001  7.90273233179374E+0000
0.807  8.07000433357970E-0001  8.07000334272050E-0001  8.07000234781210E-0001
0.589  2.64955393898342E+0000  2.87162138741470E+0000  2.42456673628030E+0000
1.021  3.00346888327741E+0000  1.02100020320661E+0000  5.35400608187988E+0000
1.353  4.14210636431226E+0000  3.60909150534032E+0000  1.35300020000000E+0000
1.015  4.48499980000000E+0000  2.49787076223841E+0000  5.36295145216712E+0000
1.292  1.29200020828770E+0000  3.90994699087224E+0000  7.11873240200624E+0000
0.583  2.33323274418673E+0000  6.08122004444180E-0001  3.91056561404019E+0000
1.018  4.48199976370321E+0000  5.75256765917803E+0000  2.48438811243034E+0000
0.765  2.79492614729822E+0000  4.56893132671353E+0000  2.72096387019661E+0000
0.882  8.82000231090070E-0001  6.01799956943866E+0000  7.52873206919713E+0000
1.200  1.20000020079995E+0000  5.69999978394274E+0000  5.38745742094674E+0000
0.923  2.87520002480406E+0000  4.42270112085678E+0000  5.65079115157090E+0000
0.658  6.58000228394100E-0001  2.55986006052754E+0000  5.86262284403458E+0000
0.579  5.79000738827650E-0001  2.15497303969833E+0000  5.79000740742590E-0001
0.856  8.56000211517850E-0001  6.04399976787786E+0000  8.56000230574090E-0001
1.088  2.63304106891782E+0000  1.70883333725804E+0000  1.08800030084161E+0000
1.083  4.41699975950609E+0000  5.70171147498002E+0000  5.75578634092094E+0000
0.559  4.88799219052038E+0000  4.09444262657993E+0000  5.48897641385271E+0000
1.319  1.32251586258427E+0000  3.73674187981135E+0000  1.31900021060197E+0000
a=5.5 b=6.9 h=8.41073261009780E+0000
