0.630  5.69790872090914E+0000  9.93540363198900E-0001  1.46176387896962E+0000
0.981  3.32706850976230E+0000  9.81000218351290E-0001  1.11076376943317E+0000
0.630  9.36999980000000E+0000  4.36999979831434E+0000  1.46176389072344E+0000
0.981  9.01520022438576E+0000  9.81000200000000E-0001  9.81000212355930E-0001
0.630  6.57175588777847E+0000  6.30000280053220E-0001  6.30000210438930E-0001
0.981  4.81547860660004E+0000  2.25270910104557E+0000  9.81000311276120E-0001
0.630  8.37354993755955E+0000  2.43716051743805E+0000  6.45976018058580E-0001
0.981  1.28945432704906E+0000  1.00259595356402E+0000  1.06354240670364E+0000
0.630  6.62046836460830E-0001  2.45969990965513E+0000  6.71905552814070E-0001
0.981  5.92889364751444E+0000  4.01899955838051E+0000  9.81000331317730E-0001
0.630  9.36999973522585E+0000  2.47709708650929E+0000  1.46176389332134E+0000
0.981  3.97118911966082E+0000  4.01899968292203E+0000  1.11076387735621E+0000
0.630  4.82406148541459E+0000  6.30000295048880E-0001  6.30000243607420E-0001
0.981  7.88981021539999E+0000  3.95379365288178E+0000  9.81000384033690E-0001
0.630  9.36999980000000E+0000  3.42354844038153E+0000  6.30000200000000E-0001
0.981  6.80913523573448E+0000  2.21357600757040E+0000  1.06991049927152E+0000
0.630  7.51820730449692E+0000  6.30000349631390E-0001  1.46176386954464E+0000
0.981  2.48277924143616E+0000  2.74729089148351E+0000  9.81000345789150E-0001
0.630  2.47419629158245E+0000  4.36999978533405E+0000  6.30000205064510E-0001
0.981  9.81000200000000E-0001  4.00318371688835E+0000  1.11076387283047E+0000
 2.09176409332134E+0000
