2.183  2.25782026869269E+0000  5.24034604089852E+0000  5.13618887900595E+0000
1.733  1.74170959302588E+0000  5.76699980000000E+0000  1.48649278520979E+0001
0.694  7.02224269873670E-0001  6.98874377468370E-0001  7.01807785836690E-0001
2.450  4.33614445853047E+0000  2.45000020413966E+0000  1.41479278665131E+0001
1.433  4.16146124172527E+0000  6.06699980000000E+0000  8.09731276150024E+0000
1.410  1.42858309795084E+0000  1.61397217171132E+0000  1.13398217668860E+0001
0.600  6.11909182330450E-0001  6.12276671426450E-0001  6.33200889588884E+0000
0.708  3.00832289585409E+0000  7.17637305406320E-0001  1.02288498581008E+0001
1.632  8.36799980000000E+0000  1.63200020000000E+0000  1.16066231637298E+0001
0.622  6.44551058373370E-0001  6.43633092616260E-0001  9.70402559688837E+0000
2.035  2.13089392458577E+0000  2.03500020000000E+0000  7.96503059073258E+0000
1.294  4.72673982024893E+0000  6.15500073120371E+0000  1.53007064523125E+0001
1.180  1.18000050573672E+0000  1.18000023470020E+0000  1.54139292725401E+0001
0.430  6.51727496714041E+0000  4.97882714911870E-0001  8.64514936827691E+0000
1.680  8.31999980000000E+0000  1.68000036089827E+0000  1.49179278555811E+0001
1.214  5.66150497339437E+0000  1.21400030308415E+0000  7.20861351607779E+0000
1.697  8.30299963279031E+0000  1.79984606055216E+0000  8.28249182698878E+0000
1.237  5.01367152334590E+0000  3.56412089163778E+0000  7.72551042860338E+0000
1.303  1.33579567753688E+0000  1.36287819117947E+0000  4.72323016828649E+0000
1.907  4.50813803979953E+0000  1.90700020956822E+0000  4.39256315009553E+0000
1.271  4.57187390136060E+0000  1.28109483429363E+0000  1.27409164391202E+0000
1.757  5.25192632183426E+0000  1.75700020000000E+0000  1.01007131424247E+0001
1.820  1.82842563211716E+0000  2.61217365235809E+0000  1.88923753209075E+0000
0.574  5.83474392261940E-0001  6.91719736650731E+0000  9.61384032537258E+0000
2.384  7.58553790529789E+0000  4.87346681093136E+0000  5.53855808354151E+0000
1.546  1.54600027122539E+0000  5.95399977286143E+0000  1.54600020170884E+0000
0.792  7.92000200000000E-0001  4.50039598701786E+0000  7.61700989021590E+0000
2.200  2.20000035199217E+0000  5.13574097375053E+0000  1.10100641536696E+0001
1.331  8.66899980000000E+0000  1.33100020788185E+0000  5.25879254140928E+0000
2.057  7.94299980000000E+0000  5.44299974600611E+0000  1.45409278678248E+0001
1.670  8.32999980000000E+0000  5.82999980000000E+0000  1.67000020000000E+0000
1.015  1.03240830696674E+0000  3.31725051568860E+0000  1.34526467302157E+0001
1.290  5.04948794942289E+0000  6.19663934529310E+0000  1.27338329479366E+0001
1.947  4.85501217295224E+0000  4.86541523529444E+0000  1.94700020000000E+0000
0.964  9.64000313140640E-0001  3.30171711315035E+0000  1.56339277505013E+0001
2.307  7.41913254268446E+0000  5.19299980000000E+0000  1.02157038674118E+0001
0.856  8.74759138822500E-0001  8.71197278622980E-0001  1.34162222473579E+0001
1.148  1.14800021443662E+0000  6.35199980000000E+0000  8.07354976452950E+0000
0.514  9.41769364585289E+0000  5.45363683532720E-0001  6.79689615642394E+0000
2.071  7.73949373703104E+0000  2.07100605241868E+0000  2.07100047667104E+0000
 1.65979280678249E+0001