0.964  1.09028742936507E+0000  3.94943101049574E+0000  6.67988009116000E+0000
0.808  3.84001136509131E+0000  8.96764386008550E-0001  6.75986816088389E+0000
0.958  8.96089672678160E+0000  9.91613573788930E-0001  6.71087724694718E+0000
0.684  3.80611367379980E+0000  4.09581269703173E+0000  3.51611151107787E+0000
1.583  8.29025164015623E+0000  3.41699980000000E+0000  6.15547798372448E+0000
1.604  3.88227357123553E+0000  3.39599972902243E+0000  6.13447798651776E+0000
1.248  8.75199980000000E+0000  1.24800020000000E+0000  4.39570739166974E+0000
1.276  3.68636197864162E+0000  3.72399980000000E+0000  1.27600022255147E+0000
0.931  9.58819372556910E-0001  4.05109222421402E+0000  9.59336439673450E-0001
1.652  1.65200020000000E+0000  1.65200020000000E+0000  1.65200020000000E+0000
1.192  6.39240229810927E+0000  3.80649138380491E+0000  1.19234292864207E+0000
1.452  1.48932622304846E+0000  1.45468548185295E+0000  6.28396342442611E+0000
1.220  8.77999979979750E+0000  3.77999980000000E+0000  3.34828815239064E+0000
1.621  6.11473863394289E+0000  2.93568639698424E+0000  3.85306636587417E+0000
1.367  3.56350134344670E+0000  1.37090813867834E+0000  3.97805343415768E+0000
1.351  6.12636316768047E+0000  1.36035539793470E+0000  6.38043245053697E+0000
1.622  8.11672459932998E+0000  1.62200023112879E+0000  1.62200020000000E+0000
0.901  9.40053416833290E-0001  9.39406719482930E-0001  4.02622079651729E+0000
1.422  5.08589326667460E+0000  1.42200020000000E+0000  1.42200020000000E+0000
1.489  1.48900020000000E+0000  3.51099980000000E+0000  4.17854623665002E+0000
 7.73847818651776E+0000
