1.000  1.34793862497602E+0002  1.98500471862463E+0002 -2.02579248681555E+0002
2.000 -4.52278154107846E+0001 -1.46941872386111E+0002 -1.57229744561097E+0001
3.000  1.69092143422481E+0002 -2.20208504020311E+0002  1.32552691740382E+0002
4.000  1.31678958632685E+0002 -8.11374759810219E+0001 -2.65294372539380E+0001
5.000  1.73030879647811E+0002  2.60226014285148E+0002 -2.07792414391872E+0001
6.000 -1.95381200601252E+0002 -1.95769632411592E+0002  1.53818996894823E+0002
7.000  1.23286454415159E+0002  1.35712175805033E+0002  8.54268345553862E+0000
8.000 -4.26702297779151E+0001  1.69323229982363E+0002 -4.49976968567105E+0001
9.000  1.71205721855416E+0002 -7.45385455697050E+0001 -2.47103042995402E+0002
10.000  2.96973797923391E+0002 -2.97168025390967E+0001  1.05659742361232E+0002
11.000 -2.69968148078434E+0001  2.98324514711133E+0002 -8.58459866551567E+0001
12.000 -5.45268203805394E+0001 -2.81366154988549E+0002 -1.32533161280813E+0002
13.000  1.98628907732762E+0002  2.18647281016984E+0002 -1.10003876493878E+0002
14.000  8.65344636531626E+0001 -1.34177033529623E+0002 -2.85855419258762E+0001
15.000  2.43129273964266E+0002 -1.76715366859011E+0001  2.00601070291603E+0002
16.000 -2.48985741963447E+0002  1.33829836305353E+0002 -1.24492870981723E+0002
17.000 -2.62920753753569E+0001 -1.18216961132160E+0002 -2.86291487420553E+0002
18.000 -1.94623297029474E+0001  1.41491136940428E+0002 -2.75391965296707E+0002
19.000  1.17077120126501E+0002 -2.91430774974924E+0002  3.16477124056713E+0001
20.000  3.13057441762971E+0002  1.75218717404648E+0001  5.00346781922161E+0001
21.000 -1.53388980197611E+0002 -2.70617820576774E+0002 -2.25514850480646E+0001
22.000  1.98677926554339E+0002  1.86406642855395E+0002  1.57968429838793E+0002
23.000  1.81713812421165E+0002  1.05479798841040E+0002 -2.39425495336041E+0002
24.000 -6.91139051275258E+0001 -1.18813791960802E+0002  2.81114984900723E+0002
25.000 -3.70985488606699E+0001 -2.83580530558001E+0001 -3.12327050094017E+0002
26.000  2.43158313273129E+0002  1.91885314308188E+0002  6.48681123268571E+0001
27.000 -2.73365808269700E+0002  1.25244193008671E+0002  7.94893485039555E+0001
28.000  2.61379455703155E+0002 -1.64356643638138E+0002 -4.94816341531585E+0001
29.000 -1.54776560739892E+0002  2.66494980522070E+0002  4.69372527557066E+0001
30.000  9.24936467716269E+0001 -2.36954373909702E+0002 -1.65790498930275E+0002
31.000  9.69194052132589E+0001 -1.62499601555164E+0002 -2.48585699998079E+0002
32.000 -1.06945705424979E+0002 -1.85431344844950E+0002 -2.27406713022387E+0002
33.000 -1.46306672759360E+0002 -6.89174313731949E+0001 -1.12511376001205E+0002
34.000 -2.20717988588456E+0002  1.89650000669113E+0002  1.10034361169811E+0002
35.000 -1.12091592605102E+0001 -3.05470202120651E+0002  4.88940479499925E+0001
36.000 -2.93849962663320E+0002  7.90125670284519E+0001 -5.14088169531861E+0001
37.000  1.61423704490967E+0002 -2.51344791738293E+0002 -7.63280095492821E+0001
38.000 -2.69257866555989E+0000  7.30182407306103E+0000 -1.87272284932664E+0001
39.000 -3.02421438954478E+0002 -1.92701470969726E+0001 -4.62345872385959E+0001
40.000 -8.86623917955896E+0001 -2.90159094893333E+0002 -3.60874005436888E+0001
41.000  5.73496018284828E+0001  2.98569631892287E+0002  1.76843227715236E+0001
42.000  7.17385188208860E+0001 -1.16315693788987E+0002  2.71036333886683E+0002
43.000  1.60913322460359E+0002  8.31170818868006E+0001  2.42342369449115E+0002
44.000  2.94219351427689E+0002  6.59014226962827E+0001 -1.34197220190217E+0000
45.000  2.63273300829289E+0002 -3.99033993079506E+0001 -1.39082850134162E+0002
46.000 -2.87969268528909E+0002 -7.45393219629817E+0001  3.52521183723132E+0001
47.000 -2.20201268094921E+0002 -1.08874043116605E+0002 -1.69661083901048E+0002
48.000 -2.22188166640405E+0002 -1.96878768943735E+0002 -1.34634917367606E+0000
49.000 -9.21593067567800E+0001  1.53055159586906E+0002 -2.36680484051218E+0002
50.000 -1.28435761795417E+0002  2.78938201935739E+0001  2.64709236554215E+0002
51.000 -1.11491862859847E+0001  2.05580998382459E+0002 -2.10634413172740E+0002
52.000  7.16021608818969E+0001  7.68386440927554E+0001  2.74108695486518E+0002
53.000 -2.61588441488421E+0002 -4.07147094370103E+0001  1.24476266018761E+0002
54.000 -1.49522667429411E+0002  6.76149671362606E+0001 -2.40972291299496E+0002
55.000  6.40994555491136E+0001  5.35220120516783E+0001  1.69949938161687E+0002
56.000 -6.09938582017813E+0001  1.53635209955825E+0001  1.44922519417213E+0002
57.000 -2.33849633911751E+0002 -1.42430869584400E+0002  9.07829235541254E+0001
58.000 -1.76012347179283E+0002  1.50706744517816E+0002 -1.70256427730900E+0002
59.000  2.62770374668873E+0002  5.69800512139882E+0001 -9.90507244292968E+0001
60.000 -4.21472840786949E+0001  5.46958494502920E+0001 -2.77059642891562E+0002
61.000  1.93825168161870E+0002  1.35128800345349E+0002 -1.58543016659192E+0002
62.000  1.26436279046939E+0002 -1.62048619131164E+0002  1.95319973517524E+0002
63.000 -2.78004064190356E+0002  3.39856001884908E+0001  3.72616321554811E+0001
64.000 -2.52318460150416E+0002 -1.07607400541534E+0002 -6.34166360684449E+0001
65.000  5.08032457237277E+0000  2.43826032419310E+0002  1.38456441057604E+0002
66.000  1.01564787395170E+0002  1.64939290555531E+0002  2.01551693991903E+0002
67.000 -1.23380628237380E+0002  2.15056022042593E+0002  1.26938984867752E+0002
68.000 -8.88544495796349E+0001  2.31663161863670E+0002 -1.24363827809142E+0002
69.000  1.86096569042546E+0002  1.34606121608470E+0001 -2.04112937561559E+0002
70.000  2.22426328400194E+0002 -9.56679178285260E+0001  1.31519228031947E+0002
71.000  5.93432385866092E+0001 -2.46328280013251E+0002  1.05706217686363E+0002
72.000  2.19768919589165E+0002  1.59990630383436E+0002 -3.04890730228902E+0001
73.000 -2.23333630656185E+0000 -1.81585769260875E+0002 -2.03225246847040E+0002
74.000  1.39983052268696E+0002 -3.13901728379994E+0001  2.30551945089376E+0002
75.000 -1.11078968684057E+0001 -1.71200725947973E+0002  2.09188050085310E+0002
76.000 -5.41957563445362E+0001  2.63779115136980E+0002  1.16631622877484E+0001
77.000  2.83062848998384E+0000 -8.24659377530810E+0001 -9.07547292381832E+0001
78.000  1.30230257982489E+0002  2.22158455311736E+0002  7.25545645085569E+0001
79.000  7.59325068600114E+0001  1.11041740377722E+0002 -2.30105124341274E+0002
80.000 -1.02425136535386E+0001 -2.62348651209940E+0001  2.64043787865665E+0002
81.000  1.77820624620753E+0002 -1.94119015689574E+0002  2.60739153686632E+0001
82.000  5.67302377493785E+0001 -4.71601937227696E+0001 -2.53005393770319E+0002
83.000  2.56425608537846E+0002 -5.50414155273920E+0001 -1.20166135604733E+0001
84.000 -4.28777556761703E+0001  1.30406801743935E+0002  2.22619699766546E+0002
85.000 -2.23221035865852E+0002  2.10519605013661E+0001 -1.32706697457956E+0002
86.000 -1.08190591637467E+0002 -6.53786097381838E+0001 -2.26676493537804E+0002
87.000 -1.48554274779056E+0002 -8.70189439355343E+0001  1.92880917381331E+0002
88.000 -1.91761935304706E+0002  7.84164993510822E+0001  1.52989694786761E+0002
89.000 -1.32339795090091E+0002 -1.91826432149596E+0002 -1.07249000498751E+0002
90.000 -5.10393622223262E-0001  1.12617433222022E+0002  5.43718216575994E+0001
91.000  1.16132098721746E+0002  3.82883085364097E+0001 -6.23788204077812E+0001
92.000  3.39146251511460E+0001 -2.45103521596487E+0002 -5.52934326232227E+0001
93.000 -5.37201712095785E+0001  7.45483070939096E+0001 -1.23135892786964E+0002
94.000 -1.03274268497318E+0002 -2.16737026592328E+0002  7.50507764615693E+0001
95.000  1.59654109437056E+0002 -1.34508786837323E+0002 -1.38524383867357E+0002
96.000  7.52961146407689E+0001  2.19184013172505E+0002 -9.25193437835226E+0001
97.000  2.10554506586266E+0002  6.97761680929011E+0001  1.12120348189975E+0002
98.000 -1.89850246394370E+0002  1.58136688192890E+0002 -1.50491067423595E+0001
99.000 -1.29392067895452E+0002 -3.50602440710458E+0001  1.52917736111791E+0001
100.000  5.50705314259358E+0001 -7.27576200129882E+0001  8.05242542434468E+0001
 3.45541522565632E+0001