1.000  1.88617460103060E+0001 -3.10150286612814E+0001  1.42345787624575E+0001
2.000 -1.23514075477860E+0001 -3.68316747596140E+0001  7.06589530886855E+0000
3.000  2.91167585325723E+0001  2.47409362293258E+0001  8.43776705731486E+0000
4.000 -3.75868905579595E+0001  1.13983913674286E+0001 -8.89630545750517E-0001
5.000  2.93947356422260E+0001 -2.47019242951956E+0001  1.31177010094158E+0000
6.000  3.75942182633163E+0001  7.32690459034686E+0000 -5.00148902766750E+0000
7.000 -3.71386121788674E+0000  2.37284630522124E+0001 -2.86863763036769E+0001
8.000 -3.17079520530073E+0001  1.43392649411689E+0001  1.66159216027629E+0001
9.000 -1.76989748353927E+0001 -2.83546653260343E+0001 -1.69365574578681E+0001
10.000 -3.26179963878857E+0001  4.35372572803781E+0000 -1.66450785115700E+0001
11.000 -6.13486412821651E+0000 -9.91683072057350E+0000  3.38974283945255E+0001
12.000  3.58838708194504E-0001 -2.81909904938000E+0001  2.07957920862577E+0001
13.000  9.42623968251890E+0000  3.01386643994256E+0001  1.24490622729624E+0001
14.000  2.64718333849032E+0001 -1.00551192129532E+0001 -1.70096857111978E+0001
15.000 -9.99196726826611E+0000  1.50331387478840E+0001  2.64630259607545E+0001
16.000  6.34379485142549E+0000 -2.96705969027744E+0001 -6.51704962520609E+0000
17.000  1.74635221004941E+0001  1.95171261197681E+0001 -1.47003667545476E+0001
18.000 -1.58222384462169E+0001  2.38663893116386E+0001 -4.79368442796011E+0000
19.000 -6.58847698438960E+0000 -4.32868892136950E+0000 -2.69019550404368E+0001
20.000 -2.33729018780013E+0001 -1.12479528290891E+0001  7.61481199610690E+0000
21.000  2.00617840442722E+0001 -2.07589440312191E+0000  1.64603588220905E+0001
 4.70332102676425E+0001
