0.443  6.57032665297930E-0001  6.41328686657740E-0001  2.53843610756870E+0001
1.477  4.91175347848206E+0000  1.47700020000000E+0000  2.11247177010300E+0001
2.210  2.21000020044645E+0000  2.21000020196264E+0000  1.50490140187481E+0001
1.686  8.31399980000000E+0000  1.68600020000000E+0000  1.99014931057605E+0001
1.215  8.78499980000000E+0000  3.78499980000000E+0000  1.41773661673345E+0001
1.282  4.88306967439186E+0000  3.71799980000000E+0000  8.27992448427414E+0000
2.394  7.60599980000000E+0000  2.39400020000000E+0000  2.39400020000000E+0000
2.389  2.38900020000000E+0000  2.61099980000000E+0000  2.38257767036713E+0001
1.845  5.57853472289304E+0000  1.84500020000000E+0000  1.76744068221817E+0001
1.724  3.97313390395973E+0000  3.27599980000000E+0000  1.16976913524553E+0001
1.372  5.05459440321052E+0000  1.37200020000000E+0000  9.50898233113560E+0000
1.391  8.35745011005154E+0000  1.40744828837586E+0000  1.52203197029905E+0001
0.776  9.08244339513950E+0000  9.06595152197730E-0001  1.74544053274353E+0001
2.123  2.12300020000000E+0000  2.87699980000000E+0000  1.93294853789144E+0001
0.465  3.62166250661572E+0000  4.37956181281999E+0000  5.89489753889339E+0000
0.443  9.35791492518768E+0000  6.42085072461400E-0001  6.42085183968460E-0001
1.477  8.46196348873599E+0000  3.50126360948257E+0000  1.72426998492845E+0001
2.210  7.78999979376111E+0000  2.21000020534321E+0000  7.06758731963101E+0000
1.686  5.93893693355419E+0000  3.31399980000000E+0000  1.44837777089799E+0001
1.215  5.54818598118616E+0000  3.78499980000000E+0000  5.01228321464595E+0000
1.282  6.16071900650560E+0000  3.71799980000000E+0000  2.01097846944279E+0001
2.394  7.51252462444296E+0000  2.57706948002173E+0000  2.38125050206602E+0001
2.389  2.68484985832358E+0000  2.38900022337383E+0000  2.38900020000000E+0000
1.845  1.84500020000000E+0000  3.15499980000000E+0000  8.83514532769255E+0000
1.724  3.87259191229156E+0000  1.72400020000000E+0000  6.27021340282080E+0000
1.372  1.37200020000000E+0000  3.62799980000000E+0000  5.68845919746131E+0000
1.391  1.42324575931516E+0000  1.41923102038710E+0000  1.15791591556424E+0001
0.776  9.04993200774120E+0000  4.08023387423195E+0000  2.09933366065142E+0001
2.123  7.87699980000000E+0000  2.12300039114875E+0000  1.14286317703463E+0001
0.465  5.14381670847447E+0000  4.27277073520045E+0000  7.43670405184390E-0001
 2.62147769036713E+0001