1.000 -1.44414974939485E+0001  7.30547721988529E+0000  2.55503417200628E+0001
2.000  1.62604363711243E+0001 -2.37623677995553E+0001 -5.10131337133311E+0000
3.000 -7.96441029763491E+0000  2.65917604996328E+0001 -1.02881441256507E+0001
4.000  2.18310348784016E+0001  1.17005375290063E+0001  1.54574193873614E+0001
5.000 -2.94665538386957E+0000  2.73777854653197E+0001  9.23161022161665E+0000
6.000 -2.39712474067572E+0001  5.18297241227188E-0001 -1.51046624586207E+0001
7.000  1.95763530144930E+0000 -2.64614156065626E+0001  1.05666772713610E+0001
8.000 -2.54647274410578E+0001 -1.05488792355257E+0001  3.94828320064439E+0000
9.000  9.02401303081581E+0000  1.08719301729121E+0000 -2.55390793737223E+0001
10.000  2.11627430299758E+0001 -8.17570252113789E+0000 -1.29023258537128E+0001
11.000 -8.79591151737671E+0000  1.05153803293871E+0001 -2.11471123501158E+0001
12.000  3.01415502880721E+0000  1.13931082435220E+0001  2.11388143337119E+0001
13.000 -9.20632793437230E+0000 -1.02746287581315E+0001  1.86550021884715E+0001
14.000  1.66452563781987E+0001 -9.88006692637979E+0000  1.08742476829641E+0001
15.000 -1.73238264632510E+0001  1.17456822119637E+0001  3.38371015533211E+0000
16.000  1.23214839558779E+0001  1.52114171545378E+0001 -4.99152268041350E+0000
17.000 -5.03113458604149E+0000 -1.51669776531488E+0001 -1.06474370867693E+0001
 3.62020186884938E+0001
