107.077865880723
79.4191996538966 -70.3147325901137 0 1.00000027589829 
-96.0753278165655 42.4089251133809 0 1.99999969859409 
68.6246281968204 29.9312458867409 0 1.99999969856003 
40.5691126613466 91.4748659004431 0 7.00000009331544 
63.9250514861332 -84.6388969336073 0 1.00000027592149 
33.8622175023539 -44.4276666299621 0 13.3964930088291 
24.9078278913951 -99.2698371633309 0 4.73090584253573 
97.7208447498578 2.01455646976274 0 9.33625899697402 
87.4593954082806 25.2351601526204 0 16.0506228776449 
64.6214804072728 -77.4702588675168 0 6.19389038903235 
-43.6429566810849 -90.660883686889 0 6.4592628746485 
-0.541254913555504 -15.447268877307 0 19.4445538628643 
90.0326582712718 -20.7444522535304 0 14.6862447969195 
-21.5798133986371 -88.8125463864189 0 15.6811671644026 
13.258341167436 84.9880448141796 0 21.0618721460759 
0.334468199749473 -57.4564609990984 0 22.5737648971878 
-65.0445801005567 43.7838973091686 0 28.6697866467439 
7.52729549470443 -93.0422246631727 0 13.7316525806696 
86.7535331221065 25.5593193853789 0 16.6375313330973 
69.3764168414268 -50.3094806833046 0 21.3799611910148 
54.1425399378048 56.859546672214 0 28.5640294998543 
38.0752628941997 -77.9162616296608 0 20.3560734844445 
-40.7685096904748 -1.84925289499092 0 23.0188193332531 
54.1425399412192 56.859546670587 0 28.564029497965 
-65.0445801003385 43.7838973096398 0 28.6697866465406 
-1.26224195496791 34.9921326519827 0 31 
-94.4179817793796 -8.15536292492696 0 31 
-29.4711445536365 79.8346107997881 0 21.9772592337316 
-53.1536930691387 -54.4290980093663 0 31 
48.1884294602417 -2.4061450901365 0 31 
