103.210384614161
-64.2215537164847 -78.1144612083646 0 1.99999987184939 
-8.97948606984351 41.3036426994839 0 1.0000001044641 
100.216428483935 -16.9880538179936 0 1.00000010446724 
-15.9055309647194 94.8825713493753 0 7.00000004340255 
17.8052089544956 -99.6238696791066 0 1.99999987185838 
32.4268663753941 -11.7215246919879 0 11.7326601858841 
-0.512702947954917 50.1180165240727 0 9.58284576958499 
71.3076737709686 -66.7359405201706 0 5.545294377301 
-67.3985840443059 -58.5321709458497 0 13.9434593476305 
29.9040029621442 -86.7860147522786 0 11.4168035632516 
-92.2440055206075 -1.87193631494056 0 10.9473883964472 
-38.7083968863689 -33.9786782618775 0 22.9142964843235 
-79.7610836778953 -28.5394745313882 0 18.4971514763116 
6.7608386833221 -90.8745126357349 0 12.0847254353515 
-79.870687191763 40.0677285557804 0 13.852960056737 
-4.01978956929544 9.99487095501905 0 30.6932818926538 
-76.7835748335463 59.6552271597798 0 5.97632037649436 
-39.811943115563 60.2440782151157 0 31 
-91.2210198141215 19.0682093618001 0 10.0177302229192 
23.3961200301777 46.1208802508289 0 14.6578000946719 
61.9179030261613 70.630204640546 0 31 
9.52918613334869 80.3623700021816 0 22.2850134133602 
48.6455892660169 18.6228785611332 0 22.6741672702178 
-34.0910065929164 -85.7720956094053 0 29.0845339005823 
-58.7837647857001 8.52339924473406 0 24.090458367124 
-39.8119431154967 60.2440782149995 0 31 
70.9614125859096 -30.1922861730226 0 31 
12.4767545651396 -48.8021691886375 0 30.3741225153769 
102.105130404295 23.4180573692621 0 31 
51.4947243378564 -71.7517215988576 0 14.8926855421612 
