91.6486689206651
58.3092389437491 12.6648348711795 0 4.58297893012445 
-83.9179528165079 30.0169629882062 0 1.99999998000324 
-89.6828176655619 11.5711064043208 0 0.99999999000275 
61.7605456400142 59.8354707543226 0 5.65652757847167 
-0.169134775468183 -86.6822216151539 0 0.999999990002732 
-36.6013138486306 -43.6845157975421 0 3.95127981125663 
49.6616284225552 -24.314447615154 0 9.30568873692053 
63.6357075420624 35.4421080229777 0 18.80880248784 
-8.36643512214237 84.2329565782216 0 7.00123524211913 
33.3378824822666 -32.4755082481439 0 8.94445074013146 
-14.7006779495337 -10.7447997613834 0 10.6224532145066 
-2.11488672407814 38.3457424823295 0 9.99721913380841 
19.193688991139 -97.3354577773875 0 20.5551174714578 
-64.3612359996322 37.1098121573511 0 17.3552863032095 
48.3146114160655 -53.299263653107 0 19.7104104565184 
-80.9987479138636 16.7529505394505 0 8.93556029839154 
-58.6378713627214 -66.0179310473411 0 27.4237309471172 
-64.3612359996321 37.1098121573514 0 17.3552863032093 
-61.6311630133514 7.23429292043789 0 12.6447127767948 
-2.31750962172027 -50.4825121526428 0 31 
63.6357075420622 35.4421080229772 0 18.8088024878404 
-95.3040718458878 -20.5325253769582 0 31 
-2.31750962172094 -50.4825121526435 0 31 
-28.5902889478797 19.3935182445962 0 22.5624756202883 
-29.1405987514539 60.2049277212218 0 24.7621405459487 
23.3198885883013 6.19229456047465 0 31 
26.0552258441413 68.1319266345243 0 31 
58.258842838054 -63.6925694591394 0 31 
86.7999184276717 -8.65251953583768 0 31 
-44.0079403910312 -20.5959748767696 0 20.2961702893359 
