91.648668921192
69.8263578097751 -10.7860976960103 0 1.96539624282869 
69.0781625682292 57.0056930761916 0 1.77271701924141 
-88.62996107197 -8.50872932342727 0 1.91984575603386 
91.1831909407984 -3.36818939957376 0 0.403291817885237 
-47.4865202855467 -69.1866290306282 0 6.9387491640108 
46.5234385839843 69.9410884053011 0 7.64756160102308 
-2.40882083996566 78.9070344511906 0 12.7048765179363 
-27.7426072346517 -30.0529852754091 0 4.76622291582641 
46.5234385839842 69.9410884053013 0 7.64756160102295 
-30.0664732334996 68.4905340247247 0 16.8492977568134 
-49.4749133279485 7.23316420996452 0 10.483566146088 
14.7628554665441 12.2298262514081 0 8.84029049215514 
-8.07517016655689 -60.4367865895296 0 30.6747939030591 
-56.9918132415398 56.216975988834 0 11.5960923284076 
59.3076061968248 59.2097448247714 0 7.84421867306375 
-15.4843260326137 -2.93361080965451 0 24.994925070297 
-30.3755644232721 67.7419434638053 0 17.4082103948952 
33.7239856174435 23.0212922960326 0 12.9766798750012 
39.7891519008031 49.3371077155946 0 14.0290303221255 
51.0058649866038 -78.134569683985 0 31 
-38.3622979407337 33.3498732685613 0 17.8990467147017 
-63.4144743568224 -31.7825497015181 0 30.9475488969583 
-63.4144743568357 -31.7825497015249 0 30.9475488969689 
24.9596783212633 73.3357712652785 0 14.1817679442671 
95.0800477198024 -34.5287616617239 0 31 
2.43339419929281 42.5929327233254 0 23.9306394576582 
36.4875709611966 -19.3836349236618 0 29.5182051874362 
77.6573394150245 24.9729132071178 0 31 
-86.6500718331914 25.6422346921201 0 31 
-8.30627994121377 -60.0771739434157 0 31 
