91.6486688927139
-51.9865853488065 -71.4084970222891 0 3.32099290691636 
72.7456899810186 47.0983114924143 0 4.9873384167125 
-68.7006531462113 55.4957709072888 0 3.33355029228914 
55.8769497366763 -38.3075923924232 0 2.87087954722456 
27.9183291015836 52.9775208788401 0 1.85839458633599 
-56.1331495954685 -57.0935375335765 0 11.5824315146392 
-82.1483916045764 -29.3412140163225 0 4.41756821902488 
-62.8009718868641 -6.56505008673085 0 8.74746981583793 
16.6587475294797 -81.5600020754919 0 8.40476423707805 
45.5175822735681 59.345380773177 0 16.8574636627208 
-36.4128698735789 -70.5255161059079 0 12.2777335902282 
16.299972443515 23.78147456941 0 13.9960639136089 
18.2912191956195 -5.71925966461138 0 15.5717967402095 
52.4115478605919 69.2662272339991 0 25.0941147516023 
-79.9909445590384 -14.7786110925575 0 10.303980001555 
59.6140034989927 14.2979585000374 0 30.3440123044507 
71.0637411834149 -29.3365241519447 0 14.7676776175241 
0.999434316735518 65.1592257489624 0 26.4817796224677 
31.0474707006901 42.0650304937645 0 9.49387268442721 
-47.392862511758 56.3836323001303 0 17.9927303238905 
40.605841967838 -27.6781773782064 0 15.7353343330009 
-44.5942054845705 56.0670522417029 0 20.0095917100087 
54.927171638818 -72.1651532262188 0 31 
-1.07605239577044 62.8642036049416 0 28.7752576808122 
-13.3235752237289 -107.129432882652 0 31 
-26.0402370421605 8.55148908930351 0 31 
-0.929481608367801 -47.227540899856 0 30.1706643859046 
59.6140034893298 14.297958506754 0 30.3440123182409 
-54.8838193480324 -38.7932362734 0 24.4389323479618 
-85.1946143329664 25.8152614039012 0 30.6220589356094 
