107.077865901954
-100.964869774178 -29.9044737846782 0 0.999999993199378 
-39.3739439651991 97.0577167924481 0 0.999999993166602 
100.43284025444 -11.0073458041181 0 6.0436298857456 
-101.344806457884 22.2992989080605 0 1.99999997397234 
-77.2561857860733 -66.7010796612232 0 4.05888382875939 
-43.8136215281736 -10.2683457701811 0 13.2416343830496 
-64.2671744606295 -1.9101761512606 0 8.85376846340036 
-4.07478074930555 -90.9729900742824 0 16.0136656575565 
-99.5051952656167 -16.5300742066273 0 6.20900538460577 
-6.41230103226448 65.3338776784711 0 6.02334352355364 
-33.0898950437446 -87.8904788429087 0 13.1647293123342 
-3.65425959764141 52.4470086044683 0 7.15535850256026 
90.7325022399905 8.707561614572 0 15.9284918131359 
-25.1517272670254 56.4559298248492 0 14.7127133267389 
-70.0618919333076 42.5525843340626 0 25.1059746267032 
-62.7452106251892 35.3250172657747 0 28.412516603884 
-47.8759631869515 77.3191509757512 0 16.1363530275066 
-73.6849221635182 -34.9660476170123 0 25.5175074825318 
-89.5907527970353 4.84784936192672 0 17.3560489453713 
-56.7770982413553 -72.1127560591854 0 15.2961233026347 
90.7139010374395 55.6360500512744 0 31 
30.3450341138588 69.7640358681703 0 31 
73.7433608255329 -31.133864762498 0 27.3839796212243 
-15.3058005966116 87.703225006049 0 18.0490895559946 
26.9706433583471 -23.4932643677566 0 20.0086978053493 
-7.12094969939627 14.4494630804494 0 31 
35.0915486095146 -70.8364093018406 0 28.0258988344276 
30.3450341138106 69.764035868212 0 31 
-18.4694794447917 -46.3624594737502 0 30.8617734442232 
49.6763762426901 16.3247963477571 0 25.8282770616109 
