91.6485811757421
35.6604041697188 -83.1155425618802 0 1.20601561929499 
-60.9099169047498 6.22095788081019 0 3.54105283294671 
-90.917840388023 7.59492474270338 0 0.414068046578525 
-53.4837117469594 66.5652219395425 0 6.25867532479845 
60.5433480207272 24.2700702633651 0 2.37991638110073 
-37.6151210290671 -75.8784694409796 0 6.95832632991543 
-89.5024995956417 9.13920507677494 0 1.68068525019461 
74.7403076322533 10.2428156471185 0 16.2096741742925 
66.868768252947 39.4299529707104 0 14.0202797228312 
55.9176649855776 -61.3653065125945 0 8.62758433162725 
-38.6300700126134 -58.4252126908813 0 10.5244163231984 
12.277020640302 -35.2641125946883 0 23.9921185119693 
39.206494128397 -54.852288218135 0 9.30792895416807 
74.7403076008509 10.2428155628665 0 16.2096742228301 
66.8687682528975 39.4299529621171 0 14.0202797362976 
-45.9072933509863 -37.9394217588752 0 11.2155378363371 
-55.358060899132 -96.431153096883 0 31 
-59.4911027572171 -55.0250111344118 0 10.6119044450002 
-23.063629733085 -42.131936344618 0 12.0096670651864 
67.0376229045353 -82.8543587453255 0 30.1722898221978 
22.7708514377524 -73.0020136048248 0 15.177635748159 
-11.7081915824066 -71.3535921971786 0 19.3407896888809 
-74.3512891465806 36.9385121310859 0 29.9793944252927 
-17.1847940546899 58.1629895086602 0 31 
28.439551119576 16.8369406385433 0 30.5582904986475 
-28.7683613901159 -1.11648014066967 0 29.400616692441 
41.9155136952469 76.902085409147 0 31 
60.573229842545 -28.2530819984391 0 24.810323642987 
-84.6002870547781 -22.5795512904011 0 30.4146600122659 
-17.1847940507973 58.1629894941508 0 31 
