91.6486657888536
77.6487198301243 33.6884196868773 0 6.99962822106926 
73.8328107941008 50.5053493179031 0 1.99694059566022 
43.2718507721265 -56.1427700431539 0 0.909402437838843 
16.3432770653017 -89.0494208308344 0 1.09761846866121 
-72.9209108317256 -52.063757070206 0 1.99641027677015 
40.9172412059429 -71.546127094695 0 9.22859232420491 
24.7272339121579 79.8498540221285 0 8.05778797194058 
-0.644648262437166 21.8984426750373 0 16.6653291762522 
20.8375216637631 -79.8278195971202 0 9.14604358925598 
-71.9550838426208 -41.5184961334603 0 8.57448697126924 
27.288076618001 -50.1068442312846 0 16.1760716464888 
5.72135412632268 -36.2410306322012 0 9.46343458346812 
-2.23604250370641 71.4216251549485 0 20.1920489333838 
30.9569697788443 -68.4640907990285 0 16.511023121388 
-50.1451653685503 -55.1222040279358 0 17.1302477309977 
-58.9408059517403 -32.1703808539136 0 7.44920418563587 
-43.9686463606012 41.7734247887931 0 31 
61.1209796218289 -37.5655200369597 0 19.9064738087855 
70.7993417657523 1.99549138358845 0 20.8212102952711 
-2.23604250320166 71.4216251547327 0 20.1920489336631 
41.2595228791558 44.5155316671782 0 30.9528625530724 
74.1678263096004 -49.4241516275648 0 30.7086477520449 
-50.1451653669602 -55.1222040297644 0 17.1302477290802 
-10.0304526141841 -66.3648183311383 0 24.5301229690806 
-10.0304526142891 -66.36481833117 0 24.5301229689249 
41.2595228786568 44.5155316668337 0 30.9528625528835 
26.6544719712667 -9.21164499503573 0 24.7240348210411 
-26.5998760467717 -15.5609635112687 0 28.9074793701557 
-43.9686463601852 41.7734247886053 0 31 
-85.441961343423 -4.31306318255912 0 31 
