107.077865900403
-24.8676055491831 -103.119907922237 0 1.00000016329682 
57.7154275358047 -87.7911030071132 0 1.99999981159969 
105.055253656987 -1.1666035019039 0 1.99999981158813 
-63.1903474113951 -77.5957094379072 0 7.00000006096454 
52.5463621247268 92.1371409887508 0 1.00000016332488 
-78.433261230716 -8.11938754010077 0 7.46669069187047 
33.2395954046461 61.9298817420909 0 14.281777626129 
74.2655169004856 -10.3080591718885 0 8.67473305071315 
94.5411751938474 -12.4783531155127 0 11.7167478258774 
-79.1891276866556 62.3122944541917 0 6.31209938021428 
41.748078478292 -5.19970559034588 0 24.2415102164836 
47.808940417296 34.9593609385535 0 16.3723379262966 
-81.5319875034479 39.7488526109025 0 16.3726509289774 
37.6096307636939 87.5936610100042 0 11.7514083331322 
-25.8720370268552 95.6963726614541 0 7.94584400752395 
32.7227864497857 -39.8725304817248 0 11.5867003681633 
-66.2017892446944 -42.0832328332112 0 28.6325016196271 
-4.09333486668008 -127.933774832885 0 31 
-91.564435657674 10.0636021723726 0 14.9620599067916 
-95.1158213928939 -15.3786253043795 0 10.7268340996346 
77.397801296959 71.9544654303555 0 31 
23.0367901306223 -76.9596020684552 0 26.7443496295838 
82.8398946609196 19.1900651241271 0 22.0443047728324 
2.89727676354084 83.8674714607866 0 23.1603661968444 
-50.1600418864274 10.6073077306558 0 26.4459034341515 
1.9982464890615 31.1154214729913 0 29.5993439555414 
-8.22708456263205 -28.5210447515633 0 30.9073951331048 
-27.785137596922 -78.1955247460145 0 24.0926037201566 
74.0920667340351 -49.982413513722 0 31 
-44.8148611283207 64.9545579314313 0 28.1635695761056 
