107.179132017661
-14.0249532267418 101.400199486177 0 4.81361267542231 
-71.2912272342794 35.4254154453734 0 0.9999999949231 
79.9047106309584 62.9957527845299 0 5.4283215420615 
-85.8655612091956 60.4866979812818 0 2.08864986683926 
1.71880838020776 106.164736752524 0 0.999999994922851 
9.05115901242832 26.5763200664244 0 17.8820673005869 
-46.1989726175254 -55.1445950142845 0 8.98519876729715 
45.8605391013116 89.2506928239445 0 6.83534794942086 
87.318324028848 -44.5754074066413 0 9.1410963041707 
35.585633000986 -93.2571151714016 0 7.36316840335073 
-86.1451766932184 -34.6428616565439 0 14.3291501528027 
41.2177404564178 38.9684157087119 0 16.5889784648405 
31.4688616288885 -6.98419971192572 0 22.4770937204149 
-70.0608196115545 -59.4891993610223 0 15.2689416776297 
-26.6781033468139 93.1319191202771 0 10.3015012168021 
-27.6626230529272 8.87072438278568 0 22.8780837298508 
-78.6820303404919 7.19469434011896 0 28.1688456248474 
-55.306143116441 -31.1165783084274 0 16.7108348040451 
58.2149461460892 68.8293678819104 0 17.0322427501168 
9.68456520005154 -87.467547012847 0 19.1770729795902 
78.302285419834 37.0729349620471 0 20.5439762039607 
-39.9768452286361 -94.6427123866628 0 31 
-87.012029954816 44.0753159416574 0 9.6407978970256 
-48.9640518111615 58.3590772822567 0 31 
10.6387577497892 75.4325997466532 0 31 
-9.06547720416505 -41.312978291383 0 30.6406779130193 
80.22455440864 -9.79095541905426 0 26.3593215450179 
49.8869069023903 -58.046805629746 0 30.6406778913315 
-48.9640518106494 58.3590772824541 0 31 
-78.6820303403273 7.1946943402321 0 28.1688456253991 
