90.8706749845481
-67.4694698858947 59.3624759279978 0 1.00000007790148 
-64.5861357378979 58.1778524888211 0 1.99999989932324 
-85.2257288224235 25.1541664447057 0 1.99999989932559 
-9.68208477510997 89.342795334107 0 1.00000007790402 
67.7018464959668 -49.4992214697128 0 7.00000003532377 
-20.8506310438488 -85.1552704883757 0 3.19987745955565 
9.13337839576795 75.793611972388 0 14.52874632142 
-41.467922191067 5.65652414380851 0 10.3697139026284 
26.214017362907 14.4440318307714 0 9.6074041906161 
-75.0713000943326 -21.4315476667864 0 12.800122377035 
-54.2089911659023 -33.7036268445609 0 5.06382139172413 
14.9170030181496 -5.57790331202012 0 13.3817327944832 
67.0780013729183 25.3535018612715 0 4.57195117318986 
9.88849238951993 -54.5310071640231 0 12.1900766392829 
44.3434889572386 104.396084386524 0 30.8348217819925 
-68.4522677263368 -11.2884620479607 0 21.4938618507558 
-66.7685876379563 -43.7719083748283 0 11.0331893942766 
-60.9421693120594 31.721565941567 0 22.1669224257629 
20.8609992848476 -31.5575500078443 0 13.2692171553302 
100.83779936136 36.5624167756067 0 31 
7.51199437468151 72.7765228024818 0 17.7074862105931 
-29.9469341263139 -55.6649168718703 0 27.6614848739543 
-40.527910978809 80.8131103514865 0 31 
41.8957424656782 -57.2453799251315 0 19.9320633211226 
10.9623751525686 -97.7077315054252 0 31 
59.1405620756519 -9.32157263324528 0 31 
-9.66662480192683 29.1571741463118 0 29.172707170357 
-20.9594181700753 -27.6381833324082 0 28.7344582695171 
59.1405620756308 -9.32157263364433 0 31 
43.7225409922874 46.5778588963014 0 26.9867379630374 
