91.6570189969171
78.4451648375586 -40.3697674798694 0 3.40814076532618 
80.9491724816898 26.2242760041479 0 6.56600287798815 
-66.3133490748363 47.1612454222189 0 0.418555833048728 
48.391181497845 58.4369304230428 0 1.58144415452551 
51.2275771886001 58.2186259649531 0 1.26334006864477 
69.2281303795641 -47.0643838424867 0 7.94566905474531 
-84.9318610942134 -13.3577620407071 0 5.68114634433921 
-55.6473798083383 51.9048483031123 0 11.254690007744 
-44.9214896826529 -68.070869416259 0 10.0997792859294 
30.9359566893592 23.2465046264447 0 16.1529356675826 
36.7359225786255 44.3652650754023 0 5.74778685839598 
5.19618924466357 23.6764063083473 0 9.59042160177839 
-2.00286596508011 104.266771479998 0 28.5949916027634 
60.6945681728027 40.9187052016287 0 18.4574909449302 
40.7759833654537 55.8771692552551 0 6.45246022717389 
60.6945681717023 40.9187052033492 0 18.4574909455706 
66.0248161780957 -58.2007360946192 0 3.64223687458283 
-30.0610319501364 25.2385648461973 0 25.7013902758994 
-32.5003501349426 67.5578404875307 0 16.6881292301443 
55.8942257848876 90.1426846671692 0 31 
-85.2179566469179 -22.5423965285561 0 3.50794291103599 
6.90498793532637 -14.3062780006338 0 28.4306817516483 
8.8455026028727 58.6776976214801 0 25.6005982980757 
-54.6456982110433 76.3330056339773 0 31 
-60.9795949852698 -88.6328324284478 0 31 
-51.0581588717146 -27.4318097059229 0 31 
-9.51076452355832 -65.5718562807635 0 25.3990167903614 
66.026338810474 -8.25055005914945 0 31 
-86.7285640380208 23.2793554555932 0 31 
38.694796806037 -55.7456955403798 0 23.7978284131278 
