91.6486689205131
63.3265925105206 -62.8913742573318 0 2.39855904027627 
90.3870314736872 -0.246704766050599 0 1.26130164745383 
-3.97492120444262 -30.4513782150268 0 5.80486991300764 
-50.8567214220412 72.2449602218569 0 3.29856857844473 
34.3302035959957 -82.0993786749387 0 2.66063210521034 
67.6865680101219 55.8845565083932 0 3.87307444985817 
-56.1591263171363 64.0179157878507 0 6.48916648589072 
26.4729848968775 -82.2965141707254 0 5.19905922786122 
-2.55490613835025 -71.1988092734074 0 20.4040350217489 
-31.5651270123189 -52.9902559400495 0 9.19429989722878 
14.424417822218 -30.1213430673477 0 12.5974288492944 
-39.6002634546474 30.3775036994736 0 8.08355813157343 
-22.6210383821897 61.7506358186073 0 25.8850597381506 
-62.174977386955 41.3121798682255 0 16.9999992502178 
-51.6182914650772 14.3950835091503 0 11.9132104054129 
83.0986004935142 -6.43693656080395 0 8.30113504209564 
91.190608040944 31.2092606232112 0 30.2049261447352 
-76.8871048981985 14.7570802773922 0 13.3581958434059 
-20.6117099712677 -35.3781464722266 0 11.5460893146962 
33.1921208884815 50.759670086522 0 31 
91.4297633174869 -44.8448910147016 0 31 
38.5221314087133 -56.586062238681 0 23.1947652798636 
0.714529419451245 -65.6402041353937 0 25.4755343706421 
33.1921208880024 50.7596700895088 0 31 
-62.1749773822455 41.312179867034 0 16.9999992643835 
-10.0977803810569 5.40408366412797 0 30.5696204641523 
-23.3670052955392 60.8627695971182 0 26.4543935578874 
-62.3552176702889 -27.1532265655985 0 31 
-51.0934055459259 -88.1218386921808 0 31 
47.0367542345435 -6.34690183835079 0 27.7608236117355 
