91.4818722522355
58.5881888671992 67.6326936578102 0 1.99999991148945 
-83.6854594180419 11.5712827598909 0 7.00000003173631 
79.3677050813788 -41.322756809359 0 1.99999991145954 
-53.0612788861065 64.6939958801677 0 1.00000006621549 
20.8025498219088 88.0566258033499 0 1.00000006619313 
-70.9219482371761 -13.3590804929789 0 19.31271237048 
-43.8102267487474 67.8109814852085 0 4.73828700518472 
43.6712561175628 70.4753569900641 0 8.57255795213432 
-44.4219406148194 -4.30285494476003 0 6.62332489941869 
81.2301845158684 16.9715396558531 0 8.49768171830438 
27.2483014061327 58.6011885250191 0 11.6934065679562 
-25.4057561535678 -2.4966907792686 0 12.4784420405802 
-69.8888895114647 90.6218450154439 0 29.9089660711205 
28.9984878201974 78.2490906725639 0 8.03229268570209 
43.6712561175405 70.4753569900552 0 8.57255795221427 
-39.7035545839568 -22.0771706364263 0 11.7666034538671 
56.9913045653289 -14.214091415813 0 31 
81.2301845158563 16.9715396558672 0 8.49768171837176 
27.5573074416742 -72.4982765065543 0 13.9228292970438 
-56.222919633012 -60.2284813854266 0 29.8075704095307 
72.445693338501 -74.2570922315182 0 31 
38.4582529124078 -50.9946819101114 0 10.1859905074175 
-70.1634339992831 -12.12083530912 0 20.2791898192518 
-50.83494515288 32.7698840085403 0 31 
-9.02620886349732 -98.569466658217 0 31 
-10.0157336006843 79.4367035656093 0 31 
-0.141095055472578 -37.5123310475704 0 30.7002351348913 
8.60561614251913 21.9631307002211 0 29.4149501730593 
58.9096689767461 41.1915344262717 0 24.4388262921828 
-50.8349451528792 32.7698840085321 0 31 
