107.077865902232
-48.5291927339746 -93.1538668685723 0 1.99999979875062 
-58.6854376622382 -88.3089900094242 0 1.00000017603816 
-92.6003485425262 -37.9395312188178 0 7.00000006466568 
-31.299348757734 74.5820198482773 0 1.99999979873446 
79.0887569847135 70.6814196197506 0 1.00000017602547 
-21.7620997907117 -19.97390261902 0 7.72346887751016 
-41.3017262885278 15.4070308712847 0 14.0822820191059 
-94.2832340798602 28.1734560807257 0 8.67526613076158 
-46.0750637009579 81.8712457189461 0 13.1320721363679 
69.2338881119019 69.6009007894903 0 8.90650327538754 
57.8071584760614 -68.963706464414 0 17.0908658122933 
37.5961552944555 -48.166703433256 0 11.9091339070115 
-38.5408493717362 -10.2142236253002 0 11.6872954391875 
70.5708986261327 39.2206814310719 0 21.5031222493814 
57.8071584762525 -68.9637064642593 0 17.0908658123164 
-14.8822681141324 43.540546898349 0 24.511532152352 
-21.5031871800548 -91.4427624131496 0 13.1408356531345 
-14.4315742792142 86.9691792419041 0 18.9194387250659 
-13.648350084942 2.69443664888938 0 16.3532115177965 
31.1244932871162 71.3413789111585 0 29.2426151576993 
-65.3932085199193 47.6489614416171 0 26.166216114654 
7.09558477692968 -30.9075073880548 0 23.1360462088614 
-78.4158202304329 -5.41784334358413 0 28.4751069297308 
15.8652909456695 -79.3823214007259 0 26.1256563486054 
-65.3932085199863 47.6489614415656 0 26.1662161144681 
28.2752238787548 14.8684284972421 0 27.3021676527985 
72.4664345988355 -23.1615555377876 0 31 
-49.7697087326666 -57.5397070793219 0 31 
72.8612322418839 34.3588353191236 0 26.5217453876013 
-42.3980272619589 -52.648876754854 0 30.9222997965859 
