107.077863381023
-86.2829377869332 -59.9241499682363 0 1.99999983403716 
-81.7138225240007 62.7853760493016 0 3.9930582123761 
-99.8678960780941 15.0164252866384 0 6.08732178407248 
-0.294580919643532 -106.075449551216 0 1.00000006753252 
-49.2913843536873 -93.7582867092174 0 1.0000000675401 
63.5060911727689 9.3296647256731 0 7.15800604140805 
5.78110850821449 -96.9156853258086 0 9.98990805265737 
93.1855958001807 12.8229789251222 0 13.0141410873418 
6.58720888005015 11.9046674578775 0 9.61813932715761 
-86.0128461160168 -37.8180033338599 0 13.1182397538551 
-9.20718188518879 93.1258547453833 0 13.4979679971344 
-63.9362075094093 4.15439367337849 0 8.61545836932887 
-9.21433257519364 64.2464388527192 0 15.3814487697499 
-68.9906159351447 -60.5526528300823 0 15.2828272649285 
-23.7282887450788 -79.1342493356122 0 24.4627259634826 
-0.992453135469046 -23.0455933603523 0 26.1445787717695 
24.5661976559403 81.0778184309448 0 22.3600345190133 
-50.9974965829013 -25.7100995072127 0 23.9314031243325 
35.8396132732886 -25.9737446820936 0 10.803698398962 
15.9752388483446 40.0876766366393 0 19.520704458135 
74.9268786546898 -24.2609711444293 0 28.3210751844 
-52.2026535206186 81.6603149624272 0 31 
-88.5815479387993 -6.55066559293482 0 18.2544336783145 
-25.8241803036953 -73.0019064587542 0 29.6429457465163 
36.0619125782217 5.39584056566937 0 20.5666744942085 
34.5916857730545 -67.7588126232446 0 31 
65.9627073151539 47.4085103742204 0 31 
-76.8858918282686 33.3098784967756 0 23.286526192178 
34.5916857737845 -67.7588126254131 0 31 
-31.0324128002829 24.4208767913694 0 30.0289467095641 
