107.078205483055
-89.0950987758129 -55.6877142967286 0 1.99999985713421 
84.5270432752393 -58.4953696891018 0 4.27469079691776 
-65.8398617817314 24.9326510260647 0 1.00000005346701 
97.7144251598435 26.2744079049965 0 5.8929635113356 
105.922147551948 -5.73736759375435 0 1.00000005345301 
-86.118982441493 42.2869579429314 0 2.82991338308284 
65.0245032874671 -65.7558886092243 0 14.6010584870048 
99.6447673108021 -18.6791622789036 0 5.69778065270577 
-78.4566985371521 -58.7510862297487 0 9.06216869011267 
-102.708045885115 50.7352253988957 0 15.7864839381554 
-11.6908381612907 -96.2067464420716 0 10.1637403590592 
23.8014608661353 11.5431360592868 0 28.5597679375616 
58.8826636837503 -10.2892670308449 0 12.7602588730541 
4.40008205297083 -58.1404204466962 0 12.939219921831 
61.0639388924441 11.0656481550612 0 8.7057692680886 
36.4823833292412 -39.5884749662864 0 24.120849373425 
80.07655355929 -34.9071986487227 0 19.7239453669877 
23.5540912925514 55.2302353112857 0 15.1280316484273 
87.8318181677276 3.22333901068646 0 19.1872616444765 
34.3570154179093 95.1154875350821 0 26.1943172016796 
-66.7200123624434 55.2082830604 0 20.4784688617063 
-18.6949558297836 73.7454547198768 0 31 
-5.63798424115544 -26.9077029182253 0 19.8669596634939 
29.4266477531379 -94.2558753563433 0 31 
-77.7390629789406 -23.9681992518597 0 25.7281205777081 
-38.9426863752176 -65.3556473715685 0 31 
-85.516067282623 20.2734409330806 0 19.1918585201656 
-35.7023745590715 14.1237490642665 0 31 
-18.6949558272621 73.7454547203805 0 31 
69.3722463048326 49.89244515991 0 31 
