88.595517156212
-86.5937733702197 0.218066807657491 0 1.99999983923281 
-87.5462006484304 -2.89874146264184 0 1.00000013607589 
-51.5881733785606 -35.7532032895562 0 1.00000013609544 
-10.3602102558562 -80.9329165532349 0 7.00000005295779 
74.5647953374309 -27.4794487719702 0 1.99999983927342 
-47.7404570457549 -38.9667143865023 0 3.73855098694103 
47.1264475648799 66.4428089756395 0 7.13663956025363 
-36.8433309236826 -61.1983451873352 0 17.162553270718 
-11.4659851229705 -32.7219522882854 0 9.13316535790661 
-76.145792981032 -8.9840751109369 0 11.9215631558394 
-8.62196935888951 10.9921996488624 0 11.5997255381527 
1.31115043039081 -12.999193985966 0 14.3666726106306 
13.4440293016021 8.79320960523126 0 10.5755726792535 
-31.966679361079 39.0839159975452 0 24.9258819743091 
-36.5206258288549 79.5945491109385 0 15.8399102219516 
100.731672718849 -7.35331641256137 0 31 
-75.0673116752297 -45.1740008441191 0 24.2844285873947 
55.1322876987066 -18.1717488415322 0 15.8651507170773 
28.0579642869125 -9.24797974708825 0 12.6419122322623 
-68.9164755265286 19.1025795079568 0 17.0805607875592 
72.3658572896576 -47.6099126647439 0 18.2464514573703 
23.3767737568957 -52.6381053239995 0 31 
5.71384072303498 31.5868689840771 0 13.4932187254027 
10.1698804802647 75.856387413588 0 31 
-81.2158664558634 65.5833857886114 0 31 
23.3767737577405 -52.6381053233796 0 31 
-30.0185798373081 -58.6270344061988 0 22.7301684890239 
50.0943440534631 28.421829238989 0 31 
-38.6438035820272 -11.0356465431206 0 25.6365004979472 
50.0943440536318 28.4218292390106 0 31 
