107.077865901956
75.5100304739218 -73.8414778093465 0 1.0000001222837 
-84.5848730102946 61.0712627736419 0 1.99999985247845 
103.332981827631 14.1783494900342 0 1.99999985623206 
78.250191591153 -68.7966876597396 0 1.0000001220432 
-72.5138485858077 68.1394449230658 0 7.00000004833672 
28.2051938672291 24.957772964351 0 11.0026523103936 
-81.8375502427148 -42.8744041536261 0 14.6895605628182 
-81.8375502428901 -42.8744041536066 0 14.6895605624874 
90.7419406878456 -49.9998722819718 0 3.47242779100416 
-97.5169613642313 -31.7981684656276 0 4.50749468371795 
98.2952837652635 2.20055769439832 0 8.75795411338655 
78.8156027675496 -24.7248527040279 0 24.4750971591207 
81.9284152012957 -56.5667088440613 0 7.51854914228025 
-69.6432296042638 -65.793034220623 0 11.2712764808173 
-43.5881339812239 73.5523967145481 0 21.5800278981681 
-6.83492150384305 -50.7192355835793 0 14.7588350769821 
50.9895884583556 74.1989278704447 0 17.0477662939341 
-36.1740285612891 -75.3149662923879 0 23.5260597513824 
78.8156027675205 -24.7248527040368 0 24.4750971592547 
51.1894118685133 -64.9856087357918 0 24.3525067123181 
28.9339257587818 50.9492687780106 0 14.9990573403707 
5.9908061478811 90.6682950176592 0 30.8701892514611 
-89.0424224534217 -11.7432993307473 0 17.2644043095617 
69.9005564439547 30.0292191836623 0 31 
-41.6874238351104 -21.0683654944667 0 31 
-12.2173969938527 32.4681664328095 0 30.1117230584462 
23.9059741753194 -16.8242750611743 0 31 
69.9005564439125 30.0292191836789 0 31 
-71.44258572693 31.1804826177303 0 29.1274625375867 
8.74732378732446 -84.3337422762354 0 22.2916902707746 
