107.083605927473
100.585323844748 -30.3675465769622 0 1.99999946618299 
-42.1026514291516 90.78370354206 0 7.0000001594678 
95.9134044223244 45.2651371206084 0 1.00000050894571 
-1.82879831268543 104.71205249954 0 1.00000050898169 
-98.009214079032 37.8663188692286 0 1.99999946602292 
-88.0452206612052 22.6632356325683 0 16.1683547984012 
-98.5937057731502 0.375936000102633 0 8.48918479636155 
-63.8962947526264 16.0106595072164 0 8.88014589284207 
2.02615608867568 5.60538719295557 0 7.28032413277359 
-91.5367295162458 -29.4082631732023 0 10.9388269032654 
3.77190069809039 -94.0179341750797 0 12.9900411747991 
53.5796871939265 65.9556880005219 0 22.1075184957828 
-74.4823349512619 -7.45357646567622 0 16.8615442753756 
-24.7953776193759 -87.2646835242849 0 16.3646139834602 
-2.92480143339809 -71.2496653471117 0 10.742634220375 
-5.06937447369903 -39.2386333631866 0 21.3401548672627 
-14.984474772836 86.7599127437621 0 19.0392040074264 
-19.6003342672999 -64.0560345262023 0 7.41836018130382 
89.1688175236551 14.6994452546327 0 30.2934003412679 
77.6917727726302 -35.8333697497968 0 21.5263635796161 
66.2482947677934 71.5459985597987 0 31 
-55.9348876081549 -51.5752226366793 0 31 
-55.9348876037188 -51.5752226361062 0 31 
21.03065229424 87.6088112998823 0 16.9859260938199 
48.6331790305549 30.8527535168071 0 13.3422197926478 
6.81579454075666 42.6982827072372 0 30.1205251272463 
35.0269107414684 -9.0717129638746 0 28.8370825947327 
37.4345165237029 -67.6373482627617 0 29.7780194114455 
-53.169963515218 54.4212295205638 0 31 
-31.6654105497127 0.825994223352469 0 26.7485496751314 
