1.875  1.89363014386668E+0000  1.91575320585990E+0000  1.33486367674214E+0001
1.481  5.04855427876700E+0000  3.51899980000000E+0000  5.37121535829052E+0001
2.315  2.31500020000000E+0000  2.68499979484718E+0000  2.31500020000000E+0000
2.188  7.76138878383649E+0000  2.33116513246698E+0000  4.34810495776052E+0001
1.875  8.07950105998634E+0000  1.97822675637444E+0000  1.40655370387822E+0001
1.481  5.51886094655617E+0000  3.51899980000000E+0000  8.49668339816819E+0000
2.315  2.38728070173904E+0000  2.68499980000000E+0000  3.64248840234427E+0001
2.188  2.18800020000000E+0000  2.18800020000000E+0000  1.85819635755405E+0001
1.875  8.12499980000000E+0000  3.12499977180173E+0000  6.29082691082244E+0000
1.481  1.48100020000000E+0000  1.48100020000000E+0000  3.99089419527930E+0001
2.315  2.31500020000000E+0000  2.31500020000000E+0000  4.35170587920066E+0001
2.188  2.18800020000000E+0000  2.81199980000000E+0000  3.19280883968325E+0001
1.875  1.87500020000000E+0000  3.12499980000000E+0000  5.24505526820348E+0001
1.481  8.51899980000000E+0000  1.48100020473165E+0000  3.98953815683221E+0001
2.315  7.64025823148481E+0000  2.31500032339338E+0000  2.73754032512166E+0001
2.188  7.81199973208345E+0000  2.81199979084266E+0000  3.18475961195950E+0001
1.875  8.12499980000000E+0000  3.12499979137166E+0000  5.24303637118810E+0001
1.481  5.02782738379531E+0000  3.51899978257027E+0000  2.48620090239835E+0001
2.315  2.35974190812973E+0000  2.68499975486196E+0000  2.74301568283603E+0001
2.188  2.18800020000000E+0000  2.18800020000000E+0000  9.26828590837474E+0000
1.875  8.12499980000000E+0000  1.87500020000000E+0000  9.82636144363360E+0000
1.481  4.94278648701294E+0000  3.47356488782457E+0000  2.08170105363649E+0001
2.315  7.36522397147389E+0000  2.31500024541670E+0000  5.64705053878697E+0001
2.188  2.18800020000000E+0000  2.78515172929096E+0000  4.79936481017378E+0001
1.875  4.63805830512367E+0000  1.87500020000000E+0000  5.70666716837153E+0000
1.481  1.48100020177060E+0000  3.51899980000000E+0000  5.92311700981476E+0000
2.315  7.06385825243278E+0000  2.32373817847037E+0000  2.31601964567826E+0000
2.188  7.81199980000000E+0000  2.18800020000000E+0000  4.78761298466197E+0001
1.875  5.20631319704744E+0000  3.12499980000000E+0000  1.18216739537036E+0001
1.481  5.06583332625527E+0000  3.51899980000000E+0000  4.58393251142408E+0001
2.315  7.68499980000000E+0000  2.31500020311783E+0000  1.83780545233761E+0001
2.188  5.10203817212634E+0000  2.81199980000000E+0000  4.00152844980397E+0001
1.875  4.99465864858026E+0000  1.87500020000000E+0000  5.07869015730695E+0001
1.481  5.02782715933035E+0000  1.48100020442939E+0000  3.38321332641589E+0001
2.315  7.68499980000000E+0000  2.51313853426562E+0000  3.63388727370075E+0001
2.188  2.18800025437271E+0000  2.18800021225296E+0000  2.29579639783824E+0001
1.875  4.71188453883893E+0000  3.12499979840523E+0000  1.55389368325666E+0001
1.481  4.97217246084054E+0000  1.48100029230566E+0000  2.99435508024801E+0001
2.315  2.73522349945224E+0000  2.31500020000000E+0000  5.64705053985521E+0001
2.188  7.81199976695628E+0000  2.18800023062547E+0000  2.28774716730061E+0001
 5.87855055985521E+0001