0.979  6.17237535378631E+0000  6.52099844316059E+0000  2.87876784123189E+0000
1.446  6.21087245783717E+0000  3.36989038971362E+0000  4.69027759893391E+0000
0.686  6.31492927002810E+0000  7.78162323022540E-0001  5.33866224483473E+0000
1.437  8.38238732836434E+0000  1.45491282445999E+0000  1.43700020370776E+0000
1.454  1.45400020872611E+0000  6.04599975399768E+0000  1.45400021312063E+0000
1.444  3.31406540808581E+0000  3.82373423534956E+0000  1.44400022435378E+0000
0.665  3.53224821930213E+0000  6.83499974788219E+0000  5.06477807999624E+0000
0.972  9.02799980000000E+0000  3.79010892578203E+0000  9.72000200000000E-0001
1.197  3.34913497544193E+0000  6.30299960561261E+0000  3.28981570543320E+0000
0.616  3.01377325346713E+0000  5.75580279254046E+0000  5.52027756244735E+0000
1.198  1.19800043302873E+0000  3.70013345668467E+0000  3.02107312729941E+0000
0.751  6.37136269380199E+0000  7.88992777998210E-0001  7.89763740140450E-0001
1.458  3.35451038866800E+0000  3.89346635176014E+0000  4.67347238194661E+0000
1.293  1.29300028898959E+0000  6.20699925753279E+0000  4.82771352077509E+0000
0.681  6.50238597784193E+0000  6.81899971832391E+0000  1.27942739549115E+0000
0.886  9.08422487407568E+0000  3.57973109739544E+0000  5.23334997212612E+0000
1.518  1.52094301538439E+0000  1.52057352617632E+0000  4.61319427336492E+0000
0.502  7.85331554316642E+0000  5.10926682301230E-0001  3.05923819334391E+0000
1.434  8.34314532184977E+0000  1.43400020000000E+0000  4.70227760104887E+0000
1.252  4.69640272935222E+0000  6.13040103540224E+0000  1.25200132815700E+0000
1.254  4.47516905013908E+0000  1.35141465344810E+0000  1.26178893672652E+0000
0.543  9.41387796711339E+0000  6.90794610509291E+0000  2.98093659757543E+0000
0.526  1.76603106429248E+0000  6.97382508370694E+0000  3.17663961583124E+0000
0.921  9.23404948179580E-0001  3.78738346099623E+0000  9.21371819909930E-0001
0.872  3.27467866487325E+0000  8.79063608010020E-0001  2.96468272937806E+0000
1.660  8.15946581914987E+0000  5.83999979964479E+0000  4.47627759440190E+0000
1.185  8.81499978714052E+0000  3.44347625698399E+0000  3.09028429241163E+0000
1.310  4.33643953915769E+0000  1.31000045375818E+0000  4.82627730671072E+0000
0.468  3.05901627250666E+0000  2.25058049558518E+0000  5.65967986670535E+0000
0.928  4.60153464596841E+0000  2.65661007710472E+0000  3.05850640025770E+0000
0.622  6.22000401275980E-0001  6.87799965700551E+0000  3.16436005160532E+0000
1.498  1.51310749085409E+0000  1.49800129090208E+0000  1.49800209047936E+0000
1.642  6.41634846200348E+0000  3.81881242072117E+0000  1.64200020000000E+0000
1.285  5.23945857105793E+0000  5.91720223420382E+0000  4.85127758156367E+0000
0.974  9.74000210794110E-0001  3.98763030729351E+0000  5.16227753603511E+0000
0.640  9.35999977022477E+0000  6.40000226954200E-0001  3.07837832683786E+0000
0.590  6.69122093297108E+0000  5.76806028347363E+0000  5.90000236981240E-0001
1.243  6.24919311554554E+0000  1.24300021480364E+0000  3.04540868612290E+0000
1.421  8.49500778508586E+0000  6.07899980000000E+0000  1.42294255436347E+0000
0.790  4.71457380405622E+0000  4.82917364733491E+0000  3.09117133478985E+0000
 6.13627780104887E+0000
