0.995  7.30992124964963E+0000  4.00499980000000E+0000  9.95000239753750E-0001
0.669  2.20057626611058E+0000  2.27815198684436E+0000  1.78576378922929E+0000
0.995  9.95000201300710E-0001  1.16212371859062E+0000  1.46267370636861E+0000
0.669  7.07765594214149E+0000  6.69000305437750E-0001  1.78867359475196E+0000
0.995  8.85703989407761E+0000  9.95000200000000E-0001  9.95000200933780E-0001
0.669  2.45622316518165E+0000  4.33099765846811E+0000  6.69001089378310E-0001
0.995  6.28435462356691E+0000  2.29962163210492E+0000  9.95000232283340E-0001
0.669  3.79422406225122E+0000  4.33099979878232E+0000  6.69000412000140E-0001
0.995  3.93876473418657E+0000  2.70565998744497E+0000  9.95000347254820E-0001
0.669  9.33099978913488E+0000  4.33099980000000E+0000  6.69000200000000E-0001
0.995  5.37162877446826E+0000  4.00499979567058E+0000  1.46267370861725E+0000
0.669  6.69000454028130E-0001  2.58785313931936E+0000  6.69000304370800E-0001
0.995  4.85629787206631E+0000  9.95000208554270E-0001  1.46267371466091E+0000
0.669  2.13862973021435E+0000  3.02357993753049E+0000  6.72418475172260E-0001
0.995  2.92203234020102E+0000  9.95000206537210E-0001  9.95000217643980E-0001
0.669  3.11189181926385E+0000  3.94330593466736E+0000  1.78162923175091E+0000
0.995  1.03049247882911E+0000  4.00499955325281E+0000  1.46267356251139E+0000
0.669  6.34514182170820E+0000  6.69000200000000E-0001  6.69000223200150E-0001
0.995  8.91684038288521E+0000  2.92834107188871E+0000  1.46267374083764E+0000
0.669  7.68036202628184E+0000  1.86356747070591E+0000  1.78867369740014E+0000
 2.45767394083764E+0000
0.995  5.84177926894696E+0000  9.95000235896660E-0001  1.14364443631075E+0000
0.669  6.03640421169096E+0000  2.57795050660831E+0000  6.69000222926000E-0001
0.995  8.85911361698389E+0000  4.00058660213430E+0000  1.44255974519131E+0000
0.669  3.01790060332421E+0000  2.27381470596785E+0000  6.72774373695970E-0001
0.995  5.01147555769228E+0000  3.63367483262419E+0000  1.44608762377349E+0000
0.669  6.84956926286920E-0001  4.32093121832182E+0000  7.04630364614210E-0001
0.995  3.10917704674422E+0000  4.00499972114906E+0000  9.95000218822750E-0001
0.669  7.40297609452455E+0000  6.69000201310580E-0001  6.69000211208760E-0001
0.995  1.47212556893823E+0000  2.87355631534848E+0000  9.95000200000000E-0001
0.669  9.32278174223121E+0000  2.59833905717597E+0000  6.71939247100350E-0001
0.995  3.87265890915875E+0000  9.95000328465020E-0001  1.43116283998786E+0000
0.669  2.42983796093266E+0000  6.69001327088090E-0001  6.69000671682340E-0001
0.995  9.00499978461929E+0000  9.95000207702030E-0001  9.95000234930290E-0001
0.669  3.71125216464337E+0000  2.63255986795439E+0000  1.76697708314049E+0000
0.995  6.91377405867859E+0000  4.00499980000000E+0000  9.95000212065570E-0001
0.669  2.43555906127555E+0000  1.76142832917395E+0000  1.77208756547860E+0000
0.995  9.95000202959390E-0001  9.95000200000000E-0001  1.44608763427290E+0000
0.669  1.67434031203273E+0000  4.33099980000000E+0000  1.77208764333241E+0000
0.995  7.44109430552218E+0000  2.13991130778775E+0000  1.44608764096757E+0000
0.669  4.75606156785238E+0000  2.18300431539911E+0000  6.69876349501990E-0001
 2.44108784333241E+0000
0.995  6.97877978250712E+0000  3.98646587522180E+0000  1.43322132375416E+0000
0.669  7.32934726390270E-0001  7.37405706284610E-0001  1.59434935593025E+0000
0.995  1.00761697200624E+0000  2.37386513193920E+0000  1.02806742994138E+0000
0.669  7.32372711305117E+0000  1.05094058306882E+0000  6.75483416886940E-0001
0.995  2.44362141521021E+0000  1.01222169121427E+0000  1.35815299122741E+0000
0.669  8.02945856501347E+0000  6.75700072702460E-0001  1.76581533639594E+0000
0.995  4.45352632045023E+0000  9.95000207816750E-0001  1.45148289027962E+0000
0.669  6.69000202370630E-0001  4.33099978935935E+0000  6.69000212629610E-0001
0.995  5.88416708859682E+0000  2.30075379434258E+0000  9.95000209497800E-0001
0.669  6.63476854347083E+0000  6.69000220999200E-0001  1.77748288980824E+0000
0.995  4.96369398818067E+0000  4.00499979558378E+0000  1.45148290948886E+0000
0.669  5.88542797072888E+0000  6.69000203902530E-0001  6.69000210199180E-0001
0.995  3.53305314533404E+0000  2.69924619002764E+0000  9.95000234936460E-0001
0.669  9.33099978782382E+0000  6.69000200000000E-0001  6.69000200000000E-0001
0.995  9.00499968991180E+0000  4.00499980000000E+0000  9.95000208482760E-0001
0.669  3.53179238982534E+0000  4.33099980000000E+0000  6.69000207758890E-0001
0.995  2.10039629654876E+0000  4.00278736158162E+0000  1.45148291559413E+0000
0.669  7.27909821709166E+0000  1.84164015072773E+0000  1.77748290860906E+0000
0.995  8.89462257100819E+0000  2.07121025241196E+0000  1.45148292166799E+0000
0.669  7.50852890063258E+0000  2.59229880006537E+0000  6.74743090032630E-0001
 2.44648312166799E+0000
0.995  5.29010170658902E+0000  3.82933432312752E+0000  9.95000230971420E-0001
0.669  8.49864552914121E+0000  2.54570877086266E+0000  1.76509554729407E+0000
0.995  1.26869205833094E+0000  3.95074530139088E+0000  1.04851033121781E+0000
0.669  4.23307840029549E+0000  2.62413257260613E+0000  1.76309034082293E+0000
0.995  9.00499968144350E+0000  4.00499954419640E+0000  1.14624693590344E+0000
0.669  7.44459673051072E+0000  4.33099935352875E+0000  6.69000249001030E-0001
0.995  9.00499980000000E+0000  9.97832161643180E-0001  1.42365589549950E+0000
0.669  2.43360169468378E+0000  6.69000209200270E-0001  1.76509569261317E+0000
0.995  3.35825736199668E+0000  4.00499979617683E+0000  1.43909566854371E+0000
0.669  7.14141120030420E-0001  2.49996961559189E+0000  1.72834156396820E+0000
0.995  5.97134799065415E+0000  9.95000532494060E-0001  9.95000200000000E-0001
0.669  6.67725064112324E+0000  4.33099980000000E+0000  1.76509568122576E+0000
0.995  9.95000200000000E-0001  9.95000227712360E-0001  9.95000205546610E-0001
0.669  7.58235478541043E+0000  1.41672750652574E+0000  6.69000200000000E-0001
0.995  4.03153853078946E+0000  9.99483474932950E-0001  1.43909565089799E+0000
0.669  4.90600784002545E+0000  2.23557808109291E+0000  6.71066045234780E-0001
0.995  6.87531628554241E+0000  2.71131117402553E+0000  1.43909567506781E+0000
0.669  9.33099608928847E+0000  2.44459488233606E+0000  6.69001181422140E-0001
0.995  2.54390260841552E+0000  2.24440126166281E+0000  9.95000224598810E-0001
0.669  7.40994941120581E+0000  6.69000200000000E-0001  1.76509569824410E+0000
 2.43409589824410E+0000
0.995  3.71138025841042E+0000  9.95000201551250E-0001  9.95000232910110E-0001
0.669  3.83201225655295E+0000  3.95623018244197E+0000  6.73059023080970E-0001
0.995  9.00499980000000E+0000  9.95000201889670E-0001  9.95000220616500E-0001
0.669  4.50734274960688E+0000  4.33099980000000E+0000  1.78087445936647E+0000
0.995  6.68168486233607E+0000  4.00499979715505E+0000  1.45487444325154E+0000
0.669  5.25164167687169E+0000  4.33099946266392E+0000  6.69000232465860E-0001
0.995  5.75005165661637E+0000  1.02292210763614E+0000  1.36101948164523E+0000
0.669  9.29798076665658E+0000  2.61464991101674E+0000  6.83593400972610E-0001
0.995  1.72137983926637E+0000  9.95000212307620E-0001  9.95000219001010E-0001
0.669  1.18721999565717E+0000  2.55091908545817E+0000  6.69000200000000E-0001
0.995  4.62256833304874E+0000  2.70331914112409E+0000  1.45487447093648E+0000
0.669  3.16934229685131E+0000  4.33099974242858E+0000  1.78087444545277E+0000
0.995  8.69732976599034E+0000  3.98418052319087E+0000  1.43430182612279E+0000
0.669  7.30154362039625E+0000  6.86522641694300E-0001  6.97502191318050E-0001
0.995  7.47324087864464E+0000  2.17920114387719E+0000  1.45487447585265E+0000
0.669  2.42504337763955E+0000  4.33099953573672E+0000  6.69000224313210E-0001
0.995  9.95000242261510E-0001  4.00499976473279E+0000  1.45487445216498E+0000
0.669  6.08875727788532E+0000  2.66345741202452E+0000  6.69000200000000E-0001
0.995  2.63443110742609E+0000  2.78941236167001E+0000  1.45487444680103E+0000
0.669  6.69000201153630E-0001  2.01666361548701E+0000  1.78087448036350E+0000
 2.44987468036350E+0000
0.995  1.17396678479940E+0000  4.00149639815912E+0000  1.41211340454077E+0000
0.669  7.98849619512619E+0000  2.65225038495925E+0000  1.73510237480257E+0000
0.995  6.16256995917319E+0000  1.11285087499283E+0000  9.95000232819680E-0001
0.669  4.04328267263625E+0000  2.83518031753574E+0000  1.74103030470512E+0000
0.995  9.00499977333401E+0000  1.10254478281615E+0000  9.95000235164630E-0001
0.669  4.72771436846102E+0000  2.41978885987027E+0000  6.69000231232970E-0001
0.995  7.05983237586346E+0000  4.00499965837387E+0000  1.41503036276600E+0000
0.669  6.72100740294660E-0001  2.59674237277112E+0000  6.71402905774420E-0001
0.995  5.11466495012594E+0000  4.00499914371047E+0000  9.95000237188780E-0001
0.669  2.77460904562958E+0000  6.69000200000000E-0001  6.69000200000000E-0001
0.995  4.21952985055475E+0000  1.02190285414861E+0000  1.41503034687680E+0000
0.669  9.33099940094014E+0000  2.55377220249596E+0000  1.74103028371005E+0000
0.995  9.00499979830610E+0000  4.00499962260553E+0000  9.95000225088060E-0001
0.669  5.52743333988712E+0000  2.45781894454942E+0000  1.74103033526376E+0000
0.995  3.12466454266042E+0000  4.00499980000000E+0000  9.95000202316280E-0001
0.669  7.58219423431768E+0000  6.69000239818440E-0001  1.74103035258786E+0000
0.995  9.95000200000000E-0001  9.95000200000000E-0001  9.95000216546770E-0001
0.669  6.27644367498845E+0000  2.74062679584587E+0000  6.69000243379940E-0001
0.995  2.56621223997713E+0000  2.14172117028445E+0000  1.41503037770749E+0000
0.669  7.58312791257552E+0000  1.93387370942672E+0000  6.74419408061180E-0001
 2.41003057770749E+0000
0.995  8.76627906131878E+0000  1.01995143127626E+0000  1.36186831138183E+0000
0.669  5.92255353897318E+0000  2.36197274597302E+0000  6.76936342090990E-0001
0.995  4.01918973957547E+0000  3.92491647087029E+0000  1.42559467399981E+0000
0.669  1.64136880849960E+0000  2.49808680171668E+0000  6.69000256224850E-0001
0.995  9.95000200000000E-0001  3.99636218690922E+0000  9.95000213395950E-0001
0.669  5.12372512600809E+0000  2.68212107832469E+0000  1.73464504896500E+0000
0.995  3.08602309340441E+0000  2.16727551598358E+0000  1.42559486912348E+0000
0.669  2.43965442570353E+0000  6.69000204536030E-0001  1.75159489026014E+0000
0.995  5.96039469961559E+0000  4.00499978386449E+0000  9.95000216442910E-0001
0.669  9.25773005588052E+0000  2.49651406177771E+0000  6.99178806150800E-0001
0.995  4.76965872001102E+0000  1.19770808467728E+0000  9.95000238811470E-0001
0.669  2.43877285798201E+0000  4.33099980000000E+0000  1.75159489186001E+0000
0.995  6.70191113366456E+0000  9.95000200000000E-0001  1.42559488409911E+0000
0.669  7.05831912129360E-0001  2.49791386227285E+0000  1.72750326675074E+0000
0.995  9.95000203584510E-0001  9.99811404551810E-0001  9.95000221497480E-0001
0.669  7.40614225208013E+0000  4.33099976524161E+0000  1.75159485349245E+0000
0.995  7.51314649377442E+0000  2.76038599158721E+0000  9.95000201051770E-0001
0.669  3.22593290194165E+0000  6.69000256457860E-0001  6.69000204332850E-0001
0.995  9.00499980000000E+0000  4.00499980000000E+0000  1.42559487389946E+0000
0.669  2.56595123105787E+0000  3.55507490543524E+0000  6.69000200999990E-0001
 2.42059509186001E+0000
0.995  5.61337658224531E+0000  2.71955940220135E+0000  1.41016934388039E+0000
0.669  2.87723981625640E+0000  2.67085398851368E+0000  1.74334096589794E+0000
0.995  4.69959586547272E+0000  9.95000896795240E-0001  9.95000211572280E-0001
0.669  9.29116913438422E+0000  2.37952061643270E+0000  1.73933655057518E+0000
0.995  9.00499979381211E+0000  4.00499979976619E+0000  1.43330374944972E+0000
0.669  3.60593530764125E+0000  2.20600452533328E+0000  6.69000473723350E-0001
0.995  6.64072739478487E+0000  9.95000200000000E-0001  1.43330376528058E+0000
0.669  7.49960022171094E+0000  4.33099980000000E+0000  6.69000233911730E-0001
0.995  8.65826812574532E+0000  1.00486476993025E+0000  1.01864857168642E+0000
0.669  6.81245407238148E+0000  3.97139740387554E+0000  1.75930372814314E+0000
0.995  3.97180611341546E+0000  3.79621225017300E+0000  9.95000359206510E-0001
0.669  6.69000202254220E-0001  6.69000200000000E-0001  1.75930377144299E+0000
0.995  9.95000224128120E-0001  4.00499980000000E+0000  1.43330376461803E+0000
0.669  5.34975413946637E+0000  4.33099946301811E+0000  1.75930370373542E+0000
0.995  2.75846433495605E+0000  9.95000203632130E-0001  1.43330376047433E+0000
0.669  6.12530790603641E+0000  4.33099956126151E+0000  6.69000239323700E-0001
0.995  7.56740574848490E+0000  2.70065514776410E+0000  9.95000204451460E-0001
0.669  2.35600845603233E+0000  3.35190407461753E+0000  6.84035703562120E-0001
0.995  1.14180172387028E+0000  2.06942730611247E+0000  9.95000200000000E-0001
0.669  2.59385800294130E+0000  4.33099954509044E+0000  1.75930354628583E+0000
 2.42830397144299E+0000
0.995  9.95012010078680E-0001  9.95002092824950E-0001  1.12392079710597E+0000
0.669  6.69004960849070E-0001  2.56206175134572E+0000  6.69003682856270E-0001
0.995  3.48629428661502E+0000  2.13108689223575E+0000  9.95000200000000E-0001
0.669  5.57327526061455E+0000  4.33099980000000E+0000  6.69000222687960E-0001
0.995  2.98498390455779E+0000  4.00499980000000E+0000  1.43911719129663E+0000
0.669  7.49052506980638E+0000  2.40581937120704E+0000  6.69000203430790E-0001
0.995  8.86928980528174E+0000  2.93005692618577E+0000  1.43911720457981E+0000
0.669  9.33099978461761E+0000  4.33099980000000E+0000  6.69000202336650E-0001
0.995  9.00499965478428E+0000  9.95000200000000E-0001  9.95000218576910E-0001
0.669  2.62866579342660E+0000  6.95494312579960E-0001  7.21487926510980E-0001
0.995  7.05993656429867E+0000  9.95000203302940E-0001  1.43911719008626E+0000
0.669  3.68153678280451E+0000  6.69000200000000E-0001  1.76511720143789E+0000
0.995  9.95000206932330E-0001  4.00499522193935E+0000  1.43095877071790E+0000
0.669  4.79817327140454E+0000  4.32791650542986E+0000  1.76376367471023E+0000
0.995  7.23940689353329E+0000  4.00499979792493E+0000  1.05430397521994E+0000
0.669  1.99313482026101E+0000  2.91317479079373E+0000  6.69002708959020E-0001
0.995  5.12012681471624E+0000  9.95000200000000E-0001  9.95000216165460E-0001
0.669  4.41812367286273E+0000  3.65581796425306E+0000  6.69000289724770E-0001
0.995  5.65908892061020E+0000  2.85843294062353E+0000  1.43911719634075E+0000
0.669  2.01129897111321E+0000  2.14606313138216E+0000  1.76511488382272E+0000
 2.43411740457981E+0000
0.995  9.95000201571990E-0001  4.00499968367249E+0000  1.42100724706392E+0000
0.669  2.43733063378115E+0000  6.69000254772320E-0001  6.69000209646850E-0001
0.995  9.00499976917941E+0000  4.00499980000000E+0000  9.95000204069850E-0001
0.669  1.65437782364369E+0000  2.51240373396618E+0000  1.74700726819257E+0000
0.995  6.88300016182655E+0000  3.99773637477705E+0000  1.41507440811178E+0000
0.669  5.60742220247833E+0000  6.80811439877350E-0001  6.72876225435480E-0001
0.995  3.72056281741781E+0000  2.22523240339925E+0000  1.42100717147114E+0000
0.669  2.25423873059790E+0000  1.99441441928445E+0000  6.69000239156470E-0001
0.995  2.93886738836281E+0000  4.00499979054706E+0000  9.95000215865620E-0001
0.669  7.44723477668340E+0000  2.61574496336944E+0000  6.72771118318650E-0001
0.995  9.95000224535520E-0001  1.01980769006674E+0000  1.42100723450982E+0000
0.669  9.33099980000000E+0000  6.69000200000000E-0001  6.69000200000000E-0001
0.995  4.92886780999252E+0000  4.00499979847771E+0000  9.95000234298150E-0001
0.669  7.02179863866890E-0001  2.51287647830683E+0000  6.89831542651260E-0001
0.995  7.21560416055614E+0000  9.95000200000000E-0001  9.95000205877190E-0001
0.669  3.22988715245813E+0000  6.69000201506410E-0001  1.74700729819242E+0000
0.995  5.71056322842866E+0000  2.22523243331069E+0000  1.42100729811973E+0000
0.669  4.81752848526341E+0000  8.44570300300930E-0001  1.74500721045936E+0000
0.995  8.83618013630806E+0000  2.06847728573011E+0000  1.42100731195102E+0000
0.669  4.02991519237800E+0000  6.89038953906240E-0001  6.70868308236330E-0001
 2.41600751195102E+0000
0.995  9.00499973799739E+0000  9.95000200000000E-0001  9.95000205695600E-0001
0.669  4.28747159085092E+0000  2.94748335742164E+0000  6.70543886338770E-0001
0.995  5.81672008263438E+0000  2.69925153695600E+0000  1.43783850925601E+0000
0.669  5.81237377850057E+0000  4.33099980000000E+0000  1.76383848976750E+0000
0.995  6.88467439101668E+0000  1.00110272058222E+0000  1.42215453697117E+0000
0.669  7.47820476602769E+0000  2.37518657578702E+0000  6.77819358853300E-0001
0.995  4.88961533600158E+0000  9.95000200000000E-0001  9.95000207077710E-0001
0.669  3.82218936695539E+0000  4.33099940565181E+0000  6.69000268673980E-0001
0.995  1.04623884957589E+0000  4.00499979048873E+0000  1.43783849943354E+0000
0.669  9.33099978375437E+0000  4.33099980000000E+0000  6.69000200000000E-0001
0.995  9.95000205552460E-0001  9.95000207051630E-0001  1.06369928164384E+0000
0.669  6.69000226255960E-0001  2.57829867317482E+0000  6.69000211634150E-0001
0.995  7.25164772141472E+0000  4.00499979982856E+0000  9.95000208218980E-0001
0.669  4.04237053558917E+0000  2.21127845558065E+0000  1.76241962931923E+0000
0.995  2.94951330997220E+0000  9.95000213843480E-0001  1.43783850417300E+0000
0.669  4.36080261760423E+0000  3.74396981832249E+0000  1.75870997587089E+0000
0.995  2.64893696905308E+0000  2.91167697135520E+0000  9.95000222296590E-0001
0.669  3.05305056683290E+0000  4.33099980000000E+0000  1.76383849362675E+0000
0.995  8.86680906850098E+0000  2.93017438728616E+0000  1.43783852249374E+0000
0.669  5.11842730303356E+0000  3.99931798650950E+0000  6.69000268410510E-0001
 2.43283872249374E+0000
0.995  8.75540085258117E+0000  1.02100515695172E+0000  1.36483730447379E+0000
0.669  5.19749898314162E+0000  2.41775205428988E+0000  1.75785902853482E+0000
0.995  9.00499979268822E+0000  4.00499979082546E+0000  1.43185901521545E+0000
0.669  4.37890936583302E+0000  4.33099980000000E+0000  6.69000205931590E-0001
0.995  2.93645738262953E+0000  4.00499980000000E+0000  1.43185905988547E+0000
0.669  1.43729169009039E+0000  2.59385773168321E+0000  1.75785906418658E+0000
0.995  1.11129184785945E+0000  9.95000200000000E-0001  1.43185899643523E+0000
0.669  6.69000223972130E-0001  2.40614227612933E+0000  6.69000213605990E-0001
0.995  6.68107731974468E+0000  9.95000200612700E-0001  1.43185904462114E+0000
0.669  9.25964523466789E+0000  2.49538933562318E+0000  7.01532498618310E-0001
0.995  9.95000201701920E-0001  4.00499980000000E+0000  9.95000206511470E-0001
0.669  4.37195516266228E+0000  2.71645321477232E+0000  6.92971462302900E-0001
0.995  5.97109214191245E+0000  3.97382301752562E+0000  9.95000379038200E-0001
0.669  7.40614225953019E+0000  4.33099977832402E+0000  1.75785903378670E+0000
0.995  2.81912416371946E+0000  2.06709142658856E+0000  9.95000200000000E-0001
0.669  3.30108329965657E+0000  6.69000200000000E-0001  1.75785906321267E+0000
0.995  4.73969081195334E+0000  1.01156725602485E+0000  9.95000215680140E-0001
0.669  4.50752567468235E+0000  3.56412985917183E+0000  1.75785901570673E+0000
0.995  7.53233840177930E+0000  2.73988144356378E+0000  9.95000212452220E-0001
0.669  5.96426052954463E+0000  2.28849083883691E+0000  6.69000238524550E-0001
 2.42685926418658E+0000
