0.665  8.20058376821770E+0000  5.13455468186001E+0000  1.86191813016611E+0000
0.678  5.26141592201371E+0000  5.04465094720015E+0000  6.78000267907800E-0001
0.872  7.66489888905621E+0000  6.18120389753190E+0000  8.72000223803720E-0001
0.675  7.78635815268357E+0000  7.37209393778569E+0000  1.85191811507569E+0000
0.940  5.46315712597157E+0000  3.46080056507217E+0000  9.40000269881110E-0001
0.813  5.81490030728053E+0000  1.92771920580233E+0000  1.71391812516054E+0000
0.920  9.07999980000000E+0000  9.20000315027820E-0001  9.20000381566820E-0001
0.901  4.26594679634515E+0000  9.08620990501741E+0000  1.62591799702060E+0000
0.727  9.27299966524866E+0000  8.27844445553083E+0000  1.79991810595949E+0000
0.964  6.62810859831325E+0000  4.83196050012613E+0000  1.56291801175789E+0000
0.985  5.21415431107666E+0000  7.41878766245084E+0000  1.54191802084522E+0000
0.809  2.76735867480669E+0000  9.19099978181780E+0000  8.09000300379920E-0001
0.961  3.85976291869601E+0000  2.65385748583461E+0000  1.56591811442501E+0000
0.730  2.25644708229473E+0000  8.12517088213199E+0000  1.79691801974606E+0000
0.733  5.83865242210184E+0000  7.33000254100890E-0001  7.33000267265090E-0001
0.850  4.14217848963065E+0000  6.07056952142788E+0000  8.50000299752110E-0001
0.971  9.77632088398280E-0001  4.04667286489721E+0000  9.74003886918320E-0001
0.653  3.13487960343522E+0000  3.77015740663779E+0000  6.53000444122090E-0001
0.767  8.05141589685394E+0000  4.22376989168657E+0000  7.67000217800820E-0001
0.714  8.49007608854040E+0000  7.74525095297747E+0000  7.14000219717060E-0001
0.833  1.94233163934231E+0000  6.93556319957177E+0000  8.33000549053060E-0001
0.967  7.30543869913783E+0000  9.67000283062360E-0001  1.55991794244896E+0000
0.954  3.02479656039360E+0000  9.54000296743730E-0001  9.54000632567930E-0001
0.847  9.15299645332341E+0000  6.71361949953843E+0000  1.67991791698132E+0000
0.758  7.58000811224320E-0001  7.43825974738483E+0000  1.76891753623670E+0000
0.719  6.06043385311883E+0000  6.18986073345075E+0000  7.19001557049060E-0001
0.642  4.84124041623660E+0000  1.78628156947085E+0000  6.42000202381800E-0001
0.633  9.36699962629007E+0000  3.76411246861582E+0000  6.33000487208620E-0001
0.817  4.62049788720622E+0000  8.17000229727330E-0001  1.70991810935046E+0000
0.682  9.23268959167400E+0000  4.26010696228505E+0000  1.84428508464412E+0000
0.686  3.00778862889781E+0000  6.54025050104944E+0000  1.84091805554020E+0000
0.689  5.29002124819796E+0000  5.77093525627955E+0000  1.83703976200591E+0000
0.731  9.22850153182263E+0000  9.26899980000000E+0000  7.31000268919670E-0001
0.626  8.04158744226891E+0000  2.02696973759643E+0000  6.26000303682960E-0001
0.877  3.49327618882008E+0000  7.67079677630379E+0000  8.77000265862290E-0001
0.651  6.62426137503409E+0000  6.65948541991684E+0000  1.87591800953575E+0000
0.902  4.10501892041434E+0000  4.49970124235343E+0000  1.62491807034395E+0000
0.979  7.74740791725706E+0000  9.01776895619183E+0000  1.54791634004852E+0000
0.991  9.91000221412850E-0001  9.00899930940750E+0000  1.03577780007479E+0000
0.887  2.14309983215358E+0000  2.56874628731217E+0000  8.87000213488660E-0001
0.788  6.80852591458526E+0000  7.60077109218887E+0000  7.88000249930480E-0001
0.951  2.52549290747657E+0000  5.25370169158676E+0000  9.51000277819100E-0001
0.992  1.07953431062302E+0000  9.92001049455590E-0001  9.92001890391460E-0001
0.896  8.96000945301590E-0001  5.79581152147733E+0000  1.63091625602520E+0000
0.802  9.19799980000000E+0000  5.31847147623538E+0000  8.02000217535240E-0001
0.924  5.95053420628646E+0000  9.07599980000000E+0000  9.24000664614860E-0001
0.944  7.22560510993226E+0000  2.96685418843231E+0000  1.58291807988780E+0000
0.757  7.57000216892000E-0001  2.52491433479464E+0000  1.76991810137950E+0000
0.911  9.06062463989772E+0000  2.61348406802556E+0000  1.61591791059234E+0000
0.711  2.42529255247984E+0000  3.83803128480859E+0000  1.81591807735315E+0000
 2.52691833016611E+0000
