0.703  2.83727589874960E-0003 -9.99062132172996E-0002  1.85528089598408E+0000
0.730  2.12372702403360E-0001 -1.51564171110247E+0000  1.92793508871940E+0000
0.749 -7.01309338885200E-0001  7.89246586746790E-0001  7.49000499286000E-0001
0.939 -1.59156803254638E+0000  2.05149346152204E+0000  2.93633166967961E+0000
0.703 -2.78406015613409E+0000  9.47667284045640E-0001  3.17233169831808E+0000
0.730 -2.82371447238881E+0000 -4.87828472192750E-0001  3.14533164585240E+0000
0.749 -2.48346245082828E+0000 -3.45013085282810E+0000  3.12633124827857E+0000
0.939  2.33723243363533E+0000 -4.33081215548380E-0001  9.39124645156950E-0001
0.703 -4.17944136651826E+0000 -9.98236197587330E-0001  1.80974239499425E+0000
0.730  1.09869980401120E-0001  2.30675917148725E+0000  7.32406602258760E-0001
0.749 -1.94603620099616E+0000 -2.50131093520703E+0000  2.02552073909973E+0000
0.939  1.31377254457770E+0000 -2.26105767325000E+0000  2.93633163390743E+0000
0.703  2.98847177383791E+0000  1.45889746677390E+0000  3.17233170204327E+0000
0.730  4.24827905168877E+0000 -4.30141605875570E-0001  2.12718675430589E+0000
0.749 -3.95836013803851E+0000  1.54996224633655E+0000  7.49000242142610E-0001
0.939 -1.17493138793622E+0000  3.88731906804326E+0000  2.93633155552778E+0000
0.703  1.74995010712854E+0000  2.74471549567527E+0000  3.17233171339113E+0000
0.730  3.82120131024229E+0000  1.90560179648366E+0000  2.09506336056121E+0000
0.749  3.32640707607101E+0000 -2.64309704886041E+0000  3.12603043529644E+0000
0.939  1.40078986374068E+0000  1.16900685763315E+0000  2.87001543814299E+0000
0.703 -1.37707555111203E-0002  3.91968523376710E-0001  3.17233167677789E+0000
0.730 -1.81567820283499E+0000 -1.54398449891230E+0000  3.14533139211214E+0000
0.749  4.19956948132540E+0000  6.59252618327700E-0001  3.12633150204087E+0000
0.939  6.99669295834480E-0001  4.00027216433976E+0000  2.93633142416214E+0000
0.703  2.71768996608181E+0000  7.91668474660150E-0001  1.96472248156280E+0000
0.730 -4.75703750924700E-0001 -9.64268644431960E-0001  3.14533063661182E+0000
0.749  6.91980186242090E-0001 -7.61822594116820E-0001  7.49142007061720E-0001
0.939 -5.29752497697430E-0001 -2.61924926923222E+0000  2.93633167262620E+0000
0.703 -4.29264174861035E+0000 -1.37440993965330E-0001  7.03233095448370E-0001
0.730 -2.39241592139274E+0000 -1.94470122888207E+0000  7.30000250702840E-0001
0.749 -2.73225890048519E+0000 -9.10198908149430E-0001  1.73087705223091E+0000
0.939  9.26601657570460E-0001  3.95387426257849E+0000  9.39001305984600E-0001
0.703 -3.26055751169309E+0000 -2.79874466177257E+0000  1.48526870528825E+0000
0.730  2.20501200389698E+0000 -3.65661303737921E+0000  3.14533171989868E+0000
0.749 -2.97165491216699E+0000  1.90693933296538E+0000  1.91373600568530E+0000
0.939 -1.17824937630314E+0000 -8.18787619601630E-0001  9.39000230827570E-0001
0.703 -8.98460996298440E-0001 -4.20202031306343E+0000  7.03000443632120E-0001
0.730  1.65915735500000E-0001  2.25751477508223E+0000  3.14533168623668E+0000
0.749 -2.42598053580150E-0001  1.32171014636624E+0000  2.07354481876685E+0000
0.939 -9.51392976252100E-0001  3.94798308903054E+0000  9.39000234139350E-0001
0.703  4.06486661507350E+0000 -1.39322113336401E+0000  3.17233171919703E+0000
0.730  2.56106848926359E+0000  3.41669799370371E+0000  7.30000270689120E-0001
0.749 -2.35566022700805E+0000  3.53862432016963E+0000  1.78149946885039E+0000
0.939  2.68711915619602E+0000 -5.31663072056360E-0001  2.93633170543564E+0000
0.703 -8.17317280372720E-0001 -4.21855416864117E+0000  3.17233171488574E+0000
0.730  3.56240204784304E+0000  2.35418548658529E+0000  7.30000317629490E-0001
0.749 -1.56123726893170E-0001 -3.91149859268525E+0000  1.91660673198697E+0000
0.939 -2.57600674510213E+0000  5.72320372773640E-0001  9.39000598674170E-0001
0.703  2.08100330461827E+0000 -3.75947220293330E+0000  7.03000301611330E-0001
0.730  6.15412558923850E-0001 -4.22541788988346E+0000  3.14533154303304E+0000
0.749  4.14205659955931E+0000 -9.56222724823820E-0001  7.49000254738810E-0001
0.939 -4.01626564608762E+0000  6.01106554720150E-0001  2.14387131664718E+0000
0.703  2.47263090687351E+0000 -1.77133184099982E+0000  1.88116272452229E+0000
0.730  6.72266694230400E-0001 -4.21674695314595E+0000  7.30000212903930E-0001
0.749 -3.17494828093637E+0000  2.82678301984272E+0000  7.49000302790970E-0001
0.939  9.69252921979390E-0001  8.88874099453400E-0001  9.69549462954660E-0001
0.703  1.55019700372814E+0000  2.40136527941662E+0000  7.03000231244750E-0001
0.730  3.12503178049561E+0000 -2.32150292517519E+0000  7.30000204865380E-0001
0.749  2.14327590642630E+0000  3.67115334804259E+0000  2.12575964358941E+0000
0.939 -5.99709769519090E-0001 -2.60544839778418E+0000  9.43564963138140E-0001
0.703 -3.89391595138320E+0000 -1.81703672982096E+0000  7.03000237878210E-0001
0.730  3.16402056742386E+0000  2.86738062852695E+0000  2.97523191602675E+0000
0.749  2.37420641230134E+0000  2.20488398007335E+0000  1.89845689133371E+0000
0.939 -3.39485141636506E+0000 -2.04207632233477E+0000  2.93633165623358E+0000
0.703 -4.24631096432110E+0000 -6.58065365859270E-0001  3.17233169610457E+0000
0.730  9.56255379057480E-0001  2.65190771633514E+0000  1.98282524915074E+0000
0.749  9.97677264226030E-0001 -5.97845186133940E-0001  2.82117848362591E+0000
0.939  3.99759358751891E+0000  7.14817830915420E-0001  9.39000223506240E-0001
0.703  2.51398438225569E+0000  1.37767037515188E+0000  7.03000230304440E-0001
0.730  1.43860504716124E+0000 -4.02036207729296E+0000  1.95709425134577E+0000
0.749  2.77881318106667E+0000 -3.21701660166124E+0000  1.85500251769321E+0000
0.939 -1.62302368385633E+0000  2.19056325460682E+0000  9.39000341868440E-0001
0.703 -4.72691039846780E-0001  2.75799032243937E+0000  1.96414757762543E+0000
0.730 -3.78899363336333E+0000  1.96886384723056E+0000  3.14482422583526E+0000
0.749 -2.28606965230895E+0000 -3.58397552625654E+0000  7.49000228053010E-0001
0.939  1.26167184939520E+0000 -2.35620251533700E+0000  9.39000305813720E-0001
0.703  3.87594220000457E+0000 -1.85506843646705E+0000  1.85785774600070E+0000
0.730 -1.63077893285413E+0000 -3.94632182782549E+0000  2.02443800962875E+0000
0.749 -2.87491550826885E+0000  3.13143090774403E+0000  3.12633155676543E+0000
0.939 -1.48558133648791E+0000  2.37768077202980E-0001  2.46088154487144E+0000
R=5 h=3.87533191989868E+0000