1.579  6.28426330174001E+0000  3.85260742758245E+0000  1.59900206127131E+0000
0.834  9.06148889520442E+0000  9.32286527736210E-0001  8.87278456106220E-0001
1.388  8.61073102857824E+0000  4.49862421446618E+0000  3.32573786660847E+0000
0.970  1.01779307706339E+0000  3.28026696907754E+0000  9.96527804072290E-0001
0.950  3.45218279815377E+0000  9.94252029693920E-0001  1.00461006117152E+0000
0.811  9.03494186568286E+0000  9.04410048043819E+0000  8.84805761463650E-0001
0.695  6.95000211672140E-0001  6.77168871854112E+0000  4.02091053844869E+0000
1.275  4.08179741776160E+0000  8.17176568832917E+0000  3.44091055402135E+0000
1.623  1.62300044605432E+0000  1.62300020000000E+0000  2.93088334000627E+0000
0.747  8.33902086335760E-0001  8.32211560606400E-0001  7.91013402543250E-0001
1.177  4.33512449570650E+0000  4.23855546737455E+0000  3.53585964287318E+0000
0.921  6.53694213208009E+0000  6.25088614195069E+0000  9.26291135697870E-0001
1.547  8.45299902164417E+0000  1.54700037978508E+0000  3.16891047377934E+0000
1.127  8.87299976916896E+0000  3.22165879188279E+0000  1.12700027381684E+0000
0.733  2.25185603502113E+0000  4.95294879592534E+0000  7.58262996154950E-0001
0.930  9.30000306356410E-0001  9.06999977434321E+0000  9.30000215614750E-0001
1.321  3.42149076369911E+0000  3.30848189642139E+0000  1.32100033057852E+0000
1.562  4.80059752969836E+0000  1.56200034162577E+0000  3.15391037313149E+0000
1.167  6.66030424042727E+0000  1.16700022207439E+0000  1.16700029786182E+0000
1.545  4.09882454526301E+0000  6.08427046024154E+0000  1.54500020000000E+0000
1.425  1.42500020000000E+0000  8.57499980000000E+0000  3.17855022215013E+0000
1.412  6.46569217025787E+0000  6.30341436545643E+0000  3.30391049372232E+0000
0.904  6.12680017349145E+0000  9.06880877674102E+0000  3.80224737629201E+0000
0.737  7.56363404668990E-0001  5.00884042193257E+0000  7.94371248263250E-0001
1.478  5.98004138180023E+0000  8.52199980000000E+0000  1.47800020000000E+0000
1.277  8.70645798997182E+0000  6.31641334705140E+0000  1.32546439479643E+0000
1.190  1.19387686817858E+0000  6.89047945760096E+0000  1.19064547793735E+0000
1.621  1.62100028552568E+0000  4.86300845381911E+0000  3.09175962136534E+0000
1.200  3.17005510086873E+0000  8.75669962735909E+0000  1.20618444702437E+0000
1.535  8.46499980000000E+0000  8.46499976137685E+0000  3.18091054884869E+0000
 4.71591075402135E+0000