2.411  3.83160710812078E+0000  4.95745410390138E+0000  1.26026470938201E+0001
1.740  8.25999980000000E+0000  1.75735275480040E+0000  1.81747005890466E+0001
1.926  8.07399980000000E+0000  1.92600020000000E+0000  1.26658299022881E+0001
1.292  8.63251335740125E+0000  1.35596062209261E+0000  2.12386539245142E+0001
2.238  2.23800022150205E+0000  2.23800020000000E+0000  2.23800020000000E+0000
1.277  1.35102770568328E+0000  1.33208253571980E+0000  1.72124837858357E+0001
1.342  8.51974521355390E+0000  1.39782213753136E+0000  5.70826964925865E+0000
2.003  2.78798450397183E+0000  5.49699980000000E+0000  2.16488969881782E+0001
1.906  1.90600020000000E+0000  1.92141351373461E+0000  2.03383357344335E+0001
1.646  1.64600020000000E+0000  1.64600020000000E+0000  2.87180368961158E+0001
2.331  7.66899980000000E+0000  2.33100020000000E+0000  2.46642884463992E+0001
1.628  8.37199980000000E+0000  1.62800020000000E+0000  2.87360368967525E+0001
1.978  5.03832566693140E+0000  5.52045429749743E+0000  2.15584106626399E+0000
2.439  2.43900020000000E+0000  5.00374882473810E+0000  1.72481833018919E+0001
2.230  7.25417656836078E+0000  5.26999980000000E+0000  2.81273690516460E+0001
2.259  7.74099980000000E+0000  2.25900020000000E+0000  2.25900020000000E+0000
1.534  8.46599980000000E+0000  5.96599975792423E+0000  1.53400021144656E+0000
1.841  4.89669196994334E+0000  1.84100020883737E+0000  5.30589748873065E+0000
1.747  8.22958544384684E+0000  1.76440535365512E+0000  8.80267201741650E+0000
2.441  7.55898873326247E+0000  5.05899197409031E+0000  1.57072013492253E+0001
1.716  4.80424697605451E+0000  1.71600021900142E+0000  1.81757313012185E+0001
2.167  7.83299980000000E+0000  5.33299980000000E+0000  1.04104087324198E+0001
1.837  5.16500520175926E+0000  5.66299980000000E+0000  2.46601790686752E+0001
1.451  4.77351100271206E+0000  6.02092810965450E+0000  8.50130026616688E+0000
1.783  4.81682435771039E+0000  2.76038399711486E+0000  8.90127983357881E+0000
1.450  8.49796144940629E+0000  6.02755845044540E+0000  2.44796952568165E+0001
1.567  1.56700020000000E+0000  5.93299974414201E+0000  1.56700021544789E+0000
1.779  1.77900024274323E+0000  1.77900030132987E+0000  7.14452676559667E+0000
2.465  7.52974130143833E+0000  5.03499895734571E+0000  2.07056688930312E+0001
1.671  5.26922798535884E+0000  1.67100020889235E+0000  2.15303608516269E+0001
1.690  1.69000020000000E+0000  5.80999980000000E+0000  9.21076120742297E+0000
1.705  5.12282869182627E+0000  1.70500020000000E+0000  1.47696149695272E+0001
2.347  2.34700020000000E+0000  2.34700020000000E+0000  2.46163097350747E+0001
1.732  1.73200020000000E+0000  1.76891740123641E+0000  1.42117901505759E+0001
1.444  1.44426725378172E+0000  6.05492907474417E+0000  2.47740143822368E+0001
2.374  7.47266237199736E+0000  5.12599980000000E+0000  5.88846307346938E+0000
1.824  5.01958013465875E+0000  1.84898452962677E+0000  2.78709436051805E+0001
2.197  2.46398153883952E+0000  5.30299980000000E+0000  5.43548956588116E+0000
1.780  1.86757130913925E+0000  1.78000101329240E+0000  1.07024248204323E+0001
2.220  2.80437034818302E+0000  5.27999980000000E+0000  2.80870183651720E+0001
 3.03640370967525E+0001