1.518  1.41227004126444E+0000  3.47797912536835E+0000  3.23959679502800E-0002
1.463  3.36659024543205E+0000  1.47480657454443E+0000 -1.01366558532159E+0000
1.513  1.45630240755950E+0000 -2.30352365503884E+0000  2.59435839983077E+0000
0.780  9.22239614631790E-0001 -2.32421153308650E-0001 -4.35234297057071E+0000
0.567  6.76145738155430E-0001 -4.23155697954834E+0000  1.74014606680103E+0000
1.982  1.08558462180700E-0001  2.18241449817040E-0001  5.53576945667810E-0001
1.934 -1.09373174710666E+0000 -1.38722682466503E+0000 -2.83657446301273E+0000
0.829 -1.68382775574762E+0000  1.15699653858315E+0000 -3.91066166363399E+0000
1.609  2.41877392312159E+0000 -1.01271468445487E+0000 -2.56290031135225E+0000
0.600  2.87521076276415E+0000 -3.38679801246096E+0000  1.16517037436009E+0000
0.673  1.08525283245054E+0000 -3.04419484470344E+0000 -3.14929525312768E+0000
1.327 -9.16320201059070E-0001 -1.15660262762250E+0000  3.66260475145768E+0000
1.422  3.04976072107964E+0000  1.45367835955419E+0000  1.85380723697110E+0000
0.764 -3.71913805759115E+0000 -4.69879229683050E-0001 -2.39341342367491E+0000
1.367 -1.48498179625132E+0000  1.46140573872439E+0000  3.29741120554773E+0000
1.598  3.44395826360641E+0000 -1.20149845662166E+0000  4.69954794722820E-0001
0.916  3.18927945818054E+0000 -6.30079291906580E-0001  2.90487105921587E+0000
1.080 -7.81842170121750E-0001  3.90739369708347E+0000 -1.31327788372777E+0000
1.480 -1.27778589066566E+0000 -3.13923380508433E+0000  1.70869382798834E+0000
1.741 -3.31052128916627E+0000 -1.23538518924982E+0000  9.06112860363100E-0002
1.104 -3.06351120596139E+0000 -4.09346997619870E-0001  2.80182414590084E+0000
1.348  1.30057013991903E+0000  3.40143518482000E-0001  3.69045554862133E+0000
1.747 -2.63775140779645E+0000  1.78486777973061E+0000 -1.51923369589871E+0000
1.755  1.04605157716184E+0000 -3.31889375306997E+0000 -5.34680789121350E-0001
1.266 -3.45773097388054E+0000  1.46478117926523E+0000  1.40570921117266E+0000
1.495 -1.43344732990726E+0000  3.31852334393798E+0000  1.10731495478068E+0000
1.141 -1.85753412850091E+0000 -3.59304834010017E+0000 -8.19535103379600E-0001
1.808  6.70731824975620E-0001  1.91257810521661E+0000 -2.81370651111800E+0000
1.316  8.07292226776740E-0001  2.76880497895677E+0000  2.71312298343819E+0000
0.619  3.40021543416437E+0000 -2.78974872047433E+0000 -1.28139928716535E+0000
 5.27567673759534E+0000