16 33,6572691159793
-9,58109761727027 19,6704263458692 -16,7151565503654 1 
-26,6748336450081 -1,37131187048281 6,36814690539277 2 
-1,01703178062262 -26,6123315929589 6,85554755827107 3 
-0,654711814424456 26,5812996656326 -1,44036599173379 4 
-7,8229044223607 -19,5011158088513 16,244691479926 5 
24,7251776996432 -6,92827864544384 -2,50239713878564 6 
2,2966254918194 -10,8389225784696 -23,65394758383 7 
22,6213532275964 7,6978589919748 9,0033686382241 8 
-13,1514299979983 5,43547942203199 -20,1364409752912 9 
12,9601564576127 -17,4644501638758 -9,31094037063939 10 
-13,2621784835627 -2,4978377657928 18,1129671333278 11 
4,5693213144267 15,165184466424 14,7707718741349 12 
-15,668432424175 13,4605302940146 0,192442404780699 13 
10,168012193819 -10,1871931659743 13,3880832393517 14 
-11,4631288694976 -13,6041548700169 -5,622922983845 15 
10,2353741856705 8,27516479046629 -11,7702099690748 16 
