1.302  3.87523717211922E+0000  6.11347816750604E+0000  2.73213914788377E+0000
1.501  8.49899980000000E+0000  3.61700953812835E+0000  1.50100020151131E+0000
1.478  1.47800020382988E+0000  1.47800034477987E+0000  4.75388250542993E+0000
1.536  4.23602630828880E+0000  3.56527699358683E+0000  1.53600020000000E+0000
1.613  3.85916587712934E+0000  1.61300140576772E+0000  6.72012468410281E+0000
1.560  6.12848578270557E+0000  8.43999976613809E+0000  6.77312466111004E+0000
1.537  1.53700020000000E+0000  5.03449060317194E+0000  1.53700022645054E+0000
1.548  6.11886557782244E+0000  6.34180834042044E+0000  4.47765529597229E+0000
1.391  6.38895395518167E+0000  3.50279299808640E+0000  3.51800167664145E+0000
1.645  1.70504803624504E+0000  8.29779446869554E+0000  1.74908134310189E+0000
1.463  8.53699978030314E+0000  1.46300020000000E+0000  3.53670602532824E+0000
1.611  8.15120068512304E+0000  8.36592846005648E+0000  1.61100020000000E+0000
1.604  3.91924892305471E+0000  6.17543906585465E+0000  6.72912469120993E+0000
1.572  1.57467588406276E+0000  6.16873007311041E+0000  4.45808572999993E+0000
1.341  8.65899979925633E+0000  5.91142355743301E+0000  3.17044052735732E+0000
1.302  6.23675255292138E+0000  1.30200025434365E+0000  5.06253990153420E+0000
1.501  6.36620886029327E+0000  5.72964036994125E+0000  1.50100020867025E+0000
1.478  6.41658130538315E+0000  1.47961949409539E+0000  1.48069286057675E+0000
1.536  8.46399980000000E+0000  8.46399980000000E+0000  4.74088043091029E+0000
1.613  6.15825133615122E+0000  3.87099963284356E+0000  6.56936266105888E+0000
1.560  8.37713114755850E+0000  6.12997851142213E+0000  6.77312468459359E+0000
1.537  8.46299966462370E+0000  1.61573825765629E+0000  6.79612460066553E+0000
1.548  4.99400144028479E+0000  8.45199980000000E+0000  1.54800020518276E+0000
1.391  4.05446095209778E+0000  1.39100020000000E+0000  3.48712442923353E+0000
1.645  1.64500059509544E+0000  1.72313981487990E+0000  1.64500020719717E+0000
1.463  3.77812033056771E+0000  4.02748363330108E+0000  4.54443668955827E+0000
1.611  1.61100021479963E+0000  3.92383001241489E+0000  6.72212466539809E+0000
1.604  1.60400020000000E+0000  8.39599979319807E+0000  6.72912465285624E+0000
1.572  3.79931347202995E+0000  8.42799978468979E+0000  4.43422719327881E+0000
1.341  8.65899976142551E+0000  3.85357415596007E+0000  4.99707943936094E+0000
 8.33312489120993E+0000