1.517  6.15582339767657E+0000  3.48269392229771E+0000  7.08382773538512E+0000
1.087  8.80915752521116E+0000  1.15853824493272E+0000  3.65454467383283E+0000
1.532  6.16622671248125E+0000  3.46799954023814E+0000  1.18654105613119E+0001
1.517  3.81853931914098E+0000  1.51891615283241E+0000  1.19038708328632E+0001
1.087  6.07149779602977E+0000  3.86094807480414E+0000  3.15146666635993E+0000
1.532  6.19663485493729E+0000  1.53200020000000E+0000  1.53200020000000E+0000
1.517  3.84422933043549E+0000  1.51730189584899E+0000  7.11732900696417E+0000
1.087  1.18085165006079E+0000  3.84068304555105E+0000  3.67050982066718E+0000
1.532  1.57495338517565E+0000  1.53200020000000E+0000  2.06265660923584E+0000
1.517  3.80323083149263E+0000  3.48299980000000E+0000  4.55058235794894E+0000
1.087  3.98947613776255E+0000  1.13219258209725E+0000  3.09212016110151E+0000
1.532  8.46799980000000E+0000  3.46799980000000E+0000  5.09331231466405E+0000
1.517  3.84629121930814E+0000  3.48299957087415E+0000  9.48623227580342E+0000
1.087  1.08700020000000E+0000  1.08700020000000E+0000  1.31402256675034E+0001
1.532  8.46799752738317E+0000  1.53200020000000E+0000  7.46818157420779E+0000
1.517  6.15695155079808E+0000  1.51700045208133E+0000  9.45696408318114E+0000
1.087  3.92212681955064E+0000  3.91299980000000E+0000  1.31402256629542E+0001
1.532  8.46799980000000E+0000  3.46799978733620E+0000  9.84305084871811E+0000
1.517  1.52472819885497E+0000  3.48299980000000E+0000  1.22191404456672E+0001
1.087  1.08700020000000E+0000  3.91299980000000E+0000  1.08700020000000E+0000
1.532  1.53587630673967E+0000  1.53200020000000E+0000  9.87609124855672E+0000
1.517  3.85360714028572E+0000  3.48299980000000E+0000  1.51700020000000E+0000
1.087  6.07857717466317E+0000  1.09769185427317E+0000  1.31353818706566E+0001
1.532  6.14587443102586E+0000  1.53200020000000E+0000  4.59558012260329E+0000
1.517  8.48299980000000E+0000  1.51700020589392E+0000  1.22155067543578E+0001
1.087  8.91299951932282E+0000  3.91299977276220E+0000  1.31402254992208E+0001
1.532  1.53200130419320E+0000  3.46799980000000E+0000  7.50122516676884E+0000
1.517  8.48299980000000E+0000  3.48299980000000E+0000  2.04438567510559E+0000
1.087  8.89649886156561E+0000  1.09034163619609E+0000  1.09506621694354E+0000
1.532  1.53200020000000E+0000  1.53200020000000E+0000  5.12635592341682E+0000
 1.42272258675034E+0001