1.000  3.79008317085326E+0001  4.57307880691040E+0001 -3.41059448834704E+0001
2.000  6.69890730455296E+0001 -1.03428447304034E+0001  6.79946273943187E+0000
3.000  7.06367264819416E+0000 -1.08597960441624E+0001 -6.81860645427723E+0001
4.000 -7.00043369002916E+0000  4.26738766036024E+0000 -6.77028244542547E+0001
5.000 -3.10435451103274E+0001 -5.80629269656123E+0001 -1.83482681747768E+0001
6.000  5.12095259693312E+0001  1.98909083130175E+0001  4.04990368777063E+0001
7.000  1.38190750720182E+0001 -5.14509507871684E+0001 -4.27482806726102E+0001
8.000  4.06162795768832E+0000 -3.18240496449461E+0001  5.94909036155523E+0001
9.000  1.75460491386068E+0001 -6.15065309478338E+0001  2.00730616504170E+0001
10.000 -4.83757458886658E+0001  2.38304166939223E-0001 -4.66599558867033E+0001
11.000  5.90225119856415E+0001  1.37925289893925E+0000 -3.22459815683037E+0001
12.000 -5.99492835611344E+0001 -1.65644285725706E+0001  2.54564134523232E+0001
13.000 -2.20287561609939E+0001 -1.73879774923001E+0001  6.01355237302742E+0001
14.000  2.30013883694580E+0001 -2.53457213131061E+0001 -5.56711390546044E+0001
15.000 -5.27155780651967E+0001 -3.42037005953082E+0001 -1.50100972196408E+0001
16.000 -6.98374466274601E-0001 -6.10307044968053E+0001 -1.73841128566692E+0001
17.000 -3.57564453359973E+0001  4.93461026868997E+0001 -1.43574655919820E+0001
18.000  5.21931710353026E+0001 -8.67752246574081E+0000  3.14795175332322E+0001
19.000  1.87322722899992E+0001  5.16834879708830E+0001  2.55183746355703E+0001
20.000  2.75658100947372E+0001 -3.69922463132570E+0001  3.77459037042566E+0001
21.000 -4.03671164694352E+0001  6.19127141121162E+0000  4.20357286052818E+0001
22.000 -6.39549894148992E-0001  6.98476839161650E+0000 -3.29069166025342E+0000
23.000 -2.31070021075210E+0001  2.59224095770903E+0001 -4.47046259394230E+0001
24.000 -2.35696961847747E+0001  4.40442155060163E+0001  2.44288146573359E+0001
25.000  6.11838943816050E+0000  5.16510166502604E+0001 -1.66347899546047E+0001
26.000  2.43881434843387E+0001  1.39105263019059E+0001 -4.56670470341671E+0001
27.000  4.66452187241560E+0001  2.42916281373694E+0001  1.29949806383461E+0000
28.000 -5.06857225004533E+0001  7.75803057795461E+0000 -5.83986088572608E+0000
29.000 -1.75444005277340E+0001 -2.55644575509824E+0001 -3.99971375871813E+0001
30.000  1.02452363199847E+0001  8.83768583751241E+0000  4.77266586674612E+0001
31.000  3.53990443864536E+0001 -3.09617522183602E+0001 -1.22868257341961E+0001
32.000 -2.11740756906657E+0001 -3.78452666794795E+0001  1.96435184821679E+0001
 7.96074966624231E+0001
