1.199  4.35915630683806E+0000  8.78326619265247E+0000  1.26259916604082E+0000
1.501  8.49170627074309E+0000  4.91301023779414E+0000  1.52051626596321E+0000
0.744  2.36915101575912E+0000  5.35530724363196E+0000  7.70951494149850E-0001
0.878  8.86717080732810E-0001  3.03644397616753E+0000  2.14412544907818E+0000
1.520  8.46433626321694E+0000  8.45625840068065E+0000  1.52099810837458E+0000
1.043  4.46077006515814E+0000  1.05282234012487E+0000  1.08566034617699E+0000
0.708  6.54685288154470E+0000  7.55473321474120E-0001  7.60672494072310E-0001
1.521  6.23569745063072E+0000  2.88643596574755E+0000  1.52100020000000E+0000
0.755  6.22378407632623E+0000  9.03480084462794E+0000  2.14336952869838E+0000
0.949  8.91244390382407E+0000  2.41532058108971E+0000  1.62132201480211E+0000
1.199  1.36975414036601E+0000  1.21351158397623E+0000  1.23197990795543E+0000
1.501  6.02624884696228E+0000  6.64723390409855E+0000  1.51771844612053E+0000
0.744  7.60054915386650E-0001  5.74539137119074E+0000  7.56345141989060E-0001
0.878  7.51493219172961E+0000  9.09972727125810E-0001  2.10984107971809E+0000
1.520  3.20297072133403E+0000  3.25726971297232E+0000  1.52098576204309E+0000
1.043  3.68274581262123E+0000  5.74421323343072E+0000  1.98325576400703E+0000
0.708  7.23121532897460E-0001  9.28142252431540E+0000  7.30525530067810E-0001
1.521  1.91495867767461E+0000  7.56084648814045E+0000  1.52100020000000E+0000
0.755  9.18282760098318E+0000  7.90386835162790E-0001  2.19181117518785E+0000
0.949  1.33039706164206E+0000  4.83323906435509E+0000  2.08015629124761E+0000
 3.04200040000000E+0000
