0.701  3.08035103629414E+0000  3.72342715266683E+0000  7.64022535314320E-0001
0.587  9.23193166542378E+0000  7.60575165821490E-0001  3.64155316637547E+0000
1.567  8.40830302500685E+0000  1.56700021584068E+0000  1.56700021491506E+0000
1.004  6.69904436262684E+0000  1.03560955775362E+0000  3.43809784844500E+0000
1.661  1.84487771583346E+0000  5.83899980000000E+0000  1.66100020000000E+0000
0.819  7.44290203192547E+0000  6.54076314345670E+0000  8.51591878515550E-0001
1.104  8.89598605276205E+0000  4.15196748594514E+0000  1.10400261115582E+0000
1.486  3.70665142260266E+0000  3.66401542471234E+0000  2.96746602988145E+0000
0.975  3.62665223459566E+0000  6.52499977272418E+0000  3.47846601418021E+0000
1.492  8.50799957100027E+0000  6.00799962810263E+0000  2.87709015115365E+0000
0.701  9.12677562509192E+0000  6.66741006740032E+0000  7.78453470549710E-0001
0.587  3.52424796409206E+0000  6.90425888515248E+0000  5.95741202878350E-0001
1.567  5.19432588643392E+0000  5.93299971134191E+0000  1.56700021707671E+0000
1.004  3.60712584136059E+0000  1.04846782487307E+0000  3.42813271627997E+0000
1.661  1.66100028967779E+0000  1.66100020000000E+0000  1.66100020000000E+0000
0.819  6.32675380470629E+0000  6.56654125032650E+0000  3.60541439410490E+0000
1.104  1.10400020000000E+0000  3.77856038650672E+0000  3.34946604181224E+0000
1.486  6.67864580538987E+0000  3.65969895888999E+0000  2.96332027694145E+0000
0.975  9.02499980000000E+0000  3.12512396568195E+0000  3.47846602410654E+0000
1.492  5.17210016611374E+0000  1.50790956888687E+0000  1.49980431186376E+0000
 4.45346624181224E+0000
