1.770  1.77000021157206E+0000  5.72999980000000E+0000  1.11735817892448E+0001
1.784  1.78954759454566E+0000  5.70646051727097E+0000  5.32210698811252E+0000
1.770  8.22999980000000E+0000  1.77000020000000E+0000  1.77000020000000E+0000
1.784  4.95861594474573E+0000  4.16046083739314E+0000  1.11595817857699E+0001
1.770  1.77248347255140E+0000  1.77000020000000E+0000  5.30538286851900E+0000
1.784  8.20761151564885E+0000  1.78973021076710E+0000  7.61955244070432E+0000
1.770  8.22999980000000E+0000  5.54926255734761E+0000  1.11735817890373E+0001
1.784  5.04138410691656E+0000  3.33953915475630E+0000  1.78400020000000E+0000
1.770  1.77000020000000E+0000  1.95073741500939E+0000  1.77000020000000E+0000
1.784  5.25320264450394E+0000  5.71599980000000E+0000  4.43695978162491E+0000
1.770  8.22751677472158E+0000  5.72999980000000E+0000  7.63819910787528E+0000
1.784  4.68813517541693E+0000  5.71599979117476E+0000  7.95993092482347E+0000
1.770  7.67129341806052E+0000  5.72999976674658E+0000  1.77000025847963E+0000
1.784  4.74679741590570E+0000  1.78400020000000E+0000  8.50662218946511E+0000
1.770  2.32870667874483E+0000  1.77000025618327E+0000  1.11735817291987E+0001
1.784  5.31186489487766E+0000  1.78400020000000E+0000  4.98365104721373E+0000
1.770  8.22999980000000E+0000  3.78941311550990E+0000  4.67750328082189E+0000
1.784  2.30333208044262E+0000  5.65980755999977E+0000  1.78776717150297E+0000
1.770  1.77000020321952E+0000  3.71058689131041E+0000  8.26607871637651E+0000
1.784  7.68752968915594E+0000  1.81828807024347E+0000  1.11544901850010E+0001
 1.29435819892448E+0001