0.998  2.69504604864944E+0000  4.00199980000000E+0000  1.05300088109477E+0000
0.890  8.90000200285170E-0001  8.90000200000000E-0001  8.90001921213460E-0001
0.465  5.99409730186550E-0001  5.60632544687850E-0001  2.51567025839585E+0000
0.998  5.96309337058030E+0000  3.78896684720445E+0000  9.98000204368390E-0001
0.890  7.39569991876912E+0000  9.20427052115510E-0001  2.25724980048893E+0000
0.465  3.22569860638179E+0000  2.77194562888979E+0000  4.65000203124590E-0001
0.998  4.53346729024992E+0000  2.38981704217177E+0000  9.98000209423020E-0001
0.890  3.14735636319743E+0000  2.55487438333413E+0000  2.26921947798971E+0000
0.465  6.36617675883180E-0001  4.36061209495848E+0000  5.76195282815820E-0001
0.998  9.98000214665060E-0001  3.89564529069558E+0000  2.09834384568723E+0000
0.890  9.03958438884859E+0000  4.07341230717636E+0000  9.16159636391870E-0001
0.465  5.96441283530438E+0000  4.42241016709682E+0000  2.56421804867557E+0000
0.998  5.96415365499522E+0000  9.98000200000000E-0001  9.98000290506470E-0001
0.890  4.54471238172879E+0000  9.26429072481200E-0001  2.26145065534368E+0000
0.465  7.48199381865805E+0000  4.42215705928017E+0000  5.59064735139900E-0001
0.998  4.35512712069774E+0000  4.00199980000000E+0000  2.16121951512107E+0000
0.890  3.39178817394368E+0000  8.90000238029380E-0001  8.90000237788230E-0001
0.465  7.39517620419105E+0000  5.48225184997160E-0001  5.47410037420260E-0001
0.998  8.82603410016537E+0000  9.98000214167630E-0001  9.98000227056190E-0001
0.890  5.92936805242296E+0000  2.39347054640769E+0000  2.26921947470840E+0000
0.465  7.43296075561273E+0000  2.41576819093964E+0000  2.62676500605382E+0000
0.998  9.00199980000000E+0000  2.61044389901401E+0000  2.16121951354164E+0000
0.890  2.26655226125362E+0000  8.90000266964770E-0001  2.26921947227877E+0000
0.465  2.17125569253750E+0000  4.53499976030918E+0000  2.69421943250954E+0000
0.998  7.57105962046749E+0000  4.00199980000000E+0000  2.16121951398502E+0000
0.890  8.90000250253320E-0001  2.01849756376951E+0000  2.26921867838290E+0000
0.465  3.10125613350345E+0000  4.53499973633095E+0000  2.69421941473633E+0000
0.998  7.39509374988203E+0000  2.38955617846897E+0000  9.98000200000000E-0001
0.890  2.06110184527741E+0000  2.23047570331063E+0000  8.96915494393620E-0001
0.465  2.14074962176287E+0000  4.90078668234670E-0001  4.90394920364300E-0001
 3.15921971512107E+0000