1.544  1.54400028547417E+0000  4.02613370655549E+0000  5.99620731523725E+0000
1.054  4.32686435929078E+0000  1.46284880412744E+0000  1.10794210383603E+0001
0.933  9.04633782993067E+0000  9.39413429274420E-0001  8.32349873487010E+0000
1.383  5.95751285000733E+0000  6.01199707404701E+0000  8.65063133124183E+0000
1.608  6.22815352768326E+0000  3.75173994445803E+0000  6.25048528010573E+0000
1.544  3.98829538063682E+0000  1.54400020000000E+0000  6.04064266200206E+0000
1.054  1.11692542233402E+0000  1.14583916077519E+0000  1.15529560701801E+0000
0.933  9.92826842649460E-0001  6.52830742050978E+0000  6.01531013648894E+0000
1.383  1.38300024055166E+0000  5.91779842490608E+0000  3.76842431664991E+0000
1.608  8.39199978025155E+0000  5.89199979360390E+0000  1.04800457985253E+0001
1.544  1.54400020000000E+0000  3.82135076253678E+0000  1.73217316893866E+0000
1.054  1.11547854435975E+0000  6.40713144288994E+0000  1.10143355652683E+0001
0.933  6.16692105083396E+0000  9.57855766181270E-0001  9.57312464954260E-0001
1.383  6.31062809753143E+0000  1.38568024092676E+0000  8.08554062903630E+0000
1.608  3.69559676746471E+0000  3.61367362979418E+0000  8.39985566006387E+0000
1.544  3.76742337496955E+0000  5.95599980000000E+0000  1.54400020000000E+0000
1.054  1.12336921794276E+0000  6.39067711934021E+0000  1.14028372897530E+0000
0.933  6.05112533195879E+0000  6.56699978951451E+0000  1.12021019198231E+0001
1.383  8.41174753600080E+0000  1.39116964709839E+0000  1.40166280331279E+0000
1.608  1.63700427226740E+0000  1.60800020000000E+0000  1.05271019774542E+0001
1.544  3.72972722997177E+0000  5.95599978275915E+0000  1.05911019112693E+0001
1.054  4.08202321619337E+0000  1.05445586246569E+0000  9.02422865680789E+0000
0.933  9.06336684100154E+0000  3.54687539480564E+0000  1.11985002631600E+0001
1.383  5.88601084229960E+0000  6.11648778056936E+0000  3.55748363061096E+0000
1.608  8.39199980000000E+0000  5.89199980000000E+0000  1.76752358155413E+0000
1.544  8.45599980000000E+0000  1.54400020000000E+0000  5.93792654608543E+0000
1.054  1.15063194172954E+0000  4.24436952414619E+0000  1.09596435206880E+0001
0.933  6.08882162974745E+0000  6.56699968097071E+0000  9.33000354248630E-0001
1.383  8.55080902067146E+0000  3.46484959754572E+0000  3.57693649163238E+0000
1.608  6.10749412066227E+0000  3.62893144117444E+0000  1.05271019899190E+0001
1.544  6.01304418085127E+0000  3.83634571289856E+0000  1.54400020000000E+0000
1.054  6.52718898439758E+0000  6.44599941536024E+0000  6.29629911121804E+0000
0.933  9.04909152351305E+0000  9.53261500603850E-0001  3.59572782157301E+0000
1.383  1.38300020125330E+0000  1.38300020148858E+0000  7.36497171086040E+0000
1.608  1.60800020914320E+0000  1.60800020617635E+0000  3.97540523016940E+0000
1.544  8.45599980000000E+0000  3.34888626412856E+0000  8.44354678344359E+0000
1.054  8.94173187571793E+0000  4.09864326237838E+0000  5.99993793297510E+0000
0.933  9.05605548224710E+0000  3.57492992558814E+0000  9.44073552161350E-0001
1.383  8.46079716180084E+0000  1.38468200085871E+0000  1.06199099890523E+0001
1.608  6.17107038519328E+0000  1.60800020000000E+0000  3.76764819798366E+0000
1.544  1.54685470421046E+0000  5.95599980000000E+0000  8.40688255559954E+0000
1.054  3.51267592627672E+0000  3.41387566087805E+0000  1.10811019240525E+0001
0.933  6.24994981787381E+0000  9.46409032518290E-0001  1.11812612637954E+0001
1.383  8.61699965406193E+0000  6.11699979005161E+0000  7.50601920111602E+0000
1.608  3.78470696359896E+0000  1.60800020000000E+0000  1.60800022205395E+0000
1.544  3.97584892338610E+0000  5.95599980000000E+0000  6.30938366099375E+0000
1.054  1.05400020000000E+0000  3.41821326691457E+0000  8.66444767447962E+0000
0.933  3.59962822880247E+0000  6.56699980000000E+0000  3.93858885204688E+0000
1.383  8.38185575302353E+0000  6.11699877889866E+0000  4.75003194812813E+0000
1.608  3.91615601875744E+0000  3.89564984935662E+0000  3.92474450759328E+0000
 1.21351021899190E+0001
