0.787  9.03260672860873E+0000  3.87461742466699E+0000  4.76600830708716E+0000
1.528  6.25876575343001E+0000  1.52800021114543E+0000  1.52800020000000E+0000
0.663  4.52381212355862E+0000  4.13039347366471E+0000  3.76107412043985E+0000
0.787  7.38771708508213E+0000  4.04855732281745E+0000  6.88831277002154E+0000
1.528  8.47199957084238E+0000  1.52800031803579E+0000  6.18102638543198E+0000
0.663  8.59538032587620E-0001  8.28540355284920E-0001  3.85623003114204E+0000
0.787  5.09615620840444E+0000  9.62634854548230E-0001  6.09811111152260E+0000
1.528  1.52800021404051E+0000  1.52800020000000E+0000  1.52800020000000E+0000
0.663  6.63839939798400E-0001  3.35116702815084E+0000  7.04100100391409E+0000
0.787  6.92755566596054E+0000  9.07652891603270E-0001  4.13616195840803E+0000
1.528  1.52800021960557E+0000  1.52800020000000E+0000  6.18102656125528E+0000
0.663  6.64307765775490E-0001  3.47575187216166E+0000  5.66032908496635E+0000
0.787  8.77765756343748E+0000  9.31967616351300E-0001  2.59877488885292E+0000
1.528  4.27723227423046E+0000  1.52800020000000E+0000  3.85451338425668E+0000
0.663  1.90824610632511E+0000  3.81179874725395E+0000  7.04550555019455E+0000
0.787  8.82163315170569E+0000  1.05032905803448E+0000  8.80049220412720E-0001
1.528  3.89338299241448E+0000  3.47199980000000E+0000  1.52800020000000E+0000
0.663  3.66633948302500E+0000  8.02987589963370E-0001  6.89774927088344E+0000
0.787  1.60351373548624E+0000  3.94254768230936E+0000  8.39794448710720E-0001
1.528  8.47199980000000E+0000  3.47199980000000E+0000  2.34138763364740E+0000
0.663  6.41866176555194E+0000  8.01968338678680E-0001  6.93327425292723E+0000
0.787  9.06049671649301E+0000  3.91426961693911E+0000  6.67781850471988E+0000
1.528  3.89338294865551E+0000  3.47199980000000E+0000  6.18102656245672E+0000
0.663  1.65741390485331E+0000  4.33569329578024E+0000  5.85274891248354E+0000
0.787  3.89546414819933E+0000  9.05222834954370E-0001  9.26148817788920E-0001
1.528  1.91184947524128E+0000  3.47199980000000E+0000  3.85451337403404E+0000
0.663  7.13779166924940E-0001  4.14113518884434E+0000  2.05962629134091E+0000
0.787  6.41737852639340E+0000  3.98124070239761E+0000  9.32966112259230E-0001
1.528  6.59538500187665E+0000  3.47199970141887E+0000  4.75332784929318E+0000
0.663  9.23344659482815E+0000  8.07365755659170E-0001  4.12443355599171E+0000
 7.70902676245672E+0000