0.495  9.33306728426505E+0000  5.18992427323461E+0000  2.05611580289386E+0000
0.468  5.38485132451270E-0001  5.06940133396379E+0000  2.13276458424100E+0000
0.905  8.32024833310431E+0000  2.30554946901877E+0000  9.05000228676730E-0001
0.813  3.47572696323974E+0000  5.17686348711381E+0000  8.13000269439130E-0001
0.904  9.04000201401450E-0001  9.04000220201240E-0001  1.74544831409610E+0000
0.495  8.16470374832800E+0000  5.87533812127730E-0001  5.62056650239790E-0001
0.468  5.39080329944810E-0001  2.40775145576401E+0000  2.13162931160246E+0000
0.905  5.48705060767197E+0000  3.96172813297406E+0000  9.05000228462880E-0001
0.813  2.57294232766786E+0000  3.82451092525277E+0000  8.13000297567180E-0001
0.904  2.50425972565330E+0000  9.04000295245230E-0001  9.04000200981240E-0001
0.495  6.38973418695716E+0000  6.83828044823888E+0000  2.08824593429934E+0000
0.468  4.18853870862494E+0000  6.96884360603057E+0000  4.82197887809370E-0001
0.905  5.12864900714281E+0000  2.39872563079143E+0000  1.74444829532370E+0000
0.813  2.08056110267807E+0000  2.29738170687988E+0000  1.83446837934057E+0000
0.904  7.29599699306702E+0000  1.07386817588392E+0000  1.74544831057692E+0000
0.495  7.94079910344057E+0000  6.93680455978463E+0000  2.13412447494624E+0000
0.468  5.04244925960480E-0001  5.03798084271130E-0001  4.81282475083220E-0001
0.905  7.28844718457449E+0000  3.63474335188366E+0000  1.74444823816575E+0000
0.813  2.21610419909076E+0000  5.07794246618829E+0000  1.83644781550345E+0000
0.904  1.13319561870075E+0000  3.74861166482108E+0000  1.74544830906378E+0000
0.495  9.36581980674013E+0000  2.30697564237295E+0000  2.07443623721920E+0000
0.468  1.26135533357901E+0000  7.00585182648048E+0000  4.75329791300310E-0001
0.905  9.05000557040640E-0001  6.59499976469223E+0000  1.74444828284741E+0000
0.813  8.13000300527970E-0001  5.15435202629036E+0000  8.13000214615300E-0001
0.904  9.09599980000000E+0000  9.04000276760120E-0001  1.74544798107222E+0000
0.495  2.33254358836073E+0000  6.87241400239688E+0000  2.10418369976283E+0000
0.468  5.04252228343976E+0000  6.97112235989783E+0000  2.16661685937973E+0000
0.905  6.45403326589777E+0000  5.24093614653006E+0000  1.74444828067030E+0000
0.813  3.86591228884765E+0000  3.81508525518872E+0000  1.82780441116498E+0000
0.904  4.10451924910907E+0000  9.04006459939810E-0001  1.74544831724558E+0000
0.495  7.89341371900492E+0000  5.80143220781178E+0000  2.10978479074653E+0000
0.468  3.76801426321702E+0000  4.85141228319900E-0001  4.75052527319010E-0001
0.905  3.74557870781262E+0000  6.59499972753511E+0000  1.74444821459738E+0000
0.813  2.32528961351203E+0000  6.33671692072948E+0000  8.13000374867280E-0001
0.904  9.09599980000000E+0000  3.70709832502372E+0000  1.74544829007337E+0000
0.495  6.85614268738049E+0000  4.36106743243059E+0000  5.30887024026490E-0001
0.468  6.58098931012939E+0000  2.35867659122866E+0000  2.14622182867293E+0000
0.905  3.52508197530906E+0000  2.39745390527443E+0000  9.05000356463410E-0001
0.813  6.60566874811463E+0000  2.36283772499957E+0000  8.13000297591750E-0001
0.904  7.30839389520289E+0000  6.59599980000000E+0000  9.04000268754080E-0001
0.495  9.43000983318949E+0000  4.43861447766780E+0000  5.33683716407360E-0001
0.468  2.16719078690187E+0000  4.85088853093790E-0001  2.17429387024252E+0000
0.905  9.07543374557576E+0000  6.51923577447188E+0000  1.35237752995859E+0000
0.813  4.73907549116969E+0000  5.19641978835598E+0000  1.83644824520985E+0000
0.904  8.14084599828171E+0000  4.99104219291471E+0000  9.04000251875640E-0001
0.495  4.88116894940231E+0000  5.24609863816765E+0000  5.12683117861900E-0001
0.468  4.68195416225980E-0001  6.33926572210985E+0000  4.68074075854690E-0001
0.905  5.46570542201824E+0000  6.53924656065973E+0000  9.16086404615480E-0001
0.813  8.13000295049560E-0001  2.34287130772421E+0000  8.13000213094520E-0001
0.904  5.70477877205546E+0000  9.04000213912870E-0001  9.04000200034990E-0001
 2.64944851724558E+0000
