125.040420406786
-45.333510592302 34.6963659306055 0 11.9999994081773 
116.675485171907 9.23532238699783 0 7.99999992095202 
115.534814682732 24.1918883810374 0 6.99999991378311 
-14.4259458790478 -101.867883449097 0 13.0000005122396 
8.08083216585883 -112.751186822059 0 11.9999998931961 
93.3795335682063 -81.6472632371288 0 1.00000003868794 
-32.5866922929819 -112.412471759286 0 8.00000038906304 
-82.7175777240085 91.086412309164 0 1.99999994275664 
2.8493404002144 124.007637437605 0 1.00000003868794 
58.6553358385605 50.9570567215106 0 1.99999994245631 
60.3419781231151 -88.4109569930114 0 17.9999998110374 
-22.9897574059194 102.493712071276 0 19.9999997991324 
108.234670687208 -13.2313783124468 0 15.9999998460715 
25.9317292958507 -70.0551595893686 0 21.0000068837614 
33.1802095565885 -105.96715190833 0 13.9999998886448 
-56.9782605138172 94.1401720050272 0 14.9999998279257 
-30.9908476694399 63.3020991281267 0 19.9999998208313 
93.8681883219867 36.6641491810981 0 17.9999998223824 
65.3443015705191 7.21269750070468 0 23.0000016383834 
-14.1974369912225 -54.6068595341487 0 21.9999926618297 
72.5924110402652 71.7118490858905 0 22.9999997716743 
25.0261024272829 92.7224708923876 0 28.9999996776956 
-96.9555295279415 4.05814440334991 0 27.9999997332225 
-78.5691839993198 56.9537230423051 0 27.9999997300917 
-39.1717864569358 -7.85986900190081 0 31 
22.9555536180909 -21.1456203190452 0 27.9999997355832 
10.5792655700838 35.5185454325585 0 30.0000018542862 
75.2445550318284 -43.8361529332914 0 28.9999997046055 
-51.8404865636964 -84.3893959397076 0 25.9999933311288 
-87.7028235910954 -48.1279462638778 0 25.0000061592375 
