129.575109475238
-66.0184270040226 66.6063226769669 0 12.0000019175657 
0.103335554097784 -121.575065576656 0 7.99999990934106 
-14.8963852445752 -121.666573762587 0 6.99999994705486 
-69.0628952725248 -100.053814466775 0 7.99999991557454 
3.55804827237511 32.8586100385394 0 1.99999995805882 
-80.2380370968201 85.9404665480569 0 11.9999998836964 
26.1244463088922 97.5567081764943 0 1.99999995805882 
33.8976089171832 111.537924513835 0 12.9999984844381 
65.9327201701952 -110.322045542772 0 1.00000001310651 
110.43234868749 65.8497822076231 0 1.00000001310514 
58.2293282836601 99.8346195822604 0 13.9999998860359 
80.6004316592957 74.2312268801547 0 19.9999998511717 
109.412536700242 5.96669624178866 0 19.9999998081566 
8.48277287123962 -21.3794723483979 0 16.0000033665294 
77.3465165844408 -74.7657715150429 0 21.9999997794035 
-95.3327482182623 63.554093865993 0 14.9999998299438 
100.291127473956 -36.0547270962644 0 23.0000016274173 
102.794291908657 43.3859267036405 0 17.9999998030722 
-49.091137768727 96.8432477605577 0 20.9999997312207 
-106.71293744311 32.5784414871894 0 17.9999963170489 
-2.09229350945596 96.5137178322175 0 25.9999997365439 
35.5144253843243 57.7614967115367 0 27.999999736157 
-81.9816076092293 -64.9227970991289 0 24.9999997484196 
-55.9959082407105 27.375432901555 0 28.0000029149407 
45.2302685394335 -43.2451823967181 0 22.9999997783786 
60.4153128975055 6.48825082649348 0 28.9999997123768 
-99.6124549985717 -13.882102810768 0 28.9999933172615 
-32.6249335916492 -89.190448548085 0 30.0000018421858 
-38.7548435217192 -26.697889544814 0 28.0000029150043 
28.1460415610594 -94.4714374069356 0 31 
