123.135739546878
-79.8046011815849 -77.3458354231373 0 11.999999872652 
90.4116374206949 71.2879678078447 0 7.99999991410158 
-75.2674913410175 81.7677043470836 0 11.9999994250785 
111.228849168149 -33.4013940517435 0 6.99999993001024 
-62.025852228031 66.7790664607049 0 8.00000039236246 
-105.449170282699 -59.6182499645046 0 1.99999993352653 
-59.8745914405475 -92.43870566462 0 13.0000005110501 
-119.688945770122 -24.3246978635311 0 1.00000004384601 
54.1922605643865 109.454710088857 0 1.00000004384601 
-4.72141809112927 121.043675807583 0 1.99999993352658 
23.6553837101571 -104.491576408749 0 15.9999998326196 
55.1903009277277 -87.1264109810621 0 19.9999997906384 
-53.0964305759554 95.348721609082 0 13.9999998909058 
62.9026817319401 80.467147625855 0 20.999999799514 
-39.9565047836875 -52.3543201783723 0 18.0000033413036 
-102.761695984514 8.77584072297284 0 19.9999962499031 
20.8413903113572 -61.2584277671235 0 23.0000016316487 
-25.7577393816327 105.023221527427 0 14.9999998316108 
104.727002595945 -9.26167611792108 0 17.9999998604029 
-60.9283625324798 12.5137389427182 0 21.9999997714529 
82.9903326463391 -50.4772882858114 0 25.9999997338699 
-26.5825389338397 53.0760485362966 0 30.0000082434397 
87.3642879320445 34.4136727693055 0 28.9999996997504 
-18.8824812350242 -93.2430205454882 0 27.9999997305578 
41.5183369831138 -11.3739271388903 0 30.9999939124719 
34.2497107988698 44.1523402156355 0 24.9999997576261 
-87.3691651466063 48.9264279403296 0 22.9999997726492 
15.7576225125703 93.8216729814037 0 27.9999997235521 
-84.2323261996322 -36.5856193288515 0 28.9999996797668 
-17.4755620203888 -12.2219454489825 0 27.9999997463159 
