124.222423609215
103.567868775955 54.9071323556544 0 6.99999984098058 
-14.8402378194521 121.318125367654 0 1.99999994399152 
18.2826436951945 -114.775417711213 0 8.00000007362598 
51.168476858966 -99.8782230063277 0 11.9999995429861 
-104.090881627042 51.6985483209502 0 8.0000001104243 
-122.201162749765 2.27947885828198 0 1.99999994399152 
8.96302623704515 5.36948176883275 0 11.9999999074932 
122.942629428245 8.29908911485707 0 1.00000007564885 
122.183684194045 -15.9659740585098 0 1.00000007564885 
-17.1544105969238 -76.0440421834454 0 13.000000485209 
-6.20631557389763 -106.040962368718 0 17.9999963253036 
-3.12261250074442 -27.477701652519 0 23.0000016291618 
71.8131736912063 -80.9627092670722 0 16.0000033540039 
58.1074818850049 93.6616422882929 0 13.9999998746784 
-33.8633994062414 97.5096864830977 0 20.9999997588473 
79.5801259160583 67.300201942753 0 19.9999997801101 
90.3952331499321 -1.43564983393718 0 21.999999772236 
-101.06431283042 -25.4620949274848 0 19.9999998372179 
-41.2686290554174 -97.8780034594831 0 17.9999998220263 
104.144900373187 32.9147013314012 0 14.9999998464145 
-70.7328144219547 65.2351426868047 0 27.999999601457 
42.8265770951392 33.4006998580267 0 29.9999961225254 
-72.090746202877 -63.7313044423008 0 27.9999997076816 
47.2280817715868 -22.4260528618432 0 25.9999999420121 
23.5399434133845 -70.9530768772819 0 27.9999996532967 
-52.2075161913158 -10.3116693113036 0 29.0000024752398 
89.9439804889169 -46.4333869243311 0 22.9999998704986 
15.3788852275048 88.8380286043517 0 29.0000026709258 
-17.9224917947644 38.9279228750028 0 31 
-97.3111589165939 19.381118547933 0 24.9999996706317 
