125.873791816382
106.711644904104 52.3794113336966 0 7.00000205916612 
5.009109868938 123.923149459838 0 0.999999991439297 
-12.5029413502962 117.208810465828 0 7.99999992024239 
-91.8480371841032 73.8794246255994 0 7.99999779117076 
123.458193752055 2.40025604226318 0 1.99999997862626 
-99.4906276862974 55.3972516625715 0 11.9999998831532 
66.2057834709649 37.2267565186196 0 13.0000005256996 
71.1861165176879 12.7278523975929 0 11.9999998804339 
23.7030240939955 121.584870878972 0 1.99999997862781 
-122.596727614517 -23.7382417379698 0 0.999999991440717 
64.4396537861115 -18.5528960006449 0 19.9999997902803 
-45.1790638821074 -101.251419407068 0 14.9999998503298 
101.900327290142 24.795877715024 0 20.999999791829 
-106.190444758162 28.210629295542 0 15.9999998395437 
89.9828009933822 -51.8927759735859 0 21.9999997782574 
-66.8046935747254 42.8820681678719 0 23.0000016397691 
106.811288389058 -15.103014324491 0 18.0000034278857 
-99.9764272896414 -50.2041762551696 0 13.9999998602988 
83.1415744668783 65.5495171079127 0 19.9999962016676 
-67.8436586792827 83.8689035130701 0 17.9999998201387 
-35.0404392122014 -36.8887929016926 0 28.9999932413993 
39.7627487056159 88.3371689179544 0 28.999999709849 
54.200704375471 -83.8871741648304 0 25.9999997399177 
28.2414573478003 35.5805599733205 0 24.9999997501479 
-19.2556262635525 77.5283105763199 0 31 
-21.961471759582 18.590390660163 0 27.999999720946 
-71.5628970127801 -73.9037811052174 0 22.9999997700826 
-0.501696738101973 -95.8724772830982 0 30.0000018502022 
21.8345419799271 -40.6618173026298 0 27.9999997200995 
-85.6752019358639 -10.7139817322953 0 28.0000061876905 
