123.955871209468
-115.9343833196 -2.22925138827735 0 7.9999998408305 
-101.724343531052 -65.5028439751119 0 1.99999955439328 
73.2914723074647 12.5355072802251 0 7.9999998278148 
86.0014864279531 -3.40958096383245 0 12.0000000719141 
-34.3443822398815 117.135647699415 0 1.00000043833885 
-87.4352714741749 68.3101231916616 0 13.0000000430813 
70.8461671509279 86.6885563480711 0 12.0000001034588 
116.641261533034 -8.57271401133945 0 7.00000012743638 
71.4735351212577 -99.0571338685123 0 1.00000043833881 
-106.149237877325 58.6935060626634 0 1.99999955439314 
55.2195539433929 -12.154461031648 0 20.0000001489552 
-39.7202118769403 30.6982989601209 0 22.9999960534939 
-4.4744636476106 57.0371835947822 0 20.9999989871086 
108.315967477418 11.7912127827889 0 14.9999997955264 
-10.5082168938406 108.032453129195 0 13.9999999908819 
80.5019501565716 -62.5654382885417 0 22.0000053014704 
-23.9596303626863 -45.4884636469519 0 15.9999999419281 
37.6825514588383 45.2787123026792 0 17.9999997172316 
101.963701824842 -28.8105320319868 0 17.9999998127272 
-49.7733707378491 -15.9934591841279 0 20.0000002506767 
31.0403187498029 90.7966289384748 0 27.9999998271124 
-47.7545344979557 82.0738749461585 0 29.0000046369227 
-63.9925767193828 -71.5016021230038 0 28.0000003297507 
83.6498427322788 47.0131144215161 0 28.0000001061305 
-8.86793203638809 -92.5319059664521 0 31 
7.97155478171466 7.57915830056249 0 29.9999968435559 
45.0870972207835 -90.3285204447577 0 22.9999997996776 
24.1145083119705 -46.0436417254194 0 25.9999997121999 
-91.4618731656983 25.5214311165431 0 28.9999986883298 
-94.8003606519763 -28.375270034329 0 24.9999997930924 
