124.340449026763
-9.87182343736582 -88.9123869904811 0 8.00000017534563 
-16.9972682328762 -111.04714990342 0 11.9999993630415 
15.3240842956667 122.078891309613 0 1.00000000952626 
7.06920984024065 -72.3986833935512 0 11.9999998861009 
120.302546648469 -25.7002927525856 0 1.00000000952626 
84.2423801694284 -80.3379563197066 0 6.9999999365792 
-3.15788481100069 -10.7952705090174 0 13.0000005218803 
103.546323797879 62.3146432142054 0 1.99999996133537 
-37.079838848667 116.290569750559 0 1.99999996133537 
-97.6436474931588 63.2437863688607 0 8.00000017532923 
10.8137410198857 -107.799424547446 0 15.9999998390556 
-49.263637515804 91.9783852995678 0 19.9999997994369 
78.9551318263042 68.2130229605655 0 19.9999997996636 
-13.7317901880025 105.450125997197 0 17.9999998209655 
102.251879937217 4.25700310991045 0 21.9999925742573 
-53.4009014480026 49.1778809643549 0 23.0000016388699 
101.263436591223 41.2437902127792 0 14.9999998502096 
-106.063973630724 -7.66319993839383 0 17.9999998204853 
-17.3880334356384 -46.6555913649978 0 21.0000069953331 
-79.7204792263799 76.2164197361416 0 13.9999998617232 
30.7980914895962 85.0028853183348 0 31 
47.6482557636837 -83.7324661619004 0 27.9999997277779 
-46.2460427972351 -86.7879519620761 0 25.999994030075 
-96.1181309152388 32.11217158297 0 22.9999997707105 
55.6982737167135 25.0839318202758 0 28.9999996925269 
-83.6326117991785 -47.8233040842569 0 27.9999997238917 
-48.9008190950485 -2.62703658131309 0 29.0000004379395 
-2.6277577729002 33.9762963631149 0 30.0000011212102 
32.9405184909193 -29.1828033657201 0 25.000005461635 
86.1690008790706 -43.0857918193764 0 27.9999997256713 
