125.59610593594
110.796859429907 53.7575007510671 0 1.9999999798713 
91.7771159743282 65.2291647657341 0 13.0000005297644 
-67.1221238395287 91.6443986407847 0 11.9999998802 
72.7944489644198 -92.3569859469116 0 7.99999778072115 
-63.1662921309672 -36.7552971888136 0 11.9999998800089 
-67.6457476510236 104.633849040113 0 0.999999990134717 
90.3566167877028 83.298361171432 0 1.9999999798713 
-52.4597807243241 105.246447455802 0 7.99999991997193 
19.7871768671527 -121.436461475112 0 0.999999990134576 
-115.38756062508 -26.6725065941592 0 7.00000206932176 
41.9898948681728 -88.8814412392949 0 23.0000016399641 
-74.5826933364214 -5.79297677662549 0 20.9999925714474 
24.5454444367021 102.703735394332 0 20.0000070182672 
-110.529519649611 -3.83718221834238 0 14.9999998500231 
-8.35436567764743 111.282952267747 0 13.9999998600275 
-97.063269275694 -45.5787500999983 0 17.9999998204378 
100.200593101826 33.3223464531786 0 19.9999997997381 
61.7373002615176 83.1904980576549 0 21.9999997799778 
-103.763440597442 28.4617365339841 0 17.9999998201374 
-84.5515033376011 69.7305510856753 0 15.9999998399796 
-30.4864402956925 75.5874170032553 0 27.9999997199928 
-6.82856114355369 22.6317285820785 0 30.0000018500719 
80.5365518168634 -60.2780258569682 0 24.9999997499959 
-60.4012015920295 -76.6596075266105 0 27.9999964853377 
37.0350655832095 -25.0130190914535 0 31 
51.2006037346803 33.2908189577229 0 28.9999997099426 
-8.32035651974722 -97.2407919333265 0 27.9999997202288 
-63.6245692639093 36.8206224947163 0 22.9999997700331 
-22.2386663341218 -34.3202585833561 0 28.9999997098169 
98.7887129178045 -12.6559837643928 0 26.0000029747008 
