123.934785367175
36.1191249758369 105.947180273638 0 11.9999998895069 
-50.254547212721 -104.476574604094 0 7.99999991868527 
-65.2161961217738 -89.7405942231928 0 13.0000005163566 
26.8821239148667 119.959627323129 0 1.00000000412527 
115.925106928004 -1.49817785706201 0 7.999997851236 
111.989654300692 50.7077716261481 0 1.00000000412527 
18.7979378455564 -77.1432395496363 0 11.9999998797836 
60.3465635635635 105.954629363957 0 1.99999996650147 
-76.8220516728009 17.8218377632698 0 7.00000200317813 
100.532984051453 69.0015241519652 0 1.99999996650147 
59.9427467018461 -27.7565262097692 0 17.9999998228165 
-4.57874366000827 -101.831906004916 0 21.9999926074504 
-83.3104110568625 -62.143503624807 0 19.9999998111909 
97.6021694201583 -19.9445824082026 0 17.9999998183306 
9.24408733554715 108.541855254276 0 14.9999998472055 
85.6639036218184 -57.0724471229917 0 21.0000069480992 
-98.0310428299082 34.5304834941596 0 19.9999997997158 
-84.0570377521603 67.7076953463041 0 15.9999998427258 
-19.7532048725025 108.145586853706 0 13.9999998645805 
52.6243212010381 -86.1307806937249 0 23.0000016378848 
-93.85295721921 -14.2910710201847 0 29.0000061390016 
12.2142176907449 -37.688777220722 0 27.9999997230606 
-1.82245383024609 63.8928722583651 0 31 
-36.9547722907658 -10.8855989957839 0 27.9999997181874 
-50.4176864797292 87.4407675660034 0 22.999999771539 
60.6119844739312 73.0670981321543 0 28.999999710455 
-53.3094007065199 39.5279514997445 0 24.9999997511443 
-35.1864004262361 -64.8566357054062 0 25.9999997447889 
35.3246982608061 15.5080753624086 0 29.9999954147502 
92.4111680967234 25.7615819937714 0 27.9999997198331 
