124.810530169956
120.732372111714 -22.497124825198 0 1.99999997979391 
-25.1197824935605 15.645586317819 0 11.9999993452598 
-109.240537869062 -58.2713672809765 0 0.99999999023884 
89.5637642490726 -85.4832117567713 0 0.99999999023884 
54.675758822372 45.8649737490572 0 13.0000005299653 
-91.4537464847367 81.9673018490131 0 1.99999997978936 
-91.3766804245864 66.155256926043 0 11.9999998799866 
99.7774409056346 62.6401095285182 0 6.99999992996983 
6.542610591716 -80.4509071459898 0 8.00000045465633 
-81.5872079551578 83.5956187566042 0 7.99999992010104 
19.8436386195836 42.4409505509871 0 22.0000069991249 
-21.8531775695457 47.4784194230348 0 19.9999997997923 
79.7764851718804 73.9962426356571 0 15.9999998399062 
41.7176033933455 -41.2960622132954 0 13.9999998600308 
4.71698120541507 -106.706323538065 0 17.9999998200551 
90.9228779111271 37.1333123533897 0 19.9999997999713 
106.778893914511 2.5994633011443 0 17.9999998201711 
-60.1321395101665 91.8829601553053 0 14.9999998501006 
-16.1313541596074 -55.5705411850526 0 20.9999997900346 
60.9304136837957 6.32013996123098 0 22.9999944208133 
38.3708867543597 88.8816845792429 0 27.9999997301634 
-17.2648453258853 95.2586159982792 0 27.9999997199924 
85.7109339422246 -40.5298912416589 0 30.0000018503921 
-73.7052647536457 -61.2143196904746 0 28.9999932398044 
-67.8620546650547 33.7969058735747 0 28.0000061800355 
9.43765093375306 -9.94315663904633 0 31 
45.9179618603132 -84.0904187565256 0 28.9999997096001 
-34.7746238981769 -95.6875625874799 0 22.9999997700261 
-98.1085862506793 -11.7569642362671 0 25.9999997400298 
-46.3644098757683 -14.6474119005875 0 24.999999749985 
