126.363591934762
48.1820137258326 -108.113058729516 0 7.99999991913761 
69.2467070024634 91.0160686711845 0 11.9999998802792 
22.1924271143226 -121.776009660325 0 1.99999997910843 
2.96243308076229 -114.325202296269 0 11.9999998805363 
122.400744620456 -23.4048651242658 0 0.99999999093272 
83.7502892879613 -16.4342211327263 0 7.99999778457106 
37.3319666456651 -54.3791897725554 0 13.000000529081 
-113.650886273095 -36.4847804434002 0 7.00000206631251 
-38.2673128786406 117.429452930059 0 1.99999997910843 
-121.526995646487 27.9726507687581 0 0.99999999093272 
30.2483408539255 -86.609957518725 0 19.999999800272 
69.0363645026758 59.0167530912707 0 20.0000070165925 
-55.403643421837 -89.6210040448273 0 20.999992572856 
104.218641947415 5.49854871820274 0 21.9999997799891 
-23.894218701255 -108.76999928092 0 14.9999998504456 
63.7263707926534 -92.5447269665288 0 13.9999998601437 
-59.4288507175229 -15.817818461175 0 17.9999998202288 
2.53906273715636 -13.6706061718328 0 23.000001639748 
40.7546805687546 100.407789064981 0 17.9999998201566 
101.472330024489 43.3991785549761 0 15.9999998395678 
-2.23523585481496 101.338943852567 0 24.9999997499889 
-31.7425500069028 28.0519445443431 0 31 
-52.1152754001021 83.4229844911905 0 27.9999997289772 
81.4381616508941 -53.3619120734278 0 29.0000061663128 
21.3143524579814 53.8582442539144 0 27.9999997218345 
-103.082860132368 -7.61289247225428 0 22.9999997702401 
-85.1059533134813 -53.1961215520202 0 25.9999997402877 
52.2236036096655 4.78057492530085 0 29.9999953936555 
-12.870885584469 -63.3348149341768 0 28.9999996989298 
-89.1986402021687 41.4608111277777 0 27.9999997200536 
