124.420427701715
118.880652168877 -7.24686085830509 0 1.9999999798207 
-29.1980307256617 -108.562551523628 0 11.9999998800863 
112.549310157122 25.3153405839922 0 7.99999991985615 
-85.1637400011721 88.0912052738782 0 0.99999999018758 
-21.0587847296314 -120.141649155904 0 0.99999999018758 
-115.620254260629 -11.5121023516538 0 6.99999993024442 
111.54934978504 47.7649492291626 0 1.9999999798207 
107.887542204451 -27.8350553246132 0 12.9999983906086 
-8.58059868450757 -115.773042409065 0 7.99999991985615 
-18.3530622299947 110.912204990484 0 12.0000020193318 
47.4660024075896 -93.0086252870915 0 19.9999998000161 
46.4178855122187 41.6108338000299 0 17.9999998199993 
92.9070251374243 53.8498934645168 0 14.999999850003 
8.8128400755785 7.00802865368131 0 23.0000016399796 
17.4766678194259 -109.028606184138 0 13.9999998600297 
-88.1953382336909 63.0600625664158 0 15.9999998399998 
-58.5752910029954 85.2333191858771 0 21.0000070096845 
-7.04184906669525 -85.4735152981889 0 19.9999997999832 
-19.8114705937272 80.9476733605354 0 17.9999998200239 
7.78966228976639 51.9963892066676 0 21.999992560281 
19.9143171234669 97.4055515235753 0 24.9999997499459 
21.532553886914 -44.4430020920596 0 29.9999953810934 
-93.6316148678153 18.3896377192942 0 28.9999997095189 
64.0816582136919 78.6107135343074 0 22.9999997700872 
-33.5113574066722 -23.2022861526872 0 29.0000061788705 
76.2309169706009 2.72403439451786 0 31 
-88.4549228867989 -38.3748035722223 0 27.9999997201934 
-55.5869959072718 -81.2198653390188 0 25.9999997401039 
-38.6880576845247 33.5621608790137 0 27.999999720149 
78.3203598311815 -56.2389559652278 0 27.9999997200795 
