126.831402008178
-10.9698845047269 -117.792996313156 0 7.99999991986713 
14.3292549087488 -124.579577716483 0 0.999999990379995 
113.43296132095 -17.8665668747487 0 11.9999998800614 
-105.838045149086 -66.190536556297 0 1.99999997961868 
100.586942339459 -55.2161811183992 0 12.0000020181946 
-106.978285432331 -51.7353705737696 0 7.99999991969489 
115.568147284237 31.6791455492815 0 6.99999993046854 
-117.247686339534 45.1854802344295 0 0.999999990379995 
-19.0370027738526 112.228253907405 0 12.9999983916801 
-74.2785307094589 -100.327357889092 0 1.99999997965459 
34.2572298261422 -107.505197620651 0 13.9999998600163 
108.695944383422 9.72982167586157 0 15.9999998403683 
96.4721534902916 50.3725888137666 0 17.9999998196752 
-2.08195446423578 66.9367335068165 0 21.9999997799859 
13.3683214999086 105.991681175814 0 19.9999998001191 
-90.6799950572399 56.4808414611476 0 20.0000070188991 
65.4569131035086 26.7282603123097 0 20.999992570987 
-85.8502131513859 -66.888078193938 0 17.9999998199363 
-47.5405381599093 28.2937150401817 0 23.0000016399807 
-108.069659702221 -28.761278825076 0 14.9999998500321 
-49.0994553528565 -89.2125437938521 0 24.9999997501225 
55.8956994500875 77.8416876406015 0 31 
4.14411231769469 -75.4240457648411 0 30.0000018499016 
-50.1409685888087 84.0051578472291 0 28.9999997100633 
16.0183117941606 19.2567623493849 0 28.9999932403851 
-11.585176587935 -24.8118966076634 0 22.9999997700151 
-62.5273879222534 -27.2390456574403 0 27.9999997200633 
62.5813937212126 -76.4932282100391 0 28.0000061764852 
-100.17669080702 11.4718046827334 0 25.9999997398918 
73.6065684419315 -21.5892558090571 0 27.9999997330945 
