126.325652870266
71.2516128432015 89.4067102423653 0 12.0000003035124 
-73.7572135802251 -101.271791121112 0 1.0000000514098 
-20.5093699357015 -122.622212392851 0 1.99999992161022 
-79.6819731666297 5.17205235204602 0 12.000001335785 
-47.3832538197522 59.324432598217 0 12.9999986435449 
113.502431110797 33.4388735527175 0 7.99999987044206 
-0.459242249122039 75.4656611111804 0 1.99999992168479 
109.31473277828 47.8424558565339 0 6.99999999588269 
31.4014714494829 -121.327819685919 0 1.00000005134195 
96.6266059490515 -68.2953659971901 0 7.99999990478621 
6.5277105341841 -106.125084226025 0 19.9999997567777 
45.6921269413303 -96.007155802367 0 19.9999998182468 
-41.5652192387538 24.8113933352175 0 21.9999927676536 
88.7686218951007 62.0852548901999 0 17.9999998073943 
76.7392110340444 -79.8492261838659 0 14.9999998548995 
-69.5851233309032 88.1756130534684 0 13.9999998720738 
99.8814303094557 -41.9302630407536 0 17.9999998618181 
-109.90408307862 9.63546617228329 0 15.999999843848 
61.3110210754326 -36.1575636503276 0 21.0000067832329 
-35.500617306524 -97.0355416296935 0 23.0000016340553 
-86.4421095429858 46.8582517919335 0 27.9999997233832 
7.06190497525983 3.7305475860132 0 31 
-74.348161406724 -68.8421300062587 0 24.9999997715898 
90.8394948578225 4.19179229634077 0 29.0000060068388 
-26.5917508974124 94.661569993059 0 27.9999997418491 
-99.4751604745521 -27.9442830613711 0 22.9999997758383 
-44.4100392947568 -25.1076036314367 0 27.9999997389394 
30.3659951169445 92.4672325264988 0 28.9999997138409 
14.6721477782842 -56.7928668525396 0 29.9999955145847 
50.0829718534721 41.1228971763471 0 25.9999997190651 
