185.660863560193
164.51238159601 67.0750233553693 0 7.9999999313203 
66.7615413738615 159.231498945605 0 13.0000003871158 
-11.5692595653835 183.296112962597 0 2.00000000121494 
25.235655554541 181.862504299815 0 2.000000001215 
167.848006194706 -44.5549367185234 0 11.9999998687029 
-55.7645796514513 -160.20669025747 0 0.999999987943667 
54.3448195964015 93.9054364532573 0 11.9999998687023 
-160.866863756867 -75.4004947035762 0 7.99999993132029 
-163.167348929992 86.0079875999225 0 0.999999987944701 
-177.591225535453 19.5207789501124 0 6.99999989135946 
103.536183868425 129.320456242718 0 19.9999997991061 
130.211140763511 84.5686513480024 0 20.9999997971607 
59.362490284043 -158.936790632333 0 15.9999998417914 
20.623063810064 -165.5225020726 0 13.9999998734468 
-22.0007339082043 -166.211109527806 0 17.9999998164179 
-83.201732806155 -145.559736469308 0 17.9999998164179 
-159.86489885562 -27.7369128748262 0 21.99999978 
-121.112958156733 36.6921396458911 0 23.0000013174252 
-53.7961946747696 156.682772544841 0 19.9999997991061 
-127.404170190806 113.54870237835 0 14.99999985 
161.455575263625 19.7649642731431 0 22.9999997842591 
-76.437978808071 100.850311857394 0 31 
6.89663040518987 132.686453763498 0 28.9999997130545 
-87.0409290338276 -53.4873296789534 0 28.9999997130545 
113.719447148607 -26.4535590520264 0 27.999999717709 
133.238809202996 -84.2874112894581 0 27.999999717709 
95.3896677825946 -128.124796591353 0 24.999999742871 
77.2094536278409 31.0149395643286 0 27.999999717709 
16.7645789101695 -84.4797936012475 0 30.000001631014 
-119.05357457309 -106.385327041087 0 25.9999997387282 
