124.380658926095
115.033162577269 44.6111911160472 0 1.00000002518818 
-72.6287488538883 98.4991903439245 0 1.99999995372871 
30.2510405048266 43.6928852921092 0 12.0000018595125 
74.8961395342972 96.7863314566219 0 1.99999994052394 
-62.1087832756499 -106.608094933448 0 1.00000002518818 
112.29748581706 30.5570359026197 0 7.9999999262762 
-30.4577819418494 113.360233852746 0 6.99999994604758 
-75.1882957094774 88.832302570099 0 7.99999990333934 
75.9551992563069 82.8264464527225 0 11.9999998748315 
16.4753127874706 110.15541553071 0 12.9999985453639 
17.2548369263353 -108.011106766006 0 14.9999998303422 
-30.9603823652009 -39.3000375017011 0 19.9999997848017 
-49.327669109829 43.5724693481615 0 23.00000157885 
106.250034178768 5.27011231886492 0 18.0000033635368 
-10.3675025407716 107.24626074852 0 13.999999881431 
-103.549094588501 -31.9992524899384 0 15.9999998569718 
-84.5411216145822 64.572775925726 0 17.9999998031655 
-45.1916757455275 88.381996097042 0 21.9999998353328 
-6.02112250224048 70.6431198709751 0 20.99999979436 
-65.0562134137043 -18.3841586061371 0 19.9999962712082 
51.4458705349633 -80.3168261224596 0 28.9999997003349 
-25.0540853006129 -89.9568797372803 0 31 
-94.3598473174624 19.6328986473614 0 27.9999995809473 
-75.3883582482767 -63.20877717932 0 25.9999998825934 
39.0943514391618 79.6205344466285 0 24.9999997548196 
-4.04081263928145 18.0166206207816 0 29.0000058510452 
54.3063693324062 9.26410439493423 0 29.9999957050824 
88.8630702481433 -37.3173714584649 0 27.9999997276409 
88.1764633065979 50.0294849907234 0 22.9999997712506 
16.8482186725963 -35.0177928006936 0 27.9999997181769 
