128.416081088004
-100.763046716879 -73.1253813713471 0 2.00000018725461 
-118.179943041816 -11.6915071722939 0 7.99999992612655 
114.507982004551 20.991093885814 0 11.9999998727069 
-93.6981872599581 2.07837119288063 0 13.0000005298598 
-15.4285880507243 -124.594319241768 0 0.999999991424489 
118.190706490888 37.2378600079941 0 2.00000018725458 
15.5490641428747 124.537601589013 0 0.999999991424489 
-61.6859174964002 104.578738027901 0 6.99999951288344 
-42.7707093419874 106.371745989492 0 11.9999998749386 
-118.269757109119 12.3584459069818 0 7.99999992612655 
7.30645715021793 46.1875333982344 0 23.0000016399466 
76.7678806492704 82.1222736144426 0 15.9999998398911 
-32.9981558639152 -107.798836750937 0 13.999999860104 
94.6686841963357 48.6027173090084 0 21.9999925613425 
6.10901990238345 -108.243829189947 0 19.999999799729 
46.2815436466873 -43.4639684426697 0 14.9999998500657 
-100.280233470465 36.9228502372763 0 17.9999998202076 
-12.9507974385712 109.65394588369 0 17.9999998200927 
-101.181878258497 -38.9393656087654 0 19.9999998000816 
45.6083385797832 -97.2527244978412 0 21.0000070085392 
-10.1530495675672 -62.0210528941725 0 28.999999709688 
32.0822873812858 93.0400531425034 0 30.0000018500876 
79.5142460793627 -69.2100778108589 0 22.9999997701417 
-71.6971458255669 73.1339478172984 0 25.9999932750854 
52.2646703033492 22.1093439116156 0 27.9999997206725 
4.36469453952458 -6.9008656570009 0 27.9999997202032 
-41.1736545820569 27.3811805758024 0 28.9999997061778 
-65.3508762822148 -76.2407526574785 0 27.9999997232029 
-58.8627223331064 -23.639379217254 0 25.0000062149048 
95.7906220820023 -17.7214422402326 0 31 
