124.723330507879
72.7772621424862 98.1646407175749 0 1.99999996055287 
-82.2026545038382 -91.1248548542928 0 1.99999996046074 
-65.6316132090458 -91.6462799275149 0 11.9999998302355 
40.8585702155176 116.382877248015 0 1.00000001043821 
100.994207672699 60.4892758674509 0 6.99999993678415 
103.961694389164 -43.5719574042157 0 11.9999994117026 
34.0008580978179 -54.911561742401 0 8.00000032257455 
-61.9810465318065 98.9074591822522 0 8.00000002876951 
52.8032337666543 98.3701561897134 0 13.0000005281295 
112.608039316002 51.2532116808747 0 1.00000001035238 
74.7632524769478 71.4712650763496 0 21.0000069546995 
59.235893880183 31.9552510543873 0 19.9999997815038 
-106.70428373041 2.01621977995637 0 17.9999998206378 
-64.5879782270173 4.65520099584459 0 23.0000016384759 
1.93580461600215 -49.6833817627278 0 17.9999998380732 
99.2041431507365 33.5486806571725 0 19.9999998001439 
-105.377530768963 33.9887033667562 0 13.9999998624076 
-96.0094965266658 -36.5275335658679 0 21.999992614616 
24.1818864412194 105.99999527591 0 15.9999998396672 
-83.3915977869331 -71.3095414754003 0 14.9999998497751 
70.7844605692053 -65.9163322536658 0 27.9999997209923 
-31.0246483115326 -96.8767629927214 0 22.9999997710376 
-45.2530768200348 -45.512047195735 0 27.9999997567713 
-20.5097941759876 91.4516930857572 0 30.999993891265 
29.0003835067333 65.2841254824791 0 24.9999997499015 
-72.8425531762541 62.1040940923204 0 28.9999996970386 
21.158228965836 -3.94458520241299 0 30.0000082676277 
20.8605055297499 -93.4226705396174 0 28.9999996829096 
-22.5084425349611 33.4456944310485 0 25.99999974208 
80.9582449419274 -10.8482466647006 0 27.9999997203764 
