125.42802058779
-42.3245973092146 114.107085774419 0 1.99999958874296 
-9.92461272296208 121.391964717886 0 1.99999958874295 
-16.249076709163 -121.984596425136 0 1.00000039931898 
-0.34056253035722 -113.427509148488 0 11.9999998968903 
-110.229509434932 40.4820322859753 0 7.99999971965468 
-19.9195030304695 -69.0133353998321 0 13.0000003920936 
67.5309802065875 27.95875761297 0 7.0000003548162 
106.264920100893 49.7178580022306 0 7.9999997948792 
72.9034037011221 -86.8965451353583 0 11.9999998655421 
-120.783602537851 -19.4858219522496 0 1.00000039931907 
89.0718486405685 -65.2729149213734 0 14.9999998304097 
43.8934824348596 99.8817990646369 0 15.9999999553432 
9.04489875418157 107.046576100887 0 17.9999997183146 
-54.3551317569896 97.2713904123619 0 13.9999999137106 
-29.8736893300477 -101.107021194111 0 19.999999858427 
-23.0350118018495 90.7101339582667 0 17.9999998300531 
-62.4142389851808 4.80952147228998 0 22.9999951167027 
-65.7002704213033 -81.1707207659746 0 20.9999997175877 
99.0858479410325 -29.6538149530929 0 22.0000062423473 
-104.617198448688 13.0502611802119 0 19.9999998171042 
33.1813236237035 -91.603597045423 0 27.9999997384963 
71.9912733804206 64.1530962796294 0 28.9999996130015 
-89.5545909726875 -38.3691861169644 0 27.9999997952904 
-11.4501961710118 6.72415551929377 0 27.9999997282489 
48.5217531778954 -3.2259196453088 0 29.0000058081154 
-38.590541121708 -36.4545738509571 0 22.9999997876946 
98.9186900911071 17.3458940128628 0 24.999999781109 
13.1973247514519 59.2265287335311 0 29.9999957229437 
9.99212270707393 -42.8361805484572 0 25.9999997321064 
-75.0473239769476 57.3109946979231 0 31 
