125.7754228133
-120.775066841431 20.8544603525765 0 1.99999997243471 
-86.3129549432543 81.59457634876 0 6.99999992855582 
85.4115796234025 -75.164545686004 0 11.9999998799101 
-107.740613700577 36.5623733086606 0 11.9999993544593 
-49.6053279752102 -112.317348497911 0 0.999999998744257 
121.076037837286 -16.6494309422511 0 1.99999997243471 
-104.814585482093 -49.4860243609852 0 8.00000018308705 
102.927984934738 54.4706461247168 0 8.00000018308702 
95.0167460898048 78.3882057584881 0 0.999999998744257 
38.0543331671474 54.8371404504523 0 13.0000005285428 
67.2317744444567 79.0520520309956 0 21.9999997800976 
-54.4396303326531 -22.8607113352682 0 19.9999997996744 
-66.8814078426696 89.5579279398648 0 13.9999998605319 
107.367465829545 9.36851548089674 0 17.9999998200115 
30.7181621468665 -106.431146029088 0 14.9999998502379 
-1.79733585653508 52.3878591517317 0 20.0000070142504 
-91.1328649011876 59.1052798393192 0 15.9999998398643 
59.3243808951388 -89.9786620938637 0 17.999999820184 
75.1752489855256 34.7586965456432 0 23.0000016394158 
-19.5328090456442 -44.3668314530341 0 20.9999925757323 
32.2477096455397 -49.1393028431847 0 30.9999939524648 
20.0815284954917 95.6909900250967 0 27.9999997236773 
90.4274722736225 -34.4725220629475 0 28.999999694379 
-30.864741550732 98.0313996112954 0 22.9999997705496 
-12.7842097021535 -94.9183545329126 0 30.0000081939273 
30.6775143857498 9.83979296467192 0 27.9999997320603 
-66.4346728656869 -70.3698568594347 0 28.999999722439 
-50.4275057534441 54.1987837697757 0 24.9999997517841 
-97.7513349692251 -2.17022579744681 0 27.9999996817095 
-23.3098953535274 11.0057848159335 0 25.999999777009 
