2.088  4.77840943006712E+0000  5.10519276257799E+0000  5.12267091303753E+0000
1.609  8.39099980000000E+0000  8.39099980000000E+0000  1.15563538154526E+0001
1.513  8.48699980000000E+0000  1.51300020000000E+0000  6.23372389655339E+0000
2.259  2.25900020000000E+0000  2.25900020000000E+0000  7.37205404819951E+0000
1.310  4.97674273215620E+0000  4.98947958843953E+0000  1.37003268884192E+0000
2.365  7.63499980000000E+0000  2.39338424995967E+0000  2.36500020000000E+0000
2.410  2.41000020000000E+0000  2.41000020000000E+0000  2.41000020000000E+0000
1.700  1.70000020899851E+0000  4.16395243592063E+0000  1.39890831250832E+0001
1.545  3.87520198625925E+0000  1.61048136718601E+0000  1.40939976575018E+0001
2.061  4.82871677513502E+0000  7.93899980000000E+0000  1.04862879248761E+0001
1.815  1.84593187496093E+0000  5.37275673355757E+0000  1.04451598632439E+0001
1.809  4.96630260989164E+0000  5.11157134010044E+0000  1.31251553948731E+0001
1.544  4.74997502649689E+0000  4.78589918160285E+0000  8.74049765419076E+0000
2.146  2.16566444863003E+0000  7.80164643755935E+0000  7.11281943285331E+0000
1.286  6.94227165222605E+0000  3.39522251902286E+0000  7.61410685096057E+0000
2.088  2.08800028275735E+0000  7.91199979142317E+0000  1.36010830518435E+0001
1.609  8.36817869505609E+0000  5.81262370315043E+0000  1.40328742833423E+0001
1.513  8.48699980000000E+0000  4.45737609080900E+0000  5.53563431658628E+0000
2.259  7.57602188028707E+0000  7.74099980000000E+0000  7.15301522550485E+0000
1.310  4.85619148924439E+0000  8.61758516632373E+0000  4.94451430622245E+0000
2.365  2.36500036272498E+0000  7.63499969854951E+0000  2.36500033945851E+0000
2.410  7.55703155713086E+0000  7.54346472643541E+0000  2.43937345855562E+0000
1.700  6.14978793697379E+0000  8.29999973330894E+0000  1.39890831223098E+0001
1.545  8.45499972631743E+0000  1.54500020819930E+0000  9.29138948648647E+0000
2.061  7.93899980000000E+0000  4.93232654044912E+0000  1.04152237709423E+0001
1.815  5.26887016873364E+0000  1.85977108610316E+0000  1.03118168047944E+0001
1.809  1.80900029983966E+0000  1.80900020000000E+0000  1.13899673639187E+0001
1.544  5.51111876749039E+0000  1.54400020000000E+0000  5.53485190011095E+0000
2.146  7.54946976943004E+0000  2.14600020000000E+0000  1.35430831256520E+0001
1.286  1.33354737435426E+0000  8.66741772074844E+0000  1.03638428281170E+0001
 1.56890833256520E+0001