2.055  7.88535969426192E+0000  7.79803904460624E+0000  1.89832205604676E+0001
1.111  1.23742481769215E+0000  8.64910137693453E+0000  1.19233839276969E+0001
1.078  8.92199980000000E+0000  8.92199980000000E+0000  1.16272346380279E+0001
2.277  2.27700020000000E+0000  2.31817338334088E+0000  1.84319641964789E+0001
1.650  1.65000023131093E+0000  5.60661054069460E+0000  1.16928263628765E+0001
2.055  7.94499307538751E+0000  2.05500076384376E+0000  8.78580482576534E+0000
1.111  1.27376151842284E+0000  8.70125677199542E+0000  1.73030455025877E+0001
1.078  8.92199980000000E+0000  2.90527268847731E+0000  1.22625642444240E+0001
2.277  2.27700020000000E+0000  7.72299980000000E+0000  2.27700020850453E+0000
1.650  1.65000021736765E+0000  1.65000020376388E+0000  1.46133587074078E+0001
2.055  2.05500020000000E+0000  5.13674852563913E+0000  5.84669472751442E+0000
1.111  1.18578664631547E+0000  1.18402071021436E+0000  5.58283848530574E+0000
1.078  4.97120513015662E+0000  4.21446469992863E+0000  1.68449614283133E+0001
2.277  7.72299980000000E+0000  2.57971296935449E+0000  1.87815637067252E+0001
1.650  5.24065782524044E+0000  8.34999980000000E+0000  1.63469812995571E+0001
2.055  7.94499980000000E+0000  5.02284138333269E+0000  5.94256235211612E+0000
1.111  8.61017271235190E+0000  1.24338414957438E+0000  5.56302906145266E+0000
1.078  7.08735528030951E+0000  8.92199980000000E+0000  1.44222707156532E+0001
2.277  2.27700020000000E+0000  2.35887551059074E+0000  2.53001490977546E+0000
1.650  4.92327046834067E+0000  5.09274604001462E+0000  3.50188822773157E+0000
2.055  5.10548399384839E+0000  2.05500020061533E+0000  5.79705743257526E+0000
1.111  1.25147749103996E+0000  8.61898865784650E+0000  5.61036564786706E+0000
1.078  1.07800020311864E+0000  4.97897433153995E+0000  9.10036129606433E+0000
2.277  4.58722340348189E+0000  2.27700020000000E+0000  1.20833541015451E+0001
1.650  5.21152416106588E+0000  1.65000020000000E+0000  1.59093770694417E+0001
2.055  2.05500022231163E+0000  7.94499980000000E+0000  8.84766585157947E+0000
1.111  8.63272924814568E+0000  8.62541616857881E+0000  5.61844453198863E+0000
1.078  8.92199980000000E+0000  8.11591886495345E+0000  1.36268774258341E+0001
2.277  7.68475077356017E+0000  7.67843096350525E+0000  2.31212900334215E+0000
1.650  7.71693500379604E+0000  5.12175897570581E+0000  1.12247810693357E+0001
2.055  7.89743068821781E+0000  7.94499980000000E+0000  8.83234273558333E+0000
1.111  1.19857732167475E+0000  8.81003139585924E+0000  1.42425943801247E+0001
1.078  1.07800022048528E+0000  3.01435930870931E+0000  1.23213450730077E+0001
2.277  7.72299980000000E+0000  2.58226279404048E+0000  2.37037539386162E+0000
1.650  8.34999971183690E+0000  1.65000020508676E+0000  1.46160921729452E+0001
2.055  2.06822803749498E+0000  2.05500020000000E+0000  8.56602471249221E+0000
1.111  8.75996273928076E+0000  8.73523948857380E+0000  1.60004061257556E+0001
1.078  4.97703649046850E+0000  1.07800020000000E+0000  1.99901047818338E+0001
2.277  4.92560572659720E+0000  7.72299980000000E+0000  1.21539528718913E+0001
1.650  1.65000020000000E+0000  6.06727062027114E+0000  1.94181047742984E+0001
2.055  5.05592789504046E+0000  7.94499980000000E+0000  5.86283678129414E+0000
1.111  1.18910662673516E+0000  8.80717133302254E+0000  1.98318889670588E+0001
1.078  1.07800028816191E+0000  1.07800020382020E+0000  1.13732674401682E+0001
2.277  7.67129504866943E+0000  5.46427074348191E+0000  1.52579897903127E+0001
1.650  4.03309688091976E+0000  8.34999980000000E+0000  1.94181047639924E+0001
2.055  4.95242972430268E+0000  5.03136353893911E+0000  8.75975148311360E+0000
1.111  7.75578087855800E+0000  1.11100028927957E+0000  1.18018656586479E+0001
1.078  5.01689787229033E+0000  1.07800020000000E+0000  1.07800020000000E+0000
2.277  2.31946096706920E+0000  5.84791926311462E+0000  1.55548109088785E+0001
1.650  4.81845007272110E+0000  5.14481298497441E+0000  1.94181047688114E+0001
 2.10681049818338E+0001
2.055  7.94499980000000E+0000  2.13276880950158E+0000  1.64924016077699E+0001
1.111  8.52438477950924E+0000  5.52317011144664E+0000  1.31662851768721E+0000
1.078  8.85594537050495E+0000  1.18235282870251E+0000  4.73072199116467E+0000
2.277  2.27700020000000E+0000  2.45915771716833E+0000  1.66754860026400E+0001
1.650  8.28934556793119E+0000  8.32141775083285E+0000  1.22967340971859E+0001
2.055  2.05500020000000E+0000  2.05500020000000E+0000  9.90063254573649E+0000
1.111  5.84677316308649E+0000  8.67605408033291E+0000  1.02187139019136E+0001
1.078  8.83166545164180E+0000  8.87134731401058E+0000  2.11226518269977E+0001
2.277  2.27700020000000E+0000  7.72299980000000E+0000  9.86289296534205E+0000
1.650  5.23127766675496E+0000  4.76803070263581E+0000  1.55062067782978E+0001
2.055  2.05500020000000E+0000  2.05500020000000E+0000  2.05500020000000E+0000
1.111  1.31272467184816E+0000  1.26688862784665E+0000  1.32957150417357E+0001
1.078  1.16859963638869E+0000  5.00000002985745E+0000  1.16809637148185E+0000
2.277  5.47558182088101E+0000  2.27700037877824E+0000  2.00487198308711E+0001
1.650  1.71915194922777E+0000  1.71071280148964E+0000  5.82576888935471E+0000
2.055  6.17541063750096E+0000  7.92250606500888E+0000  2.28513795842688E+0000
1.111  4.12656114732377E+0000  4.68043364620683E+0000  9.67757821943257E+0000
1.078  5.17046322331468E+0000  8.92199980000000E+0000  1.80196882822023E+0001
2.277  5.44593980968775E+0000  2.27700020000000E+0000  7.21391112440216E+0000
1.650  1.67374296650915E+0000  8.25626237069170E+0000  5.79866235236958E+0000
2.055  2.05500020000000E+0000  4.74881645378188E+0000  1.30047358433357E+0001
1.111  5.22256615082666E+0000  5.88233345273761E+0000  1.81714802851177E+0001
1.078  8.92199980000000E+0000  1.07800020897847E+0000  1.37087662170535E+0001
2.277  2.27700020000000E+0000  5.51860426191438E+0000  2.00487198434913E+0001
1.650  4.92490545961056E+0000  8.34999980000000E+0000  2.06757198361908E+0001
2.055  7.75823250059474E+0000  5.99728630448881E+0000  2.02707198302809E+0001
1.111  5.25926994791514E+0000  8.86030565341559E+0000  1.41109614023634E+0001
1.078  8.92199980000000E+0000  2.66447566501195E+0000  1.22488232637992E+0001
2.277  2.70423872524008E+0000  7.72299980000000E+0000  1.60867724769167E+0001
1.650  1.71097975540990E+0000  4.80901703325833E+0000  7.19979394069678E+0000
2.055  7.94499980000000E+0000  5.21047900479884E+0000  5.23511641489382E+0000
1.111  8.66363509402590E+0000  1.21131517766239E+0000  2.10736785746005E+0001
1.078  8.91356182207480E+0000  8.89903895384645E+0000  1.09702781966678E+0000
2.277  7.72299979961376E+0000  7.72299980000000E+0000  1.62022769949408E+0001
1.650  1.65000021616226E+0000  1.65000038278475E+0000  2.06757196491855E+0001
2.055  5.27109539739302E+0000  7.94499980000000E+0000  6.74001968631874E+0000
1.111  1.21921823484324E+0000  8.65004767174131E+0000  1.30657028107306E+0001
1.078  7.20572264263865E+0000  8.92199963804464E+0000  1.92927228342498E+0001
2.277  6.75736429805821E+0000  2.27700020242619E+0000  2.27700020459842E+0000
1.650  5.31550561848292E+0000  6.51085067210985E+0000  1.26290264610651E+0001
2.055  2.05500020000000E+0000  7.94499980000000E+0000  2.05500020000000E+0000
1.111  8.75179171286420E+0000  1.22915023148146E+0000  6.99758256635800E+0000
1.078  5.13586069343221E+0000  1.07800020000000E+0000  1.55913512433684E+0001
2.277  5.57497155062975E+0000  2.27700027477852E+0000  1.24888348160857E+0001
1.650  8.34999972396970E+0000  5.09126443789238E+0000  1.33558455534839E+0001
2.055  3.97796932480097E+0000  5.00000003920093E+0000  4.18132775266538E+0000
1.111  8.80741804665568E+0000  3.00029449892461E+0000  1.95361122447369E+0001
1.078  8.92199980000000E+0000  4.90594592573175E+0000  1.75743679867767E+0001
2.277  7.57191345269624E+0000  5.56727552824945E+0000  9.53624772837061E+0000
1.650  8.34999980000000E+0000  1.65000020000000E+0000  9.78191390307024E+0000
 2.23257200434913E+0001
2.055  2.05500066163696E+0000  2.08805080845947E+0000  8.39981551155689E+0000
1.111  4.84728563790443E+0000  8.64027387195751E+0000  1.76139883860077E+0001
1.078  1.07800054219627E+0000  1.07800053069505E+0000  1.11999871829477E+0001
2.277  2.27700023313969E+0000  7.41892320464454E+0000  1.97240814734098E+0001
1.650  8.34082114501962E+0000  4.90711865527163E+0000  1.23457984473204E+0001
2.055  7.94499980000000E+0000  7.07320727634001E+0000  1.54513037559848E+0001
1.111  3.85390504906360E+0000  1.31875621401162E+0000  1.28640652999162E+0000
1.078  1.07800020205969E+0000  8.92199980000000E+0000  1.69746838713974E+0001
2.277  7.56962559623640E+0000  2.27700021403269E+0000  1.51726645513154E+0001
1.650  5.36118812182343E+0000  8.34999980000000E+0000  8.13672703634603E+0000
2.055  2.05500025475983E+0000  3.18798159639607E+0000  1.54557834992704E+0001
1.111  5.00769081778294E+0000  1.22844586104678E+0000  1.76175410526244E+0001
1.078  8.92199980000000E+0000  1.07800020000000E+0000  1.23460923384633E+0001
2.277  2.34325783368168E+0000  2.32016240730834E+0000  1.97088418337901E+0001
1.650  4.69975418106925E+0000  5.05270826076075E+0000  9.79180522167165E+0000
2.055  2.93005792405626E+0000  5.61842941847335E+0000  6.48596930699276E+0000
1.111  1.27443652348739E+0000  1.29495722852351E+0000  1.83169307482284E+0000
1.078  8.90954734596199E+0000  1.09139903087591E+0000  6.64561559061752E+0000
2.277  2.27700020000000E+0000  4.82828884065199E+0000  2.27700020000000E+0000
1.650  8.33583805014354E+0000  6.13989471919598E+0000  9.15899380887745E+0000
2.055  2.05500021266173E+0000  7.94499980000000E+0000  9.75910958274555E+0000
1.111  8.74452887990707E+0000  4.92021022377939E+0000  1.77412262093440E+0001
1.078  8.92199980000000E+0000  8.92199980000000E+0000  1.31182524219718E+0001
2.277  7.64941904581399E+0000  7.72299978513337E+0000  1.97240814610080E+0001
1.650  1.65000020000000E+0000  4.75036852745569E+0000  1.15914123905643E+0001
2.055  4.27305576091307E+0000  2.05500020000000E+0000  4.93986701828112E+0000
1.111  1.13152176323032E+0000  3.35923599241909E+0000  5.14182299811468E+0000
1.078  8.86242603947335E+0000  4.69765288843609E+0000  1.15985064781996E+0000
2.277  7.60154174360769E+0000  2.27700020000000E+0000  9.50447008613780E+0000
1.650  8.32989377859896E+0000  8.34137564976231E+0000  6.62712877644417E+0000
2.055  4.14057899445110E+0000  2.05500020000000E+0000  1.21003669261379E+0001
1.111  1.17692810658650E+0000  8.75592174136422E+0000  6.78459966954594E+0000
1.078  4.40260003319459E+0000  1.09689571749954E+0000  1.52187748687469E+0001
2.277  7.72299980000000E+0000  7.72299980000000E+0000  2.27700020000000E+0000
1.650  1.65000020000000E+0000  8.26793220269149E+0000  4.06503220906024E+0000
2.055  7.20986704495908E+0000  2.11795373926179E+0000  2.05755872523167E+0000
1.111  8.78451699532448E+0000  8.82510119486615E+0000  9.81631994443842E+0000
1.078  8.91384922409897E+0000  1.09114595850313E+0000  4.48372303409464E+0000
2.277  7.72299980000000E+0000  2.27700020000000E+0000  1.97240814760619E+0001
1.650  3.89741829870526E+0000  8.34999980000000E+0000  1.65000020876889E+0000
2.055  6.30696785635547E+0000  7.94499980000000E+0000  1.16960111998128E+0001
1.111  5.70596921032750E+0000  4.93574835304249E+0000  2.63821026242817E+0000
1.078  1.07800045392891E+0000  1.07800031179574E+0000  1.33559877038079E+0001
2.277  2.27700020000000E+0000  7.72299980000000E+0000  1.40797182906513E+0001
1.650  4.84750770392388E+0000  8.34999980000000E+0000  4.87695171954482E+0000
2.055  5.11069435463317E+0000  4.96520210744955E+0000  1.75525248988322E+0001
1.111  1.18261110637783E+0000  1.12842216315294E+0000  5.36206264139628E+0000
1.078  5.29406687332969E+0000  8.86201403597696E+0000  1.52596089811270E+0001
2.277  7.72299980000000E+0000  4.59405392340023E+0000  5.58586961666979E+0000
1.650  5.22180328724415E+0000  5.13493048491847E+0000  1.38530823546761E+0001
 2.20010816760619E+0001
2.055  5.54546132546252E+0000  4.79471932596677E+0000  8.76324537649171E+0000
1.111  4.89705415251395E+0000  1.20278893047923E+0000  1.22632772827653E+0001
1.078  4.88034538539525E+0000  1.07800020000000E+0000  1.76080292214705E+0001
2.277  2.27700232723630E+0000  7.72299830644165E+0000  1.56185014154984E+0001
1.650  4.55564800088835E+0000  4.73991517104923E+0000  1.72631272244941E+0001
2.055  4.75891944901440E+0000  7.94499980000000E+0000  1.91620924978378E+0001
1.111  8.59866045768420E+0000  1.29586945863187E+0000  1.82648600615108E+0001
1.078  5.81012533999174E+0000  8.92199980000000E+0000  8.97816133120808E+0000
2.277  7.68933168868337E+0000  2.30701073564852E+0000  2.39375022016611E+0000
1.650  1.65000020235246E+0000  6.22705472233276E+0000  9.31370195591160E+0000
2.055  7.89594317274314E+0000  7.94499980000000E+0000  6.85436107431775E+0000
1.111  8.69153135409277E+0000  4.94493312567149E+0000  4.65030030545478E+0000
1.078  7.10652131789932E+0000  8.92199980000000E+0000  1.07008613217428E+0001
2.277  2.27700020000000E+0000  2.27700021995731E+0000  1.47978797780064E+0001
1.650  5.70898913053977E+0000  5.04182900040724E+0000  4.96465662638083E+0000
2.055  7.94499980000000E+0000  4.75891945024887E+0000  1.91620925065672E+0001
1.111  1.25311184783313E+0000  8.73960361399213E+0000  1.89502862677346E+0001
1.078  8.92199980000000E+0000  8.18024578414195E+0000  9.80521834978661E+0000
2.277  2.27700026855388E+0000  2.27700029460060E+0000  1.00840335891179E+0001
1.650  4.96212861408100E+0000  5.07312043475111E+0000  1.65000020000000E+0000
2.055  3.78636941909707E+0000  7.94499980000000E+0000  6.79514171610230E+0000
1.111  1.18868938750635E+0000  8.80486988022338E+0000  1.03303399061225E+0001
1.078  8.92199980000000E+0000  8.92199901840512E+0000  1.30431516374546E+0001
2.277  2.27700020000000E+0000  2.27700020000000E+0000  2.27700020000000E+0000
1.650  1.65000022699454E+0000  5.40656041470753E+0000  1.25100737329638E+0001
2.055  7.90680659814083E+0000  6.06266556426948E+0000  1.18790863282036E+0001
1.111  5.37633637034499E+0000  1.20887060515606E+0000  8.79878954668377E+0000
1.078  8.92199980000000E+0000  4.54310696216168E+0000  9.33428457863232E+0000
2.277  2.27700027366939E+0000  7.72299976213705E+0000  2.74066882750832E+0000
1.650  8.34999980000000E+0000  8.34999980000000E+0000  1.99788815307671E+0001
2.055  2.05500020000000E+0000  4.26585003124606E+0000  6.19654311176106E+0000
1.111  1.19510596623321E+0000  4.76430799157030E+0000  1.71233294125181E+0001
1.078  1.09150310750858E+0000  8.89025523120256E+0000  8.11332203862744E+0000
2.277  2.27700020000000E+0000  2.27700020000000E+0000  1.93518814240831E+0001
1.650  6.10258171105935E+0000  1.65000020000000E+0000  1.99788815322542E+0001
2.055  7.94499980000000E+0000  2.05500020000000E+0000  6.85844676519977E+0000
1.111  1.15168216102672E+0000  8.78747821716769E+0000  1.25798672314071E+0001
1.078  8.92199980000000E+0000  5.00860012349281E+0000  7.22913520090711E+0000
2.277  6.81772813446438E+0000  2.27700020000000E+0000  1.51453122572543E+0001
1.650  4.55850334520124E+0000  1.65000020000000E+0000  5.41115819515611E+0000
2.055  4.13533402072699E+0000  7.94499980000000E+0000  1.14581852130692E+0001
1.111  4.97259072760691E+0000  5.82108028374802E+0000  1.47118788181004E+0001
1.078  6.77641915571451E+0000  8.92199980000000E+0000  1.28314411346258E+0001
2.277  7.72299980000000E+0000  7.72299980000000E+0000  2.53151083515851E+0000
1.650  1.65000020000000E+0000  6.10258171609169E+0000  1.99788815302780E+0001
2.055  7.94499980000000E+0000  2.05500020000000E+0000  1.09684471691003E+0001
1.111  1.24049483935823E+0000  1.17083683177811E+0000  6.68221624631124E+0000
1.078  8.92199980000000E+0000  4.67364474685326E+0000  1.61865436958922E+0001
2.277  7.56029973052455E+0000  7.72299980000000E+0000  1.58652436957548E+0001
1.650  4.73389104051668E+0000  4.23402208094641E+0000  1.24409568182590E+0001
 2.16288817322542E+0001
2.055  5.32346200160832E+0000  4.84159370405296E+0000  5.06966668216342E+0000
1.111  8.52138128171454E+0000  8.64122035768307E+0000  1.59184553833335E+0001
1.078  5.04427488821240E+0000  4.92212564157536E+0000  8.21221359601096E+0000
2.277  2.67993874644383E+0000  2.31502608668473E+0000  2.32967033038976E+0000
1.650  1.65000020430701E+0000  8.34999980000000E+0000  1.10975129766204E+0001
2.055  4.56154774523323E+0000  7.94499980000000E+0000  1.51841281638463E+0001
1.111  4.81151400534930E+0000  8.88303143396137E+0000  1.21628671208823E+0001
1.078  1.13126726929752E+0000  3.24908061714781E+0000  1.53319560266448E+0001
2.277  3.28856484490160E+0000  7.72299980000000E+0000  7.58420832860168E+0000
1.650  6.37076366403098E+0000  8.34999980000000E+0000  9.93543220249205E+0000
2.055  7.91350854753930E+0000  7.92855396692478E+0000  6.54690099952721E+0000
1.111  5.06420154920934E+0000  4.81439886394647E+0000  1.22177765826261E+0000
1.078  1.17309076981046E+0000  1.17309077139895E+0000  2.03395879102560E+0001
2.277  3.20856300322925E+0000  7.72299980000000E+0000  2.27700020000000E+0000
1.650  1.65000020000000E+0000  4.60600646528034E+0000  9.32225039420664E+0000
2.055  2.08302904641515E+0000  2.05500020000000E+0000  6.67048098904253E+0000
1.111  1.13122917123869E+0000  8.80324455814382E+0000  1.58416874959312E+0001
1.078  8.77449431890679E+0000  1.22786620982686E+0000  9.69496454162261E+0000
2.277  7.72299957741163E+0000  7.46124114307539E+0000  1.91988808208538E+0001
1.650  8.34999955606880E+0000  5.07979499081378E+0000  1.61399723016204E+0001
2.055  5.06280817298738E+0000  2.05500022085312E+0000  9.50120876960384E+0000
1.111  1.21047776959668E+0000  4.84434287614436E+0000  1.71242781921973E+0001
1.078  1.89188993477861E+0000  8.89131829996145E+0000  1.37740582389074E+0001
2.277  7.72299980000000E+0000  7.12401782544486E+0000  2.27700023110290E+0000
1.650  1.65000020000000E+0000  5.79389419869397E+0000  1.43950380021011E+0001
2.055  2.05500020000000E+0000  2.41098122575609E+0000  1.22794225753645E+0001
1.111  5.29187727871098E+0000  8.75180449884795E+0000  4.83548003664543E+0000
1.078  1.12591989802798E+0000  1.11900732614347E+0000  9.54193396121384E+0000
2.277  7.41871899449378E+0000  2.27700024152250E+0000  2.27700020000000E+0000
1.650  4.81772806607682E+0000  4.90838742364646E+0000  1.98798203285543E+0001
2.055  7.93870642481784E+0000  5.00286026427016E+0000  9.45531095378126E+0000
1.111  4.61117584373764E+0000  1.12006562021067E+0000  1.36605679850201E+0001
1.078  1.07800022987067E+0000  5.75820668958835E+0000  1.17279180705009E+0001
2.277  7.72299980000000E+0000  2.42852634852576E+0000  1.89682189143449E+0001
1.650  3.98345285157585E+0000  1.65000020000000E+0000  1.98798203871271E+0001
2.055  4.28573047129830E+0000  5.80225022682809E+0000  1.16350311551336E+0001
1.111  8.69933209074344E+0000  4.94780870779647E+0000  5.03390154513532E+0000
1.078  4.97484429336169E+0000  8.92199956206371E+0000  2.04518200871623E+0001
2.277  7.72299980000000E+0000  2.27700022006796E+0000  1.29130006331360E+0001
1.650  1.65000020000000E+0000  3.98345285494482E+0000  1.98798203867754E+0001
2.055  7.94499980000000E+0000  7.05075839707920E+0000  1.30289745236861E+0001
1.111  1.15780876178282E+0000  5.18717084028725E+0000  1.18171139782991E+0000
1.078  8.92199980000000E+0000  8.92199980000000E+0000  1.07138896378380E+0001
2.277  2.27700021115088E+0000  7.72299980000000E+0000  1.88580614946508E+0001
1.650  1.65000020000000E+0000  1.65000020000000E+0000  1.75463677217491E+0001
2.055  7.94499980000000E+0000  2.05500020550270E+0000  6.57117902486551E+0000
1.111  1.18306160493057E+0000  8.67278734048828E+0000  4.96339874791965E+0000
1.078  1.07800020000000E+0000  1.07800020000000E+0000  1.49410619415745E+0001
2.277  4.58927784165103E+0000  3.67392028319239E+0000  1.59075490692399E+0001
1.650  1.65000020000000E+0000  5.31009066338809E+0000  4.95470129713093E+0000
 2.15298205871271E+0001
2.055  2.05500101466434E+0000  2.05500081118110E+0000  2.54270169906733E+0000
1.111  5.96471645944892E+0000  8.63784659707183E+0000  1.79398788866792E+0001
1.078  1.08753431529012E+0000  8.91132734390632E+0000  1.62141690895724E+0001
2.277  2.27700020000000E+0000  7.72299980000000E+0000  9.45696540934701E+0000
1.650  5.26059744749379E+0000  8.26151504289514E+0000  1.22912224533512E+0001
2.055  5.11655972754919E+0000  2.05500020000000E+0000  1.25039230535380E+0001
1.111  1.25957077824551E+0000  8.52987951256967E+0000  5.84831450244034E+0000
1.078  8.78115908033002E+0000  8.78241363081803E+0000  1.22625843987087E+0001
2.277  2.38281869260337E+0000  2.27700020000000E+0000  1.90375269520542E+0001
1.650  5.91638796230430E+0000  1.65000020530180E+0000  1.74431330497877E+0001
2.055  2.05500020000000E+0000  4.87672665771018E+0000  5.53100903918105E+0000
1.111  1.27251144648076E+0000  1.26483602171109E+0000  5.77291612337942E+0000
1.078  8.89372710591197E+0000  3.24996305423967E+0000  1.69929742701055E+0001
2.277  2.28718889450874E+0000  2.28486603978673E+0000  9.09441348920281E+0000
1.650  1.80488575408279E+0000  1.72606056921109E+0000  1.49340174802523E+0001
2.055  5.27245840301064E+0000  4.78334486398372E+0000  1.55737657569253E+0001
1.111  8.57613507552184E+0000  8.58370008165559E+0000  5.52924574609176E+0000
1.078  5.44223676487141E+0000  8.85922418384934E+0000  2.01871970883293E+0001
2.277  7.10248026162919E+0000  7.72299980000000E+0000  2.27700020000000E+0000
1.650  4.95471717887273E+0000  5.04603958627698E+0000  8.23097449192678E+0000
2.055  5.04002806507322E+0000  2.05500020000000E+0000  5.67090735586128E+0000
1.111  8.85165856173562E+0000  8.82693740090206E+0000  1.82883560645898E+0001
1.078  5.59426820570351E+0000  3.31516636937348E+0000  2.01997849050334E+0001
2.277  2.47026035912905E+0000  7.72299980000000E+0000  1.90375269609605E+0001
1.650  8.34999980000000E+0000  1.83150881326568E+0000  1.96645269202253E+0001
2.055  4.76235159385019E+0000  7.94499980000000E+0000  5.91578312904988E+0000
1.111  7.66627852800834E+0000  8.85869192634453E+0000  2.01893025453835E+0001
1.078  8.87919398357059E+0000  1.11590264329387E+0000  1.19813347393829E+0001
2.277  7.72299980000000E+0000  5.65709099876269E+0000  1.90375269667242E+0001
1.650  8.24944673167824E+0000  1.93033817053491E+0000  1.45411791911088E+0001
2.055  7.91694758001555E+0000  5.05993723441275E+0000  5.62780641251747E+0000
1.111  4.47197451650825E+0000  5.21415995546007E+0000  2.01669319701172E+0001
1.078  8.88640040101144E+0000  1.08550340747802E+0000  1.70765100568096E+0001
2.277  7.72299980000000E+0000  2.27700020000000E+0000  2.27700020000000E+0000
1.650  4.60912949511440E+0000  4.58611612832036E+0000  1.65000063565200E+0000
2.055  7.94499980000000E+0000  5.03665072507972E+0000  1.24616183369345E+0001
1.111  8.82745920688700E+0000  4.88874695970840E+0000  1.55211075811186E+0001
1.078  1.13616568467392E+0000  4.75097691164510E+0000  1.13042892388569E+0000
2.277  2.33137499060640E+0000  7.72299980000000E+0000  2.27700020392828E+0000
1.650  1.65000020107076E+0000  8.34999980000000E+0000  1.35974529069834E+0001
2.055  7.94499980000000E+0000  7.94499980000000E+0000  1.53656859344561E+0001
1.111  4.92978133862591E+0000  5.51498843242659E+0000  1.11315126964924E+0001
1.078  4.73977288575037E+0000  1.13138580895897E+0000  1.12469795081768E+0000
2.277  7.72299980000000E+0000  7.72299980000000E+0000  9.07038378405473E+0000
1.650  1.65000020000000E+0000  5.01246825140823E+0000  1.63169527801755E+0001
2.055  2.05500020000000E+0000  4.79366032477092E+0000  1.26406603342447E+0001
1.111  5.43739048916527E+0000  1.12089451015617E+0000  2.01614470673683E+0001
1.078  8.92199980000000E+0000  5.17196575407630E+0000  1.07800020000000E+0000
2.277  7.72299980000000E+0000  2.36627211102282E+0000  9.05779376677360E+0000
1.650  4.26991719511029E+0000  8.34999980000000E+0000  1.56039517722345E+0001
 2.13145271667242E+0001
2.055  7.94499980000000E+0000  2.38232527672540E+0000  7.50805899622797E+0000
1.111  8.56309902067698E+0000  8.62871709586710E+0000  1.03555928004701E+0001
1.078  1.07800020006194E+0000  1.07800020332989E+0000  4.83708612871602E+0000
2.277  7.10668000980115E+0000  7.72299980000000E+0000  2.35392280698699E+0000
1.650  5.19490938089860E+0000  1.65000027854083E+0000  4.86597084752416E+0000
2.055  7.01650617423481E+0000  7.89368014719726E+0000  7.17231116145428E+0000
1.111  4.38508011808629E+0000  8.62748681958500E+0000  1.57514035952901E+0001
1.078  8.92199980000000E+0000  8.92199980000000E+0000  4.90794722448402E+0000
2.277  2.27700021011760E+0000  2.27700020000000E+0000  1.37387720308413E+0001
1.650  5.06908478835909E+0000  4.85123102406105E+0000  8.13097398464264E+0000
2.055  2.54735230548641E+0000  2.05500020000000E+0000  7.42594050312529E+0000
1.111  8.65977020908181E+0000  5.00423862885008E+0000  1.64272627305197E+0001
1.078  4.77076255321414E+0000  8.89562987270684E+0000  4.49221083235067E+0000
2.277  2.27700020000000E+0000  2.27700020000000E+0000  1.82927724545704E+0001
1.650  8.34985477045494E+0000  4.94140106410450E+0000  4.83153428412267E+0000
2.055  4.82869371115725E+0000  7.94499980000000E+0000  1.06512400834891E+0001
1.111  1.12464348365375E+0000  5.05153165881463E+0000  1.67023572227956E+0001
1.078  8.92199980000000E+0000  5.42288133233386E+0000  7.45504586515786E+0000
2.277  7.65401696256654E+0000  2.27700020508361E+0000  1.86319651387274E+0001
1.650  1.67319274668514E+0000  4.62141254152432E+0000  4.68958895569329E+0000
2.055  2.13684861877199E+0000  2.05500041395538E+0000  2.05500020000000E+0000
1.111  4.98649129115257E+0000  1.23108634722225E+0000  1.61748132449782E+0001
1.078  1.07800020339223E+0000  4.82093746331605E+0000  7.34665009860438E+0000
2.277  7.69879291538069E+0000  7.70207159349844E+0000  1.41246411368405E+0001
1.650  8.34999980000000E+0000  1.65000020000000E+0000  3.89880658393166E+0000
2.055  5.20908127789968E+0000  2.05500020000000E+0000  1.05576017697877E+0001
1.111  1.15737164688619E+0000  8.74650160678510E+0000  9.75598073338839E+0000
1.078  1.07800020000000E+0000  8.92199980000000E+0000  1.59311826930721E+0001
2.277  7.72299960024039E+0000  2.27818090706064E+0000  1.40784871743282E+0001
1.650  5.07378400976937E+0000  5.33651643814429E+0000  4.86685403469886E+0000
2.055  7.94499980000000E+0000  5.27461460712245E+0000  1.04281216466323E+0001
1.111  1.25501140831806E+0000  1.26272668165438E+0000  1.04396921839389E+0001
1.078  8.92199980000000E+0000  4.95666537260151E+0000  2.02028381147120E+0001
2.277  2.27700020000000E+0000  7.72299980000000E+0000  2.35181376956067E+0000
1.650  5.93486581060409E+0000  1.65000020000000E+0000  1.65000020000000E+0000
2.055  2.05500022785079E+0000  6.58971816632447E+0000  1.40814193461579E+0001
1.111  4.94014636643408E+0000  4.81212882936925E+0000  1.99961165452113E+0001
1.078  4.85606051373137E+0000  1.12528991361834E+0000  2.01674078512118E+0001
2.277  7.72299980000000E+0000  7.72299980000000E+0000  1.87311654385360E+0001
1.650  8.34999980000000E+0000  4.06513424231002E+0000  1.65000020000000E+0000
2.055  5.08657354727014E+0000  5.07190894545714E+0000  1.65431981929207E+0001
1.111  1.16854073012020E+0000  8.83942873200029E+0000  1.20072701937161E+0001
1.078  1.07800020000000E+0000  4.76096389896702E+0000  2.02028381473718E+0001
2.277  2.27700020000000E+0000  7.53157504741923E+0000  1.87392328131552E+0001
1.650  4.69214703738072E+0000  4.70706622998486E+0000  1.65000020107926E+0000
2.055  2.05500020000000E+0000  4.93004604130501E+0000  1.03214204386909E+0001
1.111  8.74309639580924E+0000  1.19139106121703E+0000  1.15213594443020E+0000
1.078  4.95666545771395E+0000  8.92199980000000E+0000  2.02028381469462E+0001
2.277  2.69732373585466E+0000  7.72299980000000E+0000  6.88637530847299E+0000
1.650  5.14882577573270E+0000  4.97285007382847E+0000  1.28400454831985E+0001
 2.12808383473718E+0001
2.055  7.90487452911460E+0000  5.17530263830807E+0000  9.70322928332265E+0000
1.111  8.88899973830947E+0000  2.17951772458671E+0000  9.41980480372050E+0000
1.078  1.08133941590095E+0000  8.91882162714892E+0000  9.74018370716777E+0000
2.277  2.29731429280202E+0000  2.29593747305601E+0000  1.91104022146541E+0001
1.650  4.86594066105772E+0000  7.35160404381269E+0000  9.76925398161065E+0000
2.055  7.94499980000000E+0000  2.11015799715223E+0000  1.24409987568244E+0001
1.111  8.58754415089204E+0000  8.61388760928905E+0000  9.39360380705331E+0000
1.078  1.07800022919180E+0000  5.16913030377670E+0000  4.09487730595747E+0000
2.277  2.27700020000000E+0000  7.72299980000000E+0000  6.83995634087325E+0000
1.650  1.75130843778972E+0000  5.01264444315737E+0000  9.95172145016631E+0000
2.055  4.95243902153843E+0000  2.05500020000000E+0000  1.55803217268834E+0001
1.111  5.18590609136312E+0000  1.81446627960758E+0000  1.12094011775610E+0000
1.078  8.92199980000000E+0000  5.14395555024482E+0000  6.74009496901739E+0000
2.277  2.27700020000000E+0000  2.27700020000000E+0000  2.88905370984378E+0000
1.650  4.66027166392254E+0000  4.74095052354078E+0000  7.76122230837562E+0000
2.055  7.94499980000000E+0000  4.87063187299154E+0000  1.54859761545576E+0001
1.111  5.00570653279527E+0000  8.88899980000000E+0000  1.20583592714184E+0001
1.078  8.92199980000000E+0000  8.92199980000000E+0000  4.06370487104327E+0000
2.277  7.67199015012525E+0000  2.27700020105351E+0000  1.89449889508954E+0001
1.650  1.65000020000000E+0000  1.65000025137465E+0000  9.01382555317805E+0000
2.055  7.94499980000000E+0000  7.93579115125941E+0000  1.27479290323860E+0001
1.111  8.75259973526600E+0000  5.81150775263849E+0000  4.09612036718318E+0000
1.078  5.17924613017536E+0000  8.91996666528387E+0000  1.07999982892956E+0000
2.277  2.28429330912771E+0000  7.72299980000000E+0000  2.28417713311162E+0000
1.650  7.78673255332051E+0000  8.34999980000000E+0000  1.65000020000000E+0000
2.055  2.05500020000000E+0000  4.96951951287784E+0000  1.56306069914168E+0001
1.111  3.78615301046088E+0000  5.16419114171594E+0000  4.99197684337917E+0000
1.078  1.07800021319218E+0000  4.83405161758702E+0000  1.07800020809613E+0000
2.277  2.27700020000000E+0000  7.71270324956505E+0000  1.89760346898199E+0001
1.650  5.08814852038239E+0000  2.22532319702012E+0000  9.85371921005130E+0000
2.055  4.88694833146608E+0000  7.94499980000000E+0000  1.54938968625129E+0001
1.111  5.45621379397532E+0000  1.12066386513245E+0000  3.22729072354170E+0000
1.078  4.98910973930451E+0000  1.07800020000000E+0000  1.23267391212418E+0001
2.277  7.72299980000000E+0000  2.27700020000000E+0000  5.47558176073391E+0000
1.650  8.34999980000000E+0000  1.65000024105306E+0000  1.65000020000000E+0000
2.055  2.05500020000000E+0000  2.12274364586133E+0000  1.26661558653013E+0001
1.111  1.24236018015558E+0000  8.61027833756111E+0000  1.56848552173228E+0001
1.078  7.20134231663774E+0000  1.07800022560468E+0000  8.56529056285356E+0000
2.277  5.90491328894133E+0000  4.96075814945526E+0000  2.27700020000000E+0000
1.650  4.06831519523884E+0000  1.65000020000000E+0000  6.76844023897859E+0000
2.055  5.00837627561792E+0000  4.98050591327836E+0000  1.26126030572795E+0001
1.111  5.43254128354895E+0000  8.72388996422607E+0000  3.37632495526967E+0000
1.078  8.92199980000000E+0000  5.02971974171165E+0000  2.03996499722037E+0001
2.277  7.72299980000000E+0000  7.69948186988419E+0000  1.87592850615462E+0001
1.650  5.03174814883869E+0000  5.04672327442574E+0000  1.98276495982181E+0001
2.055  2.05500020000000E+0000  7.83717826382636E+0000  1.25172296569061E+0001
1.111  1.18220495094332E+0000  1.14130205227546E+0000  6.00938485361691E+0000
1.078  5.06392479445557E+0000  8.92199980000000E+0000  2.03996499937436E+0001
2.277  6.80730000985474E+0000  7.72299980000000E+0000  6.37594861428544E+0000
1.650  1.65000020000000E+0000  3.86877900658436E+0000  6.42380171615125E+0000
 2.14776501937435E+0001
2.055  7.94499980000000E+0000  4.75600478998372E+0000  1.21606848850435E+0001
1.111  8.56805153908938E+0000  1.27244541086310E+0000  5.95119706474209E+0000
1.078  6.13606414737666E+0000  1.07800026143059E+0000  8.61010692983659E+0000
2.277  2.27700021684084E+0000  7.72299980000000E+0000  1.90570981318539E+0001
1.650  8.34999980000000E+0000  2.60839461854377E+0000  9.05549240634833E+0000
2.055  7.94499980000000E+0000  4.95244105085005E+0000  6.01749728626063E+0000
1.111  8.63177272935217E+0000  8.63104426135123E+0000  5.99415889831611E+0000
1.078  8.92049606562058E+0000  2.44015816609549E+0000  1.40390430184802E+0001
2.277  2.27700020000000E+0000  7.72299980000000E+0000  2.89252129754596E+0000
1.650  1.65000020151087E+0000  8.34999980000000E+0000  1.32215460169607E+0001
2.055  4.92368402117426E+0000  2.05701129710793E+0000  1.55182655847752E+0001
1.111  1.18310124588172E+0000  4.39513088242817E+0000  9.26806149178826E+0000
1.078  1.18306109152386E+0000  8.81456253604589E+0000  1.59786482066564E+0001
2.277  2.32886405701314E+0000  2.27700020000000E+0000  1.90570981362823E+0001
1.650  8.34999980000000E+0000  4.42256164143511E+0000  1.58283570101489E+0001
2.055  2.05500023735286E+0000  4.86936169624395E+0000  6.14424285883488E+0000
1.111  1.23390674694351E+0000  8.62882568845813E+0000  6.14183619776663E+0000
1.078  4.06861291375656E+0000  1.07800036441661E+0000  9.22164876746177E+0000
2.277  7.72299980000000E+0000  2.47217787536730E+0000  2.47274931604115E+0000
1.650  4.26568592066401E+0000  7.92702164130140E+0000  1.51885946745028E+0001
2.055  5.13063831002485E+0000  7.94499980000000E+0000  6.14424283982096E+0000
1.111  1.21175522646570E+0000  5.62670597495955E+0000  1.22043969925192E+0001
1.078  1.07800020000000E+0000  5.16840794640965E+0000  1.07800020000000E+0000
2.277  7.72299972646250E+0000  2.27700020000000E+0000  1.90570981266962E+0001
1.650  5.02593189537754E+0000  4.88990733576976E+0000  1.79082405056735E+0001
2.055  7.94499980000000E+0000  7.64321048493568E+0000  9.12424208479032E+0000
1.111  8.62840950465015E+0000  1.17253047615359E+0000  1.59044754128972E+0001
1.078  8.87941424686347E+0000  8.88356243540992E+0000  1.18796678145782E+0001
2.277  7.72124477570724E+0000  7.71965581801504E+0000  2.67236379616387E+0000
1.650  5.60569108967876E+0000  8.34999980000000E+0000  1.19090421042422E+0001
2.055  2.05500020000000E+0000  4.99763888598760E+0000  1.56971351701265E+0001
1.111  4.95831256807398E+0000  5.08684753411957E+0000  4.51156323094306E+0000
1.078  5.00878337777322E+0000  1.07800020000000E+0000  1.07800020000000E+0000
2.277  2.27700020000000E+0000  7.72299980000000E+0000  9.39596443642805E+0000
1.650  1.72222345107349E+0000  1.65415047457576E+0000  7.95496241405689E+0000
2.055  5.17145840268869E+0000  4.51027916501590E+0000  9.13757556716534E+0000
1.111  5.80009750848766E+0000  5.49173636162906E+0000  1.52559006916213E+0001
1.078  7.28137369275635E+0000  1.07952156503519E+0000  1.36974482555625E+0001
2.277  7.72299980000000E+0000  7.50281431000316E+0000  1.90570981305251E+0001
1.650  6.12126160313454E+0000  1.65000020000000E+0000  1.12925016093199E+0001
2.055  7.94499980000000E+0000  7.94499980000000E+0000  1.47534467075587E+0001
1.111  4.93229945577848E+0000  8.87102667217745E+0000  1.11728656096828E+0000
1.078  1.07800020775500E+0000  1.07800020742280E+0000  5.36748999505288E+0000
2.277  2.27700020000000E+0000  2.38672022412596E+0000  2.52044262615020E+0000
1.650  4.95023374164135E+0000  5.12852576149749E+0000  1.65000020380526E+0000
2.055  5.03519400401966E+0000  2.05500020000000E+0000  5.84437947876045E+0000
1.111  8.82379207077369E+0000  1.20213804139038E+0000  1.18809572254249E+0001
1.078  5.05292757526276E+0000  8.92199980000000E+0000  1.76036009263269E+0001
2.277  2.27700020000000E+0000  2.27700020000000E+0000  1.17923590901048E+0001
1.650  4.36557636553740E+0000  5.43515050744805E+0000  1.28341211528786E+0001
 2.13340983362823E+0001
2.055  4.65408266620041E+0000  4.92653913192899E+0000  1.20087615059265E+0001
1.111  1.27178989222492E+0000  1.26878559741019E+0000  1.70061789335461E+0001
1.078  1.18029487019254E+0000  1.15268116721352E+0000  1.99737234502468E+0001
2.277  7.72299980000000E+0000  2.35558407578236E+0000  1.84912983601554E+0001
1.650  5.38641811843915E+0000  4.99617324201164E+0000  1.77061171743929E+0000
2.055  2.07077744968525E+0000  2.05500020000000E+0000  1.36024078629807E+0001
1.111  8.54061247221108E+0000  1.30380040108533E+0000  5.95028720700820E+0000
1.078  5.13312618046578E+0000  1.07800020566216E+0000  1.07800020946027E+0000
2.277  2.27700022943842E+0000  7.72299980000000E+0000  1.88639604585328E+0001
1.650  5.09384304082757E+0000  5.02380222390315E+0000  7.48321331449914E+0000
2.055  7.89025455910790E+0000  7.92621080823550E+0000  2.08799397880943E+0000
1.111  4.61942606510596E+0000  8.58331784813547E+0000  1.14369897573794E+0001
1.078  4.82646239346212E+0000  1.19562519510521E+0000  1.19370648629431E+0001
2.277  2.27700020000000E+0000  2.52205161614767E+0000  9.30059862272053E+0000
1.650  1.65000024549553E+0000  6.07119150064591E+0000  1.65000020000000E+0000
2.055  7.94499980000000E+0000  2.05500020000000E+0000  2.05500020000000E+0000
1.111  8.72230547218329E+0000  5.54513024711449E+0000  1.62632626967301E+0001
1.078  8.92199980000000E+0000  4.96653831130507E+0000  2.02237374599478E+0001
2.277  2.47325040949452E+0000  7.72299980000000E+0000  8.60933879186148E+0000
1.650  4.09888591283455E+0000  8.32535673670613E+0000  1.65996470514178E+0000
2.055  2.05500020957431E+0000  4.87886398629308E+0000  5.36863124151208E+0000
1.111  8.63255978968242E+0000  8.60470150392770E+0000  5.33223646174591E+0000
1.078  1.07800020000000E+0000  1.07800020222564E+0000  4.45497105445848E+0000
2.277  2.27700020184975E+0000  7.72299980000000E+0000  1.43099600056047E+0001
1.650  4.83759238765318E+0000  4.85174449487194E+0000  1.96517375338989E+0001
2.055  2.51306232663079E+0000  2.49095031952052E+0000  2.05500020000000E+0000
1.111  5.37232563144089E+0000  8.68570809030749E+0000  1.61472773077364E+0001
1.078  8.92199980000000E+0000  4.68794856388313E+0000  7.94054597561579E+0000
2.277  7.72299980000000E+0000  2.27700020000000E+0000  1.39379759842032E+0001
1.650  1.65000020000000E+0000  8.34999980000000E+0000  4.03684646335271E+0000
2.055  5.14269652975783E+0000  7.94499980000000E+0000  5.20478278685867E+0000
1.111  8.65817904703650E+0000  4.93039539383803E+0000  1.12255754571721E+0001
1.078  1.07800020000000E+0000  8.92199980000000E+0000  1.14149944274496E+0001
2.277  7.70480558967433E+0000  7.72299980000000E+0000  8.69083224775059E+0000
1.650  1.65000020000000E+0000  3.92726402902085E+0000  1.96517375289230E+0001
2.055  5.03956515507636E+0000  2.05500020000000E+0000  5.26729443551334E+0000
1.111  1.19935575505832E+0000  8.80584460361577E+0000  1.18896500896339E+0000
1.078  1.08828908584409E+0000  4.93965189444971E+0000  1.28446953658398E+0001
2.277  7.72299980000000E+0000  7.72299980000000E+0000  1.32447963241456E+0001
1.650  4.03832013121660E+0000  1.65000020000000E+0000  1.96517374853075E+0001
2.055  7.94499980000000E+0000  4.94726052726466E+0000  4.97509155543387E+0000
1.111  1.12545347986369E+0000  5.40528351565370E+0000  1.06952612845981E+0001
1.078  8.89227517637410E+0000  8.88904025476214E+0000  1.61948364060567E+0001
2.277  7.12117620273523E+0000  2.27700020000000E+0000  9.42391705559097E+0000
1.650  4.48639613630568E+0000  1.65000061862116E+0000  1.63822982373132E+0001
2.055  5.43955876883122E+0000  5.30972644062067E+0000  1.60247667597098E+0001
1.111  8.79587495262284E+0000  5.00443421706557E+0000  1.15585778706714E+0000
1.078  2.23766173745859E+0000  1.07800020000000E+0000  6.27253064097527E+0000
2.277  7.43984663727705E+0000  7.72299980000000E+0000  1.90149487825927E+0001
1.650  1.65000022924184E+0000  4.45426821429977E+0000  1.63940897145553E+0001
 2.13017377338989E+0001
2.055  7.94499980000000E+0000  2.05500020000000E+0000  1.31117630904375E+0001
1.111  8.85099272378494E+0000  1.12577973886531E+0000  1.60065380949528E+0001
1.078  4.50163451290504E+0000  8.84632246309593E+0000  7.59361342887941E+0000
2.277  7.72299980000000E+0000  2.27700020000000E+0000  8.79115438268977E+0000
1.650  4.18471579811340E+0000  8.25909218133400E+0000  1.70158497320798E+0000
2.055  7.94499966458678E+0000  2.05500031363176E+0000  2.18269321081187E+0000
1.111  8.60926826038444E+0000  1.26074657877816E+0000  5.43778561058878E+0000
1.078  8.92199980000000E+0000  5.43225385145382E+0000  2.04169726855450E+0001
2.277  2.28556004109702E+0000  2.62230752106062E+0000  1.88627515128935E+0001
1.650  4.19681311826122E+0000  1.66989327357483E+0000  1.66155322443861E+0000
2.055  7.94499980000000E+0000  5.06212371172813E+0000  4.98435648812106E+0000
1.111  8.68643325859562E+0000  5.10939918540364E+0000  1.20930216661995E+0001
1.078  1.22329211564709E+0000  1.27380025568696E+0000  1.20420079634572E+0000
2.277  2.27700020000000E+0000  2.27700020000000E+0000  1.42959440552872E+0001
1.650  1.65000020000000E+0000  4.04148288711537E+0000  6.37486400484324E+0000
2.055  5.15441237894276E+0000  2.05500020000000E+0000  5.23321953387576E+0000
1.111  1.22664420113748E+0000  5.20770523448350E+0000  1.63444292924141E+0001
1.078  1.18378905310350E+0000  4.71972452877539E+0000  1.19945147654310E+0001
2.277  2.27700020000000E+0000  7.18992574033911E+0000  1.92179727142401E+0001
1.650  8.34921014828586E+0000  4.12295644767342E+0000  1.61621278338705E+0001
2.055  5.19684361922360E+0000  4.90557054570707E+0000  1.20099512744743E+0001
1.111  4.52852766297952E+0000  8.65245371441843E+0000  1.64305894599918E+0001
1.078  4.84706073963196E+0000  1.08413633787755E+0000  2.04070431340393E+0001
2.277  7.72299980000000E+0000  7.72299980000000E+0000  1.44551951418123E+0001
1.650  6.00524621991665E+0000  1.65000020000000E+0000  1.62423155646086E+0001
2.055  7.94499968691314E+0000  7.94499980000000E+0000  2.05500020000000E+0000
1.111  8.75928049159854E+0000  8.56036870077693E+0000  6.60379055181909E+0000
1.078  1.22223304588753E+0000  8.81410292690233E+0000  8.29787229782385E+0000
2.277  6.79961041694142E+0000  7.72299980000000E+0000  1.91906066874277E+0001
1.650  1.65000020000000E+0000  6.07030912310773E+0000  9.38306580999363E+0000
2.055  2.07515916153363E+0000  4.70948914503810E+0000  2.05500020000000E+0000
1.111  8.86362740797794E+0000  1.12107247497601E+0000  2.03778416976858E+0001
1.078  8.83604664207055E+0000  4.97950043498764E+0000  1.16980009164830E+0000
2.277  2.27700020000000E+0000  7.57230645528174E+0000  1.37789231397298E+0001
1.650  3.86416688355059E+0000  8.34999980000000E+0000  1.02721544015406E+0001
2.055  4.79288724426567E+0000  5.14962341433715E+0000  1.63415676225859E+0001
1.111  4.62021913625105E+0000  5.24665342244714E+0000  4.32544964904958E+0000
1.078  1.16997339087308E+0000  1.15667648827446E+0000  6.84042776063623E+0000
2.277  7.72299980000000E+0000  7.72299980000000E+0000  9.90119473034323E+0000
1.650  1.65000020000000E+0000  1.65000020000000E+0000  4.10092177877550E+0000
2.055  4.86248341549488E+0000  5.33781058490388E+0000  7.68883283827520E+0000
1.111  1.13726359912932E+0000  8.75225439485508E+0000  1.07243237560470E+0001
1.078  1.07800020000000E+0000  8.92199980000000E+0000  1.66067764582544E+0001
2.277  2.59614208254369E+0000  2.27700020000000E+0000  9.75314003885058E+0000
1.650  5.74727160051197E+0000  4.98983569682245E+0000  1.65000049848000E+0000
2.055  6.80070214546791E+0000  3.34389118577834E+0000  1.94399727055952E+0001
1.111  1.24088988398654E+0000  8.39678604333796E+0000  1.33118630658936E+0000
1.078  8.89430416751118E+0000  1.33744665332015E+0000  1.81919050104683E+0001
2.277  2.27700020000000E+0000  7.72299980000000E+0000  5.16051798122957E+0000
1.650  6.18990493403493E+0000  8.32685076689703E+0000  5.40423074935359E+0000
 2.14949729142401E+0001
2.055  7.94261136614326E+0000  7.94495302112965E+0000  1.68593439927176E+0001
1.111  5.23848662967480E+0000  5.14600612864356E+0000  1.22730579919010E+0000
1.078  8.92159589127495E+0000  1.07829660067527E+0000  1.40788447957221E+0001
2.277  7.70191291455744E+0000  7.70374130482602E+0000  2.29571679756598E+0000
1.650  5.09651782239176E+0000  5.09601191964587E+0000  1.97533713233885E+0001
2.055  2.05518313490522E+0000  7.94484300887900E+0000  1.93883070099383E+0001
1.111  8.66716173321130E+0000  4.51640919471706E+0000  1.68786943888669E+0001
1.078  8.80443985360680E+0000  5.04877072316164E+0000  4.65143402229045E+0000
2.277  3.18332759198306E+0000  2.27706744246176E+0000  2.27701315591977E+0000
1.650  5.47535956434650E+0000  5.08661831751911E+0000  8.59697392686902E+0000
2.055  7.94494853418881E+0000  2.11746608439919E+0000  1.90249382757373E+0001
1.111  5.72029517432989E+0000  6.26621388126667E+0000  1.53514119262677E+0001
1.078  8.87868720368745E+0000  5.01727652066314E+0000  8.50784564400477E+0000
2.277  7.72263057725175E+0000  2.27729872772364E+0000  6.87158499281763E+0000
1.650  4.97508906878542E+0000  5.34734668089977E+0000  1.24409002126051E+0001
2.055  2.05932165989130E+0000  5.38662337331435E+0000  1.61714273396557E+0001
1.111  1.21148614892666E+0000  1.24842633978807E+0000  9.98242578431220E+0000
1.078  1.07803245731692E+0000  2.41214809933030E+0000  1.60926056102391E+0001
2.277  2.27703404911675E+0000  7.60501711674700E+0000  6.79696309788777E+0000
1.650  8.34981456985097E+0000  5.44688426148101E+0000  1.41535644645979E+0001
2.055  7.94493385805834E+0000  6.99850349606460E+0000  1.08121981177910E+0001
1.111  1.22678794658374E+0000  8.66115726989204E+0000  1.61381954683171E+0001
1.078  5.26099794412967E+0000  8.92196094031437E+0000  7.58306023652922E+0000
2.277  2.41571282259525E+0000  2.27706992477607E+0000  1.91664559916946E+0001
1.650  4.46839429695985E+0000  8.01325369513934E+0000  1.00301814163846E+0001
2.055  2.05548094566465E+0000  4.91445959461584E+0000  1.01850152340227E+0001
1.111  8.66044142836179E+0000  8.66155251054417E+0000  2.00784503079572E+0001
1.078  8.92148257175607E+0000  1.07848671490297E+0000  1.62350266200065E+0001
2.277  7.72267798791269E+0000  2.64633311790276E+0000  2.28100200978321E+0000
1.650  5.83557620395885E+0000  8.34967060603026E+0000  1.35423176078722E+0001
2.055  2.05520023328097E+0000  2.05502425676510E+0000  1.31373639013807E+0001
1.111  5.09882696348389E+0000  1.17119520239342E+0000  4.92791147007340E+0000
1.078  5.31077058980207E+0000  1.07806656770109E+0000  2.03653597466312E+0001
2.277  5.62731938465609E+0000  2.88038367520313E+0000  1.54452688803593E+0001
1.650  8.34960024488215E+0000  5.71935953283533E+0000  1.97933965864689E+0001
2.055  7.94497312371272E+0000  7.54418178439142E+0000  6.73812321894022E+0000
1.111  1.20560963450929E+0000  8.67685671061373E+0000  9.93360268741938E+0000
1.078  1.07804325341178E+0000  5.03070591318274E+0000  1.32171497991667E+0001
2.277  2.27702466049181E+0000  2.29744489117581E+0000  6.73988870819657E+0000
1.650  4.16747685682830E+0000  1.65003408215141E+0000  1.01204972858536E+0001
2.055  5.22988436366461E+0000  5.14777449874321E+0000  4.79440763342539E+0000
1.111  1.16916495006538E+0000  4.87413532546170E+0000  1.20159855598425E+0000
1.078  5.03723847857265E+0000  1.08826509531998E+0000  1.26587329706200E+0001
2.277  2.82117098663146E+0000  7.72260271468420E+0000  2.27705514185915E+0000
1.650  5.71607541281142E+0000  8.34897726654300E+0000  1.97932471968318E+0001
2.055  2.19856691660242E+0000  7.94498397048481E+0000  1.29577433968400E+0001
1.111  8.72515266826229E+0000  8.66436878530553E+0000  1.36051235339911E+0001
1.078  2.82812066352219E+0000  1.09029933377412E+0000  1.60374530299013E+0001
2.277  7.72297849718446E+0000  2.71282924487014E+0000  1.14051549924384E+0001
1.650  4.27975266991786E+0000  8.34932209057772E+0000  1.64529086352248E+0001
 2.14434561916946E+0001
2.055  7.92531381196033E+0000  2.07001409240599E+0000  1.86021637714811E+0001
1.111  8.62865066534247E+0000  3.73627086694981E+0000  1.26007666592683E+0000
1.078  8.74734988209133E+0000  8.74631608366129E+0000  1.55310275794235E+0001
2.277  2.28865507789499E+0000  2.91811792731083E+0000  2.28584081502048E+0000
1.650  1.65000025860512E+0000  7.18860732658719E+0000  5.70007697085305E+0000
2.055  5.15965139008414E+0000  4.64376148345294E+0000  9.60438432999136E+0000
1.111  1.28554926431738E+0000  1.28086494641711E+0000  1.54280581596248E+0001
1.078  1.22060562337655E+0000  6.30082797933545E+0000  1.10880185791722E+0000
2.277  7.72299980000000E+0000  7.53043782796564E+0000  7.63904158696217E+0000
1.650  1.65000024241161E+0000  5.91361566013052E+0000  8.74382450425262E+0000
2.055  7.94499967981134E+0000  2.18505444645890E+0000  7.84691498321926E+0000
1.111  5.07070421237507E+0000  1.22042758033602E+0000  9.64780789735779E+0000
1.078  3.95044983953330E+0000  8.87999790459158E+0000  5.39802877900579E+0000
2.277  2.27700020000000E+0000  7.56494041552465E+0000  1.88959996363040E+0001
1.650  8.34349675020139E+0000  4.96443506098012E+0000  4.23425795525991E+0000
2.055  2.05500020000000E+0000  4.92097047156774E+0000  1.54716213468251E+0001
1.111  8.67569641153287E+0000  4.90906608537852E+0000  9.89649786318956E+0000
1.078  1.07800021505958E+0000  8.92199980000000E+0000  1.07800024258130E+0000
2.277  2.27700020786056E+0000  7.72299980000000E+0000  1.21722836640377E+0001
1.650  3.86337032692132E+0000  8.31275876546269E+0000  8.10085039840356E+0000
2.055  7.85467208512943E+0000  7.93851278057581E+0000  2.05500020000000E+0000
1.111  1.14128606051144E+0000  4.51482997901523E+0000  5.08320838698294E+0000
1.078  1.07800020178518E+0000  8.92199980000000E+0000  3.67272586302880E+0000
2.277  2.27700020000000E+0000  2.27700020000000E+0000  7.40098003088973E+0000
1.650  5.75694060877760E+0000  4.91154635929288E+0000  1.65000021055366E+0000
2.055  5.00023163193490E+0000  2.05500020000000E+0000  1.55343104847811E+0001
1.111  1.26460058701515E+0000  8.57220558117838E+0000  1.55596431584882E+0001
1.078  5.26044064386738E+0000  1.13039103584452E+0000  2.00448975637566E+0001
2.277  2.31751890099279E+0000  2.30371183802569E+0000  1.19921992148977E+0001
1.650  5.09349854439275E+0000  1.65000020000000E+0000  4.73723451219807E+0000
2.055  4.99126321647463E+0000  7.94499980000000E+0000  1.55412181974795E+0001
1.111  1.17223392288134E+0000  8.75214017006390E+0000  8.94001808360195E+0000
1.078  8.86808319623857E+0000  4.73651541530677E+0000  2.00430035541522E+0001
2.277  7.72299980000000E+0000  7.72299980000000E+0000  1.88959996312386E+0001
1.650  5.37160484351387E+0000  4.62841763361713E+0000  1.95128572452568E+0001
2.055  7.94499980000000E+0000  4.92139415975306E+0000  1.55993423406333E+0001
1.111  4.96726100803262E+0000  5.00329082621671E+0000  1.67859975564520E+0001
1.078  5.03393831414641E+0000  8.88487357455994E+0000  1.05394249816582E+0001
2.277  2.27700020000000E+0000  2.27700047025448E+0000  1.88959996319165E+0001
1.650  8.34999980000000E+0000  1.65000029253767E+0000  4.20319161775227E+0000
2.055  3.75718149918122E+0000  7.94499980000000E+0000  2.37536309822052E+0000
1.111  8.60974639187193E+0000  1.24104925898397E+0000  1.54469762034046E+0001
1.078  8.92199980000000E+0000  8.92199980000000E+0000  4.83155488726587E+0000
2.277  7.72299980000000E+0000  2.27700036372873E+0000  1.21722461424299E+0001
1.650  5.04867986277316E+0000  5.00271644255505E+0000  1.32902851253903E+0001
2.055  4.81399160321857E+0000  5.29582628904281E+0000  5.33460885236853E+0000
1.111  6.15521056973577E+0000  8.69030622872116E+0000  4.73622630122764E+0000
1.078  1.13082687774218E+0000  5.97019095949214E+0000  3.27575649565101E+0000
2.277  7.72299980000000E+0000  7.66003684390572E+0000  1.21911975361467E+0001
1.650  6.25925449837934E+0000  1.65000020000000E+0000  1.65000020000000E+0000
 2.11729998363040E+0001
