0.698  2.32958009810618E+0000  7.10284848487310E-0001  8.92947888725769E+0000
1.012  8.98581080668319E+0000  1.01225465130592E+0000  1.01315674631696E+0000
0.449  9.54854480431214E+0000  4.51566217087310E-0001  7.03234856385814E+0000
1.544  1.54400142233119E+0000  1.54402568573305E+0000  4.31524329500303E+0000
1.386  8.59650149499650E+0000  1.38830906311854E+0000  3.61714885858811E+0000
0.760  3.07457633751537E+0000  4.23979835765829E+0000  8.87931708147276E+0000
0.932  9.00437204099755E+0000  9.35221473847480E-0001  5.85599360042652E+0000
0.994  3.10416525346452E+0000  2.37316650151479E+0000  8.64549330352480E+0000
0.672  3.71023455443295E+0000  6.72071259801660E-0001  8.96749451112213E+0000
0.418  5.94257123642030E+0000  4.56414901001651E+0000  9.20134013153231E+0000
1.381  6.53772356478668E+0000  3.61899846441864E+0000  3.74611659526260E+0000
0.618  4.66488391930885E+0000  4.36137806677323E+0000  3.73825293605464E+0000
0.805  3.86199468746436E+0000  2.61324860723738E+0000  8.08881726030570E-0001
0.710  7.35398342843136E+0000  7.10758490767110E-0001  6.87535471725769E+0000
1.169  1.16906694537890E+0000  3.82922094632615E+0000  5.82963742521776E+0000
0.763  3.74522172407551E+0000  4.23517457343682E+0000  7.64909384689500E-0001
1.630  1.70667668651010E+0000  3.36995807436270E+0000  1.67481958499887E+0000
1.210  1.21003786152190E+0000  3.78999302008550E+0000  8.42949191463022E+0000
1.331  8.66897162495228E+0000  1.33100583078807E+0000  8.30851333249515E+0000
0.473  4.21247688883458E+0000  4.48627979826500E+0000  5.11320110891000E+0000
0.958  4.76970571158150E+0000  4.04195011302111E+0000  8.68142054282807E+0000
0.973  5.87617190047366E+0000  4.02694748561378E+0000  6.96602980851360E+0000
1.265  5.61835526554349E+0000  3.63570966124544E+0000  1.26501233640148E+0000
1.627  4.41445961861774E+0000  1.63437940427065E+0000  2.97078923976072E+0000
0.848  3.93332394349815E+0000  4.15184345444325E+0000  2.43086759309873E+0000
0.698  1.97612265049162E+0000  6.99116182105700E-0001  2.28330016721987E+0000
1.012  7.00226663481965E+0000  3.80290571220047E+0000  8.59702340455359E+0000
0.449  6.84256246512839E+0000  4.52864526811076E+0000  2.14125873176266E+0000
1.544  8.45599747038236E+0000  3.45599857785535E+0000  1.54400356801826E+0000
1.386  3.57263304050047E+0000  3.61383768226037E+0000  6.66916742935714E+0000
0.760  3.38508158332946E+0000  7.60014422170050E-0001  7.57565958572212E+0000
0.932  9.06797916263142E+0000  4.06798874946798E+0000  3.86382111875560E+0000
0.994  9.00289442124144E+0000  3.99712137893967E+0000  8.64260662414371E+0000
0.672  6.72008808759740E-0001  6.72007828499860E-0001  8.96751138168353E+0000
0.418  9.57350539418219E+0000  4.57350531235067E+0000  2.71266568642280E+0000
1.381  1.40415594416315E+0000  1.49815951434632E+0000  7.23654133706550E+0000
0.618  6.38838578097870E-0001  6.56577351507610E-0001  2.53291288019722E+0000
0.805  4.86422154586330E+0000  2.86873041507004E+0000  5.03461692195905E+0000
0.710  5.36977610063217E+0000  4.27150844937252E+0000  5.36873237639178E+0000
1.169  2.99818753115038E+0000  3.83094577846406E+0000  4.18900327596919E+0000
0.763  4.79159590881378E+0000  7.73960610909720E-0001  7.67901467457690E-0001
1.630  8.27494863485083E+0000  3.36999454750952E+0000  6.19786951796624E+0000
1.210  3.89585558624334E+0000  1.21581706667223E+0000  5.72841600579222E+0000
1.331  6.37734290601214E+0000  1.33100166354475E+0000  5.19328726840044E+0000
0.473  5.33138172256860E-0001  5.30338659316220E-0001  5.82632053460696E+0000
0.958  2.93499512708306E+0000  9.64841167321750E-0001  9.58515513622970E-0001
0.973  9.73105054125370E-0001  9.73033828723870E-0001  9.73108293980690E-0001
1.265  6.72043497926479E+0000  1.26500122909989E+0000  1.26500183313708E+0000
1.627  5.54838058750147E+0000  1.66948979365485E+0000  8.01251252204595E+0000
0.848  8.48325133223880E-0001  4.15130644731235E+0000  3.86434146513337E+0000
 9.63951353249515E+0000