1.282  8.71799980000000E+0000  1.28200020219850E+0000  3.15509469814966E+0000
1.280  7.88303775986957E+0000  6.21999980000000E+0000  1.28000020000000E+0000
0.533  9.24874825811115E+0000  7.61123351651040E-0001  7.61458549432590E-0001
1.282  1.74110954306135E+0000  1.30002956910500E+0000  1.34940196065455E+0000
1.280  6.36901183040821E+0000  4.15831069151558E+0000  1.38375660898921E+0000
0.533  8.23208386815090E-0001  7.33920812966320E-0001  4.17904311679351E+0000
1.282  1.28200021145378E+0000  2.78461174040441E+0000  3.61490332446270E+0000
1.280  4.87143728193502E+0000  3.94449080483847E+0000  3.61690337829272E+0000
0.533  9.34720093112006E+0000  3.32597423452615E+0000  4.10128005250116E+0000
1.282  2.23129385072519E+0000  6.21799968225392E+0000  1.28200044260436E+0000
1.280  6.97218684150539E+0000  1.28000021335467E+0000  1.28000025455641E+0000
0.533  2.92611120865178E+0000  4.45998934294058E+0000  4.24626530565173E+0000
1.282  3.69033645392100E+0000  6.21799978314579E+0000  3.61490324236266E+0000
1.280  3.35564104688658E+0000  1.28000022055600E+0000  3.61690337548785E+0000
0.533  9.33991735510741E+0000  4.99545058565148E+0000  7.06781031234670E-0001
1.282  4.79496971083527E+0000  6.17719602110494E+0000  1.28200029958150E+0000
1.280  8.71999980000000E+0000  5.59391679726782E+0000  3.61690337902041E+0000
0.533  9.37939058641113E+0000  6.87514645031033E+0000  2.31118422876013E+0000
1.282  1.28200020353832E+0000  5.34596467370141E+0000  3.49841549532223E+0000
1.280  8.71999980000000E+0000  3.15049526047662E+0000  1.28000044161002E+0000
0.533  2.76340320056352E+0000  4.09400809169966E+0000  2.90854967919133E+0000
1.282  6.24499293096483E+0000  6.21799968824815E+0000  3.39620611715405E+0000
1.280  3.83930736042277E+0000  3.77958655059017E+0000  1.28000020000000E+0000
0.533  6.49955804855010E-0001  6.84029740134969E+0000  2.30961922485236E+0000
1.282  5.91765865026274E+0000  1.30506966883005E+0000  3.61485270003218E+0000
1.280  1.28000020000000E+0000  3.83915903495966E+0000  1.28000025327686E+0000
0.533  3.17463136901242E+0000  3.12613311310359E+0000  4.23435075066069E+0000
1.282  4.41018798432614E+0000  1.28200021624235E+0000  1.28200020000000E+0000
1.280  7.37608959107825E+0000  3.41503927323761E+0000  3.61690334987250E+0000
0.533  6.57308990615130E-0001  6.84600027581760E-0001  2.86998110064006E+0000
 4.89690357902041E+0000