1.875  5.14562362069766E+0000  1.87500020945058E+0000  5.60932479872462E+0000
1.481  8.48855558746975E+0000  1.56984197001350E+0000  3.32881561300207E+0001
2.315  2.31500020000000E+0000  2.31500020000000E+0000  1.55594279494701E+0001
2.188  7.34253861802463E+0000  2.21227356899830E+0000  2.95602458967229E+0001
1.875  4.86829226288913E+0000  1.87500020000000E+0000  1.89085222451635E+0001
1.481  1.58674863299602E+0000  1.62625414150401E+0000  3.32735073413858E+0001
2.315  7.68499980000000E+0000  2.38007161627782E+0000  2.31500020000000E+0000
2.188  2.18800044529971E+0000  2.18800022669285E+0000  2.18800022851204E+0000
1.875  5.07100962715820E+0000  5.62499976931325E+0000  1.87500020651562E+0000
1.481  1.57115674158721E+0000  5.91822276286144E+0000  1.59035481011087E+0000
2.315  2.31500020000000E+0000  2.31500020342948E+0000  8.66711393836735E+0000
2.188  7.22545058935556E+0000  5.31199980000000E+0000  1.91332632702265E+0001
1.875  4.87207395533872E+0000  5.62499979594522E+0000  2.91697589923836E+0001
1.481  8.51750408675856E+0000  1.48134744014559E+0000  2.61414954486022E+0001
2.315  2.31500020000000E+0000  5.18499980000000E+0000  1.91926091666659E+0001
2.188  2.92557512080318E+0000  5.31199980000000E+0000  3.27223841630632E+0001
1.875  5.00866322036107E+0000  1.90405146601359E+0000  2.60926872710434E+0001
1.481  1.48208459757511E+0000  1.48125312487920E+0000  2.57883164729754E+0001
2.315  7.68499980000000E+0000  5.18499980000000E+0000  1.27672081459532E+0001
2.188  2.75593845315265E+0000  5.31199947645904E+0000  5.19922172501142E+0000
1.875  5.25412314037823E+0000  5.62499967773008E+0000  9.38292941117511E+0000
1.481  1.48208489841085E+0000  6.01874129202776E+0000  2.94072806917140E+0001
2.315  2.31500020000000E+0000  5.18499980000000E+0000  2.57843271581348E+0001
2.188  7.81199979945402E+0000  2.18800020000000E+0000  1.61256120313115E+0001
1.875  5.12792611086607E+0000  5.62499980000000E+0000  2.27102497970496E+0001
1.481  8.51899980000000E+0000  1.48100020000000E+0000  5.90745527179105E+0000
2.315  7.68499980000000E+0000  5.18499980000000E+0000  2.60956816908377E+0001
2.188  7.65723330560622E+0000  5.27266873139122E+0000  3.26976092784147E+0001
1.875  4.65732927565467E+0000  1.87500024444233E+0000  1.21132709682866E+0001
1.481  1.48207565411752E+0000  1.48125395229739E+0000  1.91888933966398E+0001
2.315  7.68499980000000E+0000  5.18499980000000E+0000  5.99865075663614E+0000
2.188  2.23361823581268E+0000  5.25685205747071E+0000  1.20753242247220E+0001
1.875  4.86886236500271E+0000  5.62499979799684E+0000  1.58383436436091E+0001
1.481  1.48100020000000E+0000  6.01899980000000E+0000  1.55844923330882E+0001
2.315  2.31500020000000E+0000  2.31500020000000E+0000  2.94175083545932E+0001
2.188  2.97250995357978E+0000  2.18800020000000E+0000  2.24884681642304E+0001
1.875  5.12513867669966E+0000  1.89014837692631E+0000  3.29973123678803E+0001
1.481  1.48100021569331E+0000  6.01899980000000E+0000  8.56615609547233E+0000
2.315  7.68499980000000E+0000  2.31500020000000E+0000  2.24625004767180E+0001
2.188  7.67113558756705E+0000  2.18800020000000E+0000  9.40643242466336E+0000
 3.49103843630632E+0001
