1.063  8.93699979356947E+0000  6.43699980000000E+0000  4.74508984107788E+0000
1.458  1.45812775510814E+0000  6.04193717928034E+0000  8.27895270979949E+0000
1.571  5.18197943235104E+0000  4.01311558833046E+0000  5.22326561333684E+0000
1.096  8.81784098650522E+0000  1.23303030644144E+0000  8.57602683674919E+0000
1.661  8.33899980000000E+0000  5.73941941085839E+0000  1.66100020000000E+0000
1.254  8.74599980000000E+0000  4.15797408189501E+0000  4.37353704649732E+0000
0.961  9.61000200000000E-0001  9.61000200000000E-0001  4.80450072578293E+0000
2.336  2.50905593505745E+0000  2.50380288907959E+0000  2.33600020000000E+0000
1.697  1.70662750394566E+0000  5.60156712787622E+0000  4.84362634488999E+0000
2.177  7.82299980000000E+0000  5.28268840434471E+0000  7.56008040353706E+0000
1.308  3.89805984984157E+0000  6.10918537674482E+0000  6.88615918044423E+0000
0.661  6.05682650929962E+0000  2.08419447921787E+0000  5.93525742569275E+0000
0.742  4.90266117487081E+0000  3.60455925147610E+0000  7.42615600384420E-0001
0.777  9.20164006529797E+0000  3.61001137134625E+0000  7.91913175635340E-0001
0.715  4.78362368668438E+0000  7.18189516174940E-0001  6.82838247734246E+0000
1.063  4.33148400065363E+0000  6.42311538991600E+0000  4.48529446245180E+0000
1.458  1.45800025232663E+0000  6.04199978345370E+0000  1.45800026551408E+0000
1.571  6.13879735475806E+0000  1.98970374250249E+0000  8.16608037500739E+0000
1.096  4.82382418585640E+0000  4.48743734146429E+0000  8.63046022036416E+0000
1.661  8.33899980000000E+0000  1.66100021186563E+0000  5.82153564277267E+0000
1.254  4.64925812787108E+0000  1.25400020000000E+0000  4.93323540774007E+0000
0.961  5.16857394620507E+0000  6.52744953461725E+0000  8.75460057791078E+0000
2.336  2.33600020000000E+0000  2.45678112850993E+0000  7.40108041621178E+0000
1.697  4.76388309873881E+0000  5.80299978691468E+0000  1.79180664919237E+0000
2.177  7.00739916576290E+0000  2.17700020000000E+0000  2.17700022367901E+0000
1.308  6.67503917609993E+0000  6.19199980000000E+0000  4.07789264054777E+0000
0.661  6.55501309144748E+0000  6.83899980000000E+0000  6.61000212254390E-0001
0.742  5.71998292862353E+0000  6.64597063801536E+0000  5.93253714764738E+0000
0.777  9.21369890213989E+0000  7.84327748233280E-0001  7.84327747976320E-0001
0.715  6.51776255251822E+0000  7.15097860877090E-0001  4.62394335447096E+0000
 9.73708061621178E+0000