1.509  3.86298191776858E+0000  3.93134365076800E+0000  1.96659740837973E+0000
1.553  8.44699979597882E+0000  6.13254312938908E+0000  3.97775562161984E+0000
1.399  1.39900020000000E+0000  5.36769104916904E+0000  1.39900023061353E+0000
1.489  1.48900022907160E+0000  1.48900021305966E+0000  8.60685832487702E+0000
1.463  1.46300103503999E+0000  8.53699977261822E+0000  4.43753406077471E+0000
1.650  8.34849983538557E+0000  8.34862121787038E+0000  1.65562995073178E+0000
1.409  1.40900043018470E+0000  4.38479138226357E+0000  8.68685832293545E+0000
1.557  1.55700023370497E+0000  6.19520384356728E+0000  6.34214912184824E+0000
1.430  8.56999973994355E+0000  8.56999980000000E+0000  5.69297194673693E+0000
1.575  6.03823173285903E+0000  8.42446327013028E+0000  4.07772299900750E+0000
1.537  6.04832110044759E+0000  3.88490100431915E+0000  8.55828989171219E+0000
1.586  1.58610330923537E+0000  3.97568186860445E+0000  4.06273009754843E+0000
1.464  8.53599966232867E+0000  5.56217873383883E+0000  8.63185833694216E+0000
1.316  8.68399979555166E+0000  1.31600020000000E+0000  5.06208078075537E+0000
1.653  3.55974613873582E+0000  3.53451511257637E+0000  6.59301185085972E+0000
1.641  8.34853670021838E+0000  1.66469257293929E+0000  8.43997312810940E+0000
1.383  6.63061065729719E+0000  3.32859013077680E+0000  1.38300020000000E+0000
1.342  8.65799935542218E+0000  3.32162633518577E+0000  3.31801826164427E+0000
1.401  5.62756123721307E+0000  8.59899886760063E+0000  8.69485825036332E+0000
1.371  6.63891030396561E+0000  1.37100020000000E+0000  3.32008331607581E+0000
1.482  6.18030425799780E+0000  6.10747448170033E+0000  1.95966485241566E+0000
1.547  3.65832577569094E+0000  6.32639844864615E+0000  4.06135154507414E+0000
1.523  3.84067491403797E+0000  1.67571181009891E+0000  3.99259199184162E+0000
1.291  5.43020123170946E+0000  8.70798251612703E+0000  1.29117478245990E+0000
1.588  3.83720821302152E+0000  6.13568489882634E+0000  8.50771849970609E+0000
1.389  8.61099980000000E+0000  1.38900020605738E+0000  1.38900022119884E+0000
1.487  8.51299971333972E+0000  8.51299980000000E+0000  8.60885832964387E+0000
1.566  3.82165566315003E+0000  8.43399970842292E+0000  6.34654563396316E+0000
1.329  4.79930756302409E+0000  1.32900027292692E+0000  1.32900023137995E+0000
1.452  1.45200020000000E+0000  8.54799980000000E+0000  1.52257513707754E+0000
1.569  1.56900033024185E+0000  8.43099936063780E+0000  8.52685824970802E+0000
1.664  1.66400021858521E+0000  1.66400021752448E+0000  1.66400043927777E+0000
1.521  8.47899977752471E+0000  3.93679705000388E+0000  6.12883760108098E+0000
1.311  8.68899980000000E+0000  5.06510617744264E+0000  1.31100020463964E+0000
1.555  6.05758834784487E+0000  1.55500021714283E+0000  6.19675490921189E+0000
1.285  3.61134379959056E+0000  6.88307810442851E+0000  1.28500020000000E+0000
1.635  6.39374715201864E+0000  6.42858153710105E+0000  6.56671765030366E+0000
1.425  4.40159470891060E+0000  1.42500058500885E+0000  8.67085831662503E+0000
1.621  5.91292412604562E+0000  4.11649059905375E+0000  4.32463900373370E+0000
1.432  1.43200020000000E+0000  1.43200029431472E+0000  5.68697040987808E+0000
 1.00958585369421E+0001