1.517  1.51700020000000E+0000  1.51700020033494E+0000  2.18398319086327E+0000
1.087  4.02027265097089E+0000  1.17026163281307E+0000  3.27384977011781E+0000
1.532  1.53200020000000E+0000  3.80922536156064E+0000  7.45036325842801E+0000
1.517  6.38100094502829E+0000  5.98299980000000E+0000  1.51700020000000E+0000
1.087  1.16423163974624E+0000  3.74416153807285E+0000  3.72302445044906E+0000
1.532  8.46799980000000E+0000  1.53200020000000E+0000  6.80355600838788E+0000
1.517  1.53686756611307E+0000  5.95380301316623E+0000  5.20933624329068E+0000
1.087  8.91299980000000E+0000  6.41299969144619E+0000  1.08700036181382E+0000
1.532  1.53200021999638E+0000  1.53200032933605E+0000  5.23290983498038E+0000
1.517  3.67172663135907E+0000  3.70356133344780E+0000  5.28084501176321E+0000
1.087  1.08700020118413E+0000  1.08700025123048E+0000  7.89536321327323E+0000
1.532  1.53200020000000E+0000  5.29101168841428E+0000  1.53200020000000E+0000
1.517  3.86136620385113E+0000  3.32372103679652E+0000  1.51700020000000E+0000
1.087  1.10506588619145E+0000  6.39118937967119E+0000  7.84965578965993E+0000
1.532  6.34625982140160E+0000  1.53200020000000E+0000  1.53200020280200E+0000
1.517  3.66996255929861E+0000  5.98299980000000E+0000  7.46536325393275E+0000
1.087  8.90554889767376E+0000  1.11338466372599E+0000  1.11487969531116E+0000
1.532  8.46799961017360E+0000  3.74250237349288E+0000  1.53200038466159E+0000
1.517  3.60819523037428E+0000  1.57638127479143E+0000  7.46536324519522E+0000
1.087  8.91299980000000E+0000  3.94245032793722E+0000  5.88113078829450E+0000
1.532  6.35827675990376E+0000  3.65774893142283E+0000  7.45036327403076E+0000
1.517  5.99190447068165E+0000  5.98299980000000E+0000  5.51248222950260E+0000
1.087  6.05009356512123E+0000  3.77322938293156E+0000  2.85424844828708E+0000
1.532  8.37094650340096E+0000  5.96799979843289E+0000  7.45036327333364E+0000
1.517  5.77420333816670E+0000  1.51700020000000E+0000  5.34167746201574E+0000
1.087  7.04961528544103E+0000  3.71772728400913E+0000  4.78405506985361E+0000
1.532  8.46799974321287E+0000  1.61897842160180E+0000  3.74079026391053E+0000
1.517  3.92200778579657E+0000  5.98299980000000E+0000  3.29422025688172E+0000
1.087  6.12939023561412E+0000  1.08700020000000E+0000  7.89536327303125E+0000
1.532  8.46799980000000E+0000  5.87003501183977E+0000  3.73692766269673E+0000
 8.98236347403076E+0000