1.302  1.30200020028690E+0000  3.57886713700361E+0000  7.21243468041676E+0000
1.501  8.49899974762508E+0000  1.50100029603233E+0000  7.41560308670045E+0000
1.478  1.47800021386704E+0000  6.02199980000000E+0000  5.89769944895987E+0000
1.536  4.02412596069037E+0000  3.76731323296619E+0000  9.51662323538537E+0000
1.613  6.08402628224450E+0000  5.88525971815770E+0000  1.61393422768199E+0000
1.560  6.22959144170693E+0000  5.93999952689469E+0000  9.49262316842676E+0000
1.537  8.46252400393763E+0000  5.96236046918654E+0000  3.68101450932738E+0000
1.548  8.45195478615686E+0000  3.75646043409496E+0000  9.50456763259206E+0000
1.391  1.39100024233873E+0000  1.39100020000000E+0000  5.64477132361028E+0000
1.645  1.64500020615806E+0000  5.85499980000000E+0000  9.20025479957986E+0000
1.463  4.02023168034097E+0000  1.46300024472603E+0000  7.39707756183850E+0000
1.611  1.61100020663206E+0000  5.88899980000000E+0000  1.61100020000000E+0000
1.604  3.83746145106206E+0000  1.60400023991368E+0000  3.93027833269708E+0000
1.572  6.12218491975251E+0000  3.75840424722609E+0000  7.22364792652152E+0000
1.341  6.25410627140621E+0000  1.34234848933734E+0000  5.59923647228434E+0000
1.302  3.57574335451037E+0000  3.73902875645379E+0000  5.89130472841393E+0000
1.501  8.49899976062977E+0000  5.99899975708575E+0000  7.43932610582834E+0000
1.478  3.84106298440367E+0000  3.75355824689116E+0000  1.48756763350810E+0000
1.536  1.53600021235367E+0000  3.75000000856788E+0000  3.91809062113466E+0000
1.613  6.06888115305249E+0000  1.61300020000000E+0000  1.61300020000000E+0000
1.560  6.16488182013372E+0000  3.74717181789081E+0000  3.95906646615981E+0000
1.537  8.42464074998032E+0000  1.53714454886890E+0000  3.71501685098690E+0000
1.548  8.43281110941052E+0000  3.73332422560357E+0000  1.54815562913632E+0000
1.391  8.60899980000000E+0000  3.75957127727406E+0000  5.61270988073586E+0000
1.645  1.65712997645682E+0000  1.64500020000000E+0000  9.40762324311715E+0000
1.463  4.12017473046225E+0000  6.03699973940298E+0000  7.32941158571251E+0000
1.611  1.61100057736326E+0000  1.61100020000000E+0000  1.61100020000000E+0000
1.604  3.84275151481113E+0000  5.89599979008101E+0000  3.92518790099740E+0000
1.572  6.22436066195831E+0000  1.57200036164748E+0000  9.48062319782236E+0000
1.341  6.30812007324653E+0000  6.15747664765412E+0000  5.57956432176823E+0000
 1.10526234431171E+0001
