0.931  4.08161673971073E+0000  9.31000322827920E-0001  2.47664580069491E+0000
0.900  7.12238342276306E+0000  9.00000339429270E-0001  9.00000838509450E-0001
0.920  9.20001251814280E-0001  9.24359411219990E-0001  9.20001510888390E-0001
0.840  7.97865602965236E+0000  2.49704335990890E+0000  8.40000264000390E-0001
0.991  9.91000234639910E-0001  3.88905464986791E+0000  9.91000210067660E-0001
0.931  9.31000479703670E-0001  1.33416741738938E+0000  5.12694694645062E+0000
0.900  2.49876041060396E+0000  4.09999980000000E+0000  3.84899025375997E+0000
0.920  6.20593622226820E+0000  2.47230008248243E+0000  9.20000294695800E-0001
0.840  8.40001274509990E-0001  2.60688480263728E+0000  3.89879694862438E+0000
0.991  7.60993453659050E+0000  2.52744757943196E+0000  5.06694686867922E+0000
0.931  5.22765943803232E+0000  4.05247237035419E+0000  9.35609391615990E-0001
0.900  4.17918260397440E+0000  4.09999974367200E+0000  2.44150018174845E+0000
0.920  9.07999980000000E+0000  9.20000569781720E-0001  2.89936089171678E+0000
0.840  9.15999970561008E+0000  2.50610439865381E+0000  2.03446646244787E+0000
0.991  9.91000580597260E-0001  4.00899942402579E+0000  5.06678583719574E+0000
0.931  9.31000201343600E-0001  4.06899976497351E+0000  2.90361762172594E+0000
0.900  9.09999980000000E+0000  4.09999973177232E+0000  2.87732168904119E+0000
0.920  7.55078771196249E+0000  3.97840974336289E+0000  3.82471762915886E+0000
0.840  3.41112970617680E+0000  8.40000233892680E-0001  8.40000237841460E-0001
0.991  9.00686421555874E+0000  3.99975675631556E+0000  5.06477745203441E+0000
0.931  9.97419257366820E-0001  9.31000220785460E-0001  3.31033185576205E+0000
0.900  2.73833586732431E+0000  2.91463613640660E+0000  2.51575432959516E+0000
0.920  7.10086850180610E+0000  4.07999973754102E+0000  9.20000200167160E-0001
0.840  7.47985450321775E+0000  8.40000278591620E-0001  3.62787739741880E+0000
0.991  2.43816756920748E+0000  2.65473416674038E+0000  5.06694689441066E+0000
0.931  5.17731981350344E+0000  9.33458099723910E-0001  9.31000289115620E-0001
0.900  4.36715398595660E+0000  9.00000699830250E-0001  5.15794677736919E+0000
0.920  4.08924708050004E+0000  2.46214685018328E+0000  9.20000497920540E-0001
0.840  2.25367157839693E+0000  8.40000248045910E-0001  2.06534487226251E+0000
0.991  9.00899980000000E+0000  4.00308253249422E+0000  9.91000222503300E-0001
0.931  3.80958352471906E+0000  4.06635650368850E+0000  5.12694697360850E+0000
0.900  6.20291370234560E+0000  9.00000952261180E-0001  2.44744367369659E+0000
0.920  2.26848636774525E+0000  2.17625161187090E+0000  9.20000200054430E-0001
0.840  6.29892918590732E+0000  2.74520588628909E+0000  3.72642027448522E+0000
0.991  8.96051994123527E+0000  1.01231328907720E+0000  5.03614725671051E+0000
0.931  7.48024248403991E+0000  2.21886909108788E+0000  2.51649830830248E+0000
0.900  2.74891309482580E+0000  1.48167013049403E+0000  3.60501928775042E+0000
0.920  5.26466473631765E+0000  2.55681495617367E+0000  5.13794694279394E+0000
0.840  5.09943877729148E+0000  4.15999978413278E+0000  3.91701027996320E+0000
0.991  2.96936797344860E+0000  4.00899976169806E+0000  9.91000211934430E-0001
0.931  6.21560362631976E+0000  4.06235782462861E+0000  2.54548393361629E+0000
0.900  6.31361375369345E+0000  4.04399668445769E+0000  5.15794696628780E+0000
0.920  4.01082922966355E+0000  2.78119418755139E+0000  3.81010955567320E+0000
0.840  2.62922346758467E+0000  8.40000223686180E-0001  5.21794694469635E+0000
0.991  6.35787394998923E+0000  9.91000246846240E-0001  5.06694696065622E+0000
0.931  9.06899942468448E+0000  2.52813909494244E+0000  3.81586121850289E+0000
0.900  5.14703644266266E+0000  2.58302922028157E+0000  2.39610058511529E+0000
0.920  9.20000218356100E-0001  2.37579193308603E+0000  2.15586844051205E+0000
0.840  5.19377145777971E+0000  1.47986509992593E+0000  3.74088546009010E+0000
0.991  9.00899967476473E+0000  9.91003472024390E-0001  9.91000254500250E-0001
 6.05794717360850E+0000
