0.971  9.98694788144460E-0001  3.97510955834679E+0000  5.75564802042352E+0000
1.444  1.44400020696746E+0000  3.55599980000000E+0000  3.41377277726373E+0000
1.141  2.71688333481243E+0000  1.14100054651585E+0000  8.79833551535190E+0000
0.890  5.49174572764618E+0000  4.10999880856042E+0000  4.72515378820314E+0000
0.794  7.31319708582542E+0000  4.19219896265379E+0000  5.24647430950447E+0000
0.971  9.02899853136858E+0000  9.71001452824720E-0001  7.19186395866770E+0000
1.444  8.55599980000000E+0000  3.51983205798290E+0000  7.01513750896696E+0000
1.141  2.86927574771465E+0000  1.34328143259847E+0000  3.59822220466528E+0000
0.890  2.14745397340101E+0000  2.46356865395094E+0000  7.36601995888628E+0000
0.794  8.98870778619832E+0000  2.58840630661975E+0000  9.08730527788144E+0000
0.971  9.02899977453916E+0000  4.02899962374008E+0000  4.70229372004028E+0000
1.444  1.44400020542405E+0000  1.44400021317840E+0000  1.44400020000000E+0000
1.141  4.79795220965128E+0000  1.14100164535886E+0000  6.87976342781447E+0000
0.890  8.95038559265540E-0001  4.07586440886305E+0000  7.61661182935547E+0000
0.794  7.94000281992060E-0001  7.94000222696580E-0001  9.14533596660852E+0000
0.971  7.23010727529029E+0000  4.02899971508051E+0000  8.96833597817566E+0000
1.444  7.06685931037442E+0000  3.55599980000000E+0000  3.09430095034935E+0000
1.141  8.71144487621012E+0000  1.35205567935944E+0000  1.14100021158480E+0000
0.890  2.78527471493173E+0000  8.90002197194800E-0001  6.77444291253530E+0000
0.794  9.11564158570608E+0000  4.19045504336199E+0000  9.11153163837863E+0000
0.971  9.71000277947670E-0001  4.02899865355625E+0000  9.71000947435620E-0001
1.444  4.33165445827753E+0000  1.48795278416199E+0000  1.45222461231082E+0000
1.141  1.14100020066814E+0000  1.77212751193997E+0000  5.45470323460164E+0000
0.890  7.02649381790035E+0000  2.78984922364682E+0000  8.90000202308590E-0001
0.794  9.20599977385133E+0000  7.94000200000000E-0001  2.92655787825603E+0000
0.971  9.71000232806190E-0001  2.51720117696304E+0000  8.80699289905400E+0000
1.444  5.39554912336721E+0000  1.44400020000000E+0000  4.13676250185076E+0000
1.141  4.21213425146592E+0000  3.85899669133041E+0000  3.16805416859386E+0000
0.890  6.72545265958454E+0000  8.90000205107110E-0001  6.29094769969649E+0000
0.794  2.60873669337206E+0000  4.18954755193931E+0000  7.24556703909676E+0000
0.971  6.64107224354707E+0000  9.71000210594130E-0001  9.71000473668470E-0001
1.444  6.96315911204437E+0000  1.61919586228583E+0000  8.49533593128412E+0000
1.141  5.32334261494697E+0000  3.85899963106685E+0000  1.17487965887656E+0000
0.890  9.10999873904961E+0000  8.90001576217450E-0001  9.04933574580651E+0000
0.794  4.92119434405843E+0000  4.20599980000000E+0000  6.62495406758783E+0000
0.971  2.17922171734158E+0000  4.02899976345303E+0000  8.96833583779636E+0000
1.444  4.36245857421798E+0000  3.11140776354602E+0000  8.49533595292134E+0000
1.141  8.85878558043080E+0000  3.62929470140884E+0000  1.14100020000000E+0000
0.890  4.81632044203386E+0000  8.90000218815030E-0001  9.04933588006686E+0000
0.794  9.20599976265036E+0000  4.20599980000000E+0000  2.95513362984986E+0000
0.971  1.03661644248657E+0000  9.71000242720270E-0001  7.40607323439122E+0000
1.444  3.39518874490594E+0000  3.03715004454017E+0000  5.47876783381391E+0000
1.141  3.04602102328520E+0000  3.71763300428325E+0000  1.21159683986949E+0000
0.890  9.10999979791229E+0000  2.46965471559814E+0000  2.78935977848530E+0000
0.794  6.22925465322050E+0000  4.20599980000000E+0000  7.52535593223480E+0000
0.971  7.38558774518326E+0000  1.00502387220222E+0000  2.79636676337068E+0000
1.444  8.48874658383625E+0000  1.54484278296170E+0000  4.90908887532436E+0000
1.141  6.21586146551699E+0000  2.85056730895745E+0000  6.14446857863438E+0000
0.890  8.90000200000000E-0001  8.90000203594140E-0001  3.64257380058472E+0000
0.794  3.59989715163668E+0000  7.94001347759240E-0001  5.30371752039354E+0000
 9.93933617817566E+0000
