1.518  2.67615512702381E+0000 -2.10997896873695E+0000  1.48117832688821E+0000
1.463  3.36640287943250E+0000  1.12220823047105E+0000  1.27572226967327E+0000
1.513 -1.16248437756419E+0000 -1.05454757000066E+0000 -3.37364181673045E+0000
0.780 -1.12132368901648E+0000 -1.25121349556593E+0000 -8.75692480906260E-0001
0.567 -1.73871154596787E+0000 -3.05005175336870E+0000 -3.05475550867860E+0000
0.829  1.90146186793257E+0000 -2.64214665096310E-0001  7.61478381524796E-0002
0.600 -8.50119019727030E-0001  7.23329243131760E-0001 -4.49101919745202E+0000
0.673 -3.06429637416189E+0000  3.17443303958410E+0000  1.15526186045623E+0000
1.327  1.37770820840158E+0000  2.41318648145074E+0000  2.74629057145186E+0000
1.422 -3.09754332645961E+0000  1.20428195876465E+0000  1.86689821964922E+0000
0.764 -4.33592376685125E+0000  8.21289008709190E-0001 -4.36166847304102E-0002
1.367 -2.95495509505349E+0000  2.38696043706929E+0000 -7.23443375898320E-0001
1.598 -8.05054644103470E-0001  3.38395255682360E+0000  1.05845551785270E+0000
0.916  6.09073158750960E-0001 -3.54369279882559E+0000  2.33616385483186E+0000
1.080  1.05107001984104E+0000 -6.56193515279460E-0001 -1.67064740805311E+0000
1.480  2.93057811632790E+0000  1.74552002185081E+0000 -1.56730272720954E+0000
1.104  1.28112974058294E+0000 -1.99121180926347E+0000 -3.38373132581822E+0000
1.348 -3.38784049154724E+0000 -1.97007109646696E-0002 -1.90319764913515E+0000
1.266  2.00943227878783E+0000  3.39324923277020E+0000  4.29120519699590E-0001
1.495  3.78499675719870E-0001  3.25716547134790E+0000 -1.79632575085808E+0000
1.141  3.02869350883930E+0000 -6.25054254228080E-0001 -2.68103276499318E+0000
1.316  1.96145539313554E+0000 -8.27439364043698E-0002  3.39051305289080E+0000
0.619  6.52259066841690E-0001 -8.13378159329340E-0001 -4.48901381995978E+0000
1.360  2.47795932347681E+0000 -2.66082077598459E+0000 -1.33665480061694E+0000
0.532  4.26619289887030E+0000  2.63488868265460E-0001 -1.93098988265218E+0000
0.698 -4.61783323327160E-0001  3.06435175713850E+0000  3.30918865195190E+0000
1.431 -8.26976789205580E-0001  9.81033545607080E-0001  3.57987837462730E+0000
1.241 -2.68694351040700E+0000 -2.49172615662113E+0000 -1.58577108870846E+0000
1.247  7.38708873782103E-0002 -1.07743990359802E+0000  1.97045101759372E+0000
0.903 -8.75771853092600E-0001  1.39111010749674E+0000 -9.61304517448340E-0001
0.936 -1.91809539162893E+0000  2.64561137611390E-0001  5.26777722130998E-0002
1.426  9.38440064501320E-0001  9.92686643395600E-0001 -3.55440624919937E+0000
1.147  1.09671597042502E+0000 -3.92295273693917E+0000  3.31949878915220E-0001
0.746 -1.99379858531422E+0000  2.71431171984665E+0000  2.96537064863356E+0000
0.779 -8.26812219736400E-0001  9.49035677509490E-0001  1.32619301499043E+0000
1.350 -1.68433988157060E+0000  1.74020528637664E+0000 -3.03630664680526E+0000
1.191  3.94009894912800E+0000 -7.29402306610220E-0001 -5.37046240134410E-0001
0.912  1.03097289224384E+0000  1.45135589287113E+0000  7.27879009820610E-0001
0.939  6.17430667203660E-0001 -1.88628433321853E+0000 -4.73166474865998E-0002
0.780 -2.55832315536790E-0001 -1.16728690576157E+0000  4.20536292373720E+0000
0.567 -4.00390670573361E+0000 -5.18476274661670E-0001  2.32746252835812E+0000
0.829 -7.32154474069280E-0001 -2.73305829976391E+0000  3.31116828619120E+0000
0.600 -1.40226735723210E-0001  2.70375888840634E+0000 -3.75599367554461E+0000
0.673  3.72245442548610E+0000 -5.30343201187760E-0001  2.58140194002023E+0000
1.327 -2.32605265467548E+0000 -1.22838299879537E+0000  2.88863548850203E+0000
1.422 -1.74835684638180E-0001 -3.34280340782338E+0000 -1.82358921239863E+0000
0.764 -1.62475516726055E+0000  4.02062417804640E+0000 -1.07142953268018E+0000
1.367 -3.64151849695911E+0000 -1.18537302578877E+0000  5.35671675230750E-0001
1.598 -1.49019256444949E+0000 -3.19456740345729E+0000  8.90865624915780E-0001
0.916  1.15901375321983E+0000 -2.19694625767819E+0000  3.51189284671850E+0000
ro=1 R=5.23387375337666E+0000
