2.050  5.45236115029383E+0000  2.94999955680002E+0000  3.79437186152265E+0000
1.897  8.10299980000000E+0000  1.89700020000000E+0000  1.49289818620580E+0001
1.485  4.93169437643360E+0000  3.51499980000000E+0000  1.98021792402358E+0001
0.952  9.97895910856250E-0001  3.99838218476395E+0000  7.73090238313635E+0000
1.933  1.93300027382845E+0000  3.06699980000000E+0000  1.93300020000000E+0000
2.098  2.09800020000000E+0000  2.09800020000000E+0000  1.81288050814087E+0001
1.699  8.29830997275209E+0000  1.69900026016756E+0000  1.69900025780731E+0000
0.890  8.99471550929745E+0000  9.24234022804910E-0001  2.04618502328881E+0001
0.844  5.06497649205307E+0000  4.04631988198184E+0000  2.40818911928566E+0001
0.972  5.13320787937530E+0000  1.04142291285866E+0000  2.40066894418577E+0001
1.239  5.36314126877388E+0000  1.24856551462729E+0000  1.83148787284851E+0001
1.463  5.65286014895440E+0000  3.53699980000000E+0000  1.33175169095241E+0001
1.329  4.86393941994126E+0000  3.67062140897669E+0000  1.05210692547532E+0001
1.345  4.64557862158052E+0000  1.34620917226392E+0000  1.18288030208775E+0001
1.600  5.18941092090167E+0000  3.38814662755473E+0000  1.64254077649451E+0001
1.177  5.19275753584745E+0000  1.17700020000000E+0000  2.10479118825925E+0001
2.010  2.01000020000000E+0000  2.01000020000000E+0000  5.73090420481559E+0000
1.953  5.44795370309259E+0000  1.95300020000000E+0000  7.70133531724572E+0000
2.030  2.03000038938578E+0000  2.03000021696612E+0000  9.77080559730557E+0000
0.816  9.05162315637578E+0000  4.11055873208455E+0000  1.62670392316773E+0001
1.927  8.07299980000000E+0000  2.90736357457553E+0000  1.86169684286414E+0001
2.106  7.89399980000000E+0000  2.10600020000000E+0000  1.09369084327038E+0001
1.198  5.09153088603664E+0000  1.20515872083695E+0000  1.46426983328684E+0001
1.525  8.39374495599512E+0000  1.52500021827529E+0000  5.24291172193944E+0000
1.226  8.77399948421431E+0000  3.77399980000000E+0000  3.70492250716865E+0000
1.489  8.51099980000000E+0000  3.51099980000000E+0000  7.50703530597720E+0000
2.272  7.72799980000000E+0000  2.72799980000000E+0000  2.27979262247738E+0001
2.167  2.16700020000000E+0000  2.71508823766346E+0000  1.39092470742100E+0001
2.382  2.38200020000000E+0000  2.61799980000000E+0000  2.26879262203725E+0001
0.653  9.03035093467060E+0000  7.51372647247360E-0001  1.72833271643682E+0001
 2.50699264247738E+0001