0.627  9.37299978943807E+0000  6.47815800079100E+0000  2.56316490721346E+0000
1.626  8.05549011790712E+0000  4.90911322388477E+0000  1.62600020000000E+0000
0.730  5.16615327233563E+0000  2.04894365341572E+0000  4.40196178618617E+0000
1.369  6.29853361035215E+0000  3.71799609041260E+0000  3.77003332356779E+0000
0.638  9.34475093660201E+0000  9.35243619543073E+0000  3.32250806585824E+0000
1.155  3.37460474089819E+0000  5.70058006555129E+0000  3.92168358661070E+0000
0.819  2.68622252464492E+0000  3.69133468988183E+0000  8.28706274240280E-0001
0.966  6.31797611850337E+0000  6.76736132553251E+0000  9.85994170971190E-0001
1.572  4.67779154216751E+0000  4.80947641907126E+0000  1.57200020000000E+0000
1.607  8.39299973042573E+0000  8.24340783648887E+0000  1.60700020000000E+0000
1.643  4.93319102077325E+0000  1.64300020162085E+0000  2.06639593779891E+0000
1.613  1.61300021355744E+0000  8.38699980000000E+0000  3.52603339200855E+0000
0.835  8.98382314207112E+0000  9.00495428893360E-0001  4.11962868348965E+0000
1.127  6.84336867766729E+0000  1.13276795652135E+0000  4.01054791796858E+0000
1.095  8.60399069731612E+0000  2.89271427722148E+0000  4.04403339472416E+0000
0.961  9.80288837251610E-0001  5.96350753162122E+0000  4.16274006966995E+0000
0.645  9.31307705235724E+0000  8.78469335074187E+0000  4.48422625592793E+0000
0.674  4.74213297628727E+0000  6.90639366309990E-0001  4.35129226367032E+0000
0.682  2.96067937805721E+0000  3.44293156796983E+0000  2.35337238930397E+0000
1.077  4.91411892792821E+0000  8.92299980000000E+0000  4.06203339361548E+0000
0.627  9.37299980000000E+0000  3.34484425667554E+0000  2.57111487362850E+0000
1.626  1.62600020408620E+0000  5.76386643108891E+0000  1.62600024233291E+0000
0.730  7.67921344917810E-0001  3.70194372062755E+0000  7.71442974906790E-0001
1.369  1.36900169960483E+0000  3.68851038286852E+0000  3.77003327903410E+0000
0.638  9.35824922995671E+0000  3.33445300769183E+0000  6.42631095702480E-0001
1.155  2.95497732574832E+0000  1.15500035547192E+0000  3.98403338017272E+0000
0.819  6.26037993029440E+0000  9.14712368189620E+0000  8.36904701200480E-0001
0.966  9.79849401819070E-0001  9.00749595302875E+0000  1.06821252099137E+0000
1.572  6.23082281868839E+0000  6.67834638258825E+0000  3.56703340710486E+0000
1.607  4.18485082687037E+0000  8.11998161217058E+0000  1.60700020000000E+0000
1.643  8.19180041244033E+0000  1.64300020000000E+0000  1.64300021765676E+0000
1.613  1.61300029113002E+0000  1.64400539164359E+0000  1.61300023138677E+0000
0.835  6.25220175487429E+0000  9.08567810572919E+0000  2.59416268970474E+0000
1.127  3.83553702127306E+0000  3.33673624201519E+0000  3.99831281549259E+0000
1.095  8.81133747074759E+0000  7.15406441703357E+0000  4.04403339392185E+0000
0.961  8.95496972360712E+0000  5.01234423077305E+0000  4.12361281545222E+0000
0.645  3.41532449960471E+0000  6.55621081473810E-0001  6.53737714783320E-0001
0.674  3.71383147642292E+0000  7.55088382261133E+0000  4.36899248862555E+0000
0.682  2.09280065278039E+0000  7.83591487058894E+0000  6.92814827709760E-0001
1.077  7.54752662095442E+0000  8.92299980000000E+0000  4.06203340663660E+0000
 5.13903360710486E+0000