1.518  3.96838255677942E+0000  5.63346701562670E+0000  1.63661315805143E+0000
1.463  1.46300062717352E+0000  3.83313513643765E+0000  1.46300022647051E+0000
1.513  3.64270459379017E+0000  3.65283643038140E+0000  8.41578591343823E+0000
0.780  8.82429707692390E-0001  3.72098871082419E+0000  9.02365479218629E+0000
0.567  5.55045107482304E+0000  6.41769153391980E-0001  5.92428646934458E+0000
1.982  6.51258342717283E+0000  4.60437314606197E+0000  4.48107262709956E+0000
1.934  6.56599978779715E+0000  7.89655701599162E+0000  1.93400020000000E+0000
0.829  8.90454356853350E-0001  8.90275239151430E-0001  6.23645729374495E+0000
1.609  1.60900020723030E+0000  6.01963111218359E+0000  8.31978593716649E+0000
0.600  7.86215277362614E+0000  2.82928202079969E+0000  5.93134920100279E+0000
0.673  7.78620451898273E+0000  3.87304808318438E+0000  6.73329251752899E+0000
1.327  7.17299980000000E+0000  1.32700020000000E+0000  4.87699731432939E+0000
1.422  3.63724570273885E+0000  1.42200023502535E+0000  6.50854507656134E+0000
0.764  4.95874562010157E+0000  3.56062545039774E+0000  6.52742521883118E+0000
1.367  3.55478761365517E+0000  1.37264255821634E+0000  1.37150071963218E+0000
1.598  1.59800020427993E+0000  8.30199978141020E+0000  6.06689359765148E+0000
0.916  9.65186745529400E-0001  8.93883919441093E+0000  9.29767985230760E-0001
1.080  3.69409857806019E+0000  3.47113209491431E+0000  5.06957462097112E+0000
1.480  1.48000023661578E+0000  1.48000026288212E+0000  8.44878591873402E+0000
1.741  4.18713417873989E+0000  8.15899946965381E+0000  8.18778534597495E+0000
1.104  1.10652996596699E+0000  1.12374729420064E+0000  1.12144634937487E+0000
1.348  1.34800024684015E+0000  8.55199823127485E+0000  3.14218513745928E+0000
1.747  6.75299979615200E+0000  8.15299980000000E+0000  5.60129248204279E+0000
1.755  1.75500025713636E+0000  1.75500025820710E+0000  3.90259418255737E+0000
1.266  7.21037654475896E+0000  8.63152654164466E+0000  8.65061399064188E+0000
1.495  3.91261683285930E+0000  7.72192336709434E+0000  4.09897267118942E+0000
1.141  4.14156387936454E+0000  3.28197073665319E+0000  2.89985276516540E+0000
1.808  6.69199932355101E+0000  5.64571853177742E+0000  8.12078593555457E+0000
1.316  1.32047876081787E+0000  6.60892185332598E+0000  1.31734952788454E+0000
0.619  4.01303827937994E+0000  5.40671311128443E+0000  3.92613340630979E+0000
1.360  3.38685764056626E+0000  8.53999955546651E+0000  1.36000024786697E+0000
0.532  4.26064653293535E+0000  9.23107630137114E+0000  5.80553306994337E+0000
1.821  6.67041348490933E+0000  1.89108797568710E+0000  1.82100020000000E+0000
0.698  5.43428329419244E+0000  2.33533754696366E+0000  5.59719922980505E+0000
1.652  1.65200023735479E+0000  5.53281979034839E+0000  4.06657067580598E+0000
0.605  5.58778207433522E+0000  4.18151940668710E+0000  1.98098174621835E+0000
1.431  1.43100047962113E+0000  3.61407902534947E+0000  6.46958646021107E+0000
1.918  6.57795777291098E+0000  1.92308856184873E+0000  8.01078594711647E+0000
1.241  4.70158656447184E+0000  1.24100024869995E+0000  4.07420968823838E+0000
1.247  7.24269271901458E+0000  4.85757592414688E+0000  1.25744585946716E+0000
0.903  4.58684508331218E+0000  3.40082109233574E+0000  9.05389397512010E-0001
0.936  3.92877109597256E+0000  1.01143833619443E+0000  8.92783747149521E+0000
1.426  3.80914330167185E+0000  5.67687828269183E+0000  6.25747677348651E+0000
1.147  1.18845536466184E+0000  8.72401585684676E+0000  8.76649300512869E+0000
0.746  4.20747841994878E+0000  5.78830297245598E+0000  9.12474037149416E+0000
a=8.5 b=9.9 h=9.92878614711647E+0000
