9 5 152
-22.6624  -0.498949  -16.3261  2  14.0185  2.99885  49.2169  6  2.54501  58.2437  -20.435  9  -18.4188  -18.06  -43.9192  11  22.1087  -42.2308  -10.8883  18  11.3327  -60.2535  -28.4507  5.56811  -16.8025  -28.6565  39.2978  16.8879  29.5012  -30.5355  21.6272  16.6876  -18.4467  10.9939  7.22685  16.3518  74.3588  
-22.6624  -0.498949  -16.3261  2  14.0185  2.99885  49.2169  6  2.54501  58.2437  -20.435  9  -18.4188  -18.06  -43.9192  11  22.1087  -42.2308  -10.8883  18  5.90657681246792  -57.6097114723481  -28.7608004398334  9.19911856452069  -16.3599844137512  -26.8453296365253  38.7293967383171  17.6496000134669  33.8929442839876  -25.6433317049877  23.3370064725508  21.2404574401014  -27.3663948263962  18.6798121994313  10.6110952666818  28.7817208679704  74.3588  
-22.6624  -0.498949  -16.3261  2  14.0185  2.99885  49.2169  6  2.54501  58.2437  -20.435  9  -18.4188  -18.06  -43.9192  11  22.1087  -42.2308  -10.8883  18  -8.67972083450463  -59.9521925461486  -28.8488889354872  20.2873464047511  -18.8489713539234  -31.3037852700984  42.2618894403584  32.2337912176112  44.7829097303376  -15.094987013839  23.1881188611482  29.3355939766618  -31.5746510103684  27.9144872075835  10.8730111269141  36.6921474812745  74.3588  
-22.6624  -0.498949  -16.3261  2  14.0185  2.99885  49.2169  6  2.54501  58.2437  -20.435  9  -18.4188  -18.06  -43.9192  11  22.1087  -42.2308  -10.8883  18  -16.8630708594471  -55.1129528887711  -25.2070088156948  23.131960597715  -14.8933022781341  -28.5657277578937  39.5425497261578  32.8248343193477  53.1655560245189  1.68729675592226  15.5405839646882  37.7339824797728  -30.2597510553655  30.815358629453  8.01943328511241  36.078475785582  74.3588  
-22.6624  -0.498949  -16.3261  2  14.0185  2.99885  49.2169  6  2.54501  58.2437  -20.435  9  -18.4188  -18.06  -43.9192  11  22.1087  -42.2308  -10.8883  18  -22.3657555415179  -50.5781968008438  -19.2421035768979  25.7405753161587  -14.4036761356005  -24.9447035724784  37.1966499333294  33.5288882415322  47.9885970298714  14.8992849293855  6.27156267347787  42.6859155263501  -28.4555175760135  30.5273129519965  2.18197750029321  33.1033666587108  74.3588  
-22.6624  -0.498949  -16.3261  2  14.0185  2.99885  49.2169  6  2.54501  58.2437  -20.435  9  -18.4188  -18.06  -43.9192  11  22.1087  -42.2308  -10.8883  18  -27.4664989432346  -48.9786919001895  -12.531446310202  26.0578889199761  -13.7577535161454  -20.9605809156403  37.866689853938  25.230488399278  46.9165734015491  13.3927222471312  2.88693213002548  37.403419026739  -26.3614529372559  30.0364634954952  8.9174201079352  30.7974045193276  74.3588  
-22.6624  -0.498949  -16.3261  2  14.0185  2.99885  49.2169  6  2.54501  58.2437  -20.435  9  -18.4188  -18.06  -43.9192  11  22.1087  -42.2308  -10.8883  18  -27.5090656585827  -46.1724739479571  -10.904797608685  26.5002837448601  -12.9548018809857  -21.7923678132724  38.5887764125817  26.0923188563635  43.3329972983167  14.2875677523461  1.63473610288341  37.8341904909745  -26.5478540870524  30.4969443706543  8.95163832449801  32.2616520315968  74.3588  
-22.6624  -0.498949  -16.3261  2  14.0185  2.99885  49.2169  6  2.54501  58.2437  -20.435  9  -18.4188  -18.06  -43.9192  11  22.1087  -42.2308  -10.8883  18  -26.5943842348854  -41.7291735879654  -11.800720680121  27.8850517073232  -11.5023321437807  -20.7261183805885  41.0194754352512  30.1081313655405  38.7127027884425  13.1294322715796  -2.96968525976276  37.8286037234227  -30.9436600402945  29.24128682532  2.92248428315391  33.1052930410866  74.3588  
-22.6624  -0.498949  -16.3261  2  14.0185  2.99885  49.2169  6  2.54501  58.2437  -20.435  9  -18.4188  -18.06  -43.9192  11  22.1087  -42.2308  -10.8883  18  -25.4011419864969  -37.6193895979947  -10.0707579453365  28.4316420573318  -10.0817302027428  -17.7067008302027  39.2472636570687  26.788724566893  35.0644713939219  10.6413259356181  -3.01064883773133  36.7195922856249  -31.8710870443084  26.0914651202306  3.97471564271217  32.0252557187212  74.3588  
-22.6624  -0.498949  -16.3261  2  14.0185  2.99885  49.2169  6  2.54501  58.2437  -20.435  9  -18.4188  -18.06  -43.9192  11  22.1087  -42.2308  -10.8883  18  -24.8890887999196  -37.3567997914793  -9.64455416849161  28.777491975173  -9.30292812420036  -20.2133264523067  41.8274361235623  27.5218961552811  34.8492065360179  14.657039794333  -0.863833674228871  41.0712194443051  -37.7770277562543  19.683038693582  7.64295889285991  31.2953493727763  74.3588  
-22.6624  -0.498949  -16.3261  2  14.0185  2.99885  49.2169  6  2.54501  58.2437  -20.435  9  -18.4188  -18.06  -43.9192  11  22.1087  -42.2308  -10.8883  18  -22.5137150715573  -37.9312788685845  -12.1722848179818  26.5305426737269  -6.41603637098035  -24.7409248096256  39.7690039167405  29.2286866769692  29.8981699624166  17.2074753023499  -6.54860121632129  41.5275410848273  -41.16916518034  12.5714435944842  8.14077925079167  30.0633499284817  74.3588  
-22.6624  -0.498949  -16.3261  2  14.0185  2.99885  49.2169  6  2.54501  58.2437  -20.435  9  -18.4188  -18.06  -43.9192  11  22.1087  -42.2308  -10.8883  18  -23.5909617314841  -39.3776029318204  -12.1227410022754  27.5258113713695  -5.58362327635082  -23.676987395978  38.6096639370084  28.5370156228196  28.870468320926  16.8657525721573  -7.74172507437934  41.2103992908977  -41.7070184595496  12.6698937158204  7.63327237621721  30.7614405855381  74.3588  
-22.6624  -0.498949  -16.3261  2  14.0185  2.99885  49.2169  6  2.54501  58.2437  -20.435  9  -18.4188  -18.06  -43.9192  11  22.1087  -42.2308  -10.8883  18  -20.8861583781253  -39.5993604324762  -14.9063865729488  25.0513445343599  4.33425142239589  -31.903708849582  35.1459243450172  30.4730459564196  26.9048539874197  15.8116405472668  -13.8030114785488  39.8496730227068  -41.6806264411351  8.10101376885868  12.7248828535098  33.0152808236324  74.3588  
-22.6624  -0.498949  -16.3261  2  14.0185  2.99885  49.2169  6  2.54501  58.2437  -20.435  9  -18.4188  -18.06  -43.9192  11  22.1087  -42.2308  -10.8883  18  -22.5845165534353  -40.6311934421119  -13.9532999069811  26.697116028798  3.73390283941658  -28.2997398934906  34.5470874654096  29.6887052946838  27.3198598648886  15.8313563283528  -14.6573237850555  40.0362804146193  -39.9276038345112  9.22676872578618  11.5602086235761  31.9244398500697  74.3588  
-22.6624  -0.498949  -16.3261  2  14.0185  2.99885  49.2169  6  2.54501  58.2437  -20.435  9  -18.4188  -18.06  -43.9192  11  22.1087  -42.2308  -10.8883  18  -22.1250539464356  -40.6274046921699  -14.4177574320347  26.2765176229452  6.43596585084779  -29.3425473152845  33.3811685423627  30.3359487130452  26.0769423372926  15.2785716866445  -17.4599337314541  39.5852480567697  -39.7667189150758  8.56290106717574  12.5913074234047  32.5184254956237  74.3588  
-22.6624  -0.498949  -16.3261  2  14.0185  2.99885  49.2169  6  2.54501  58.2437  -20.435  9  -18.4188  -18.06  -43.9192  11  22.1087  -42.2308  -10.8883  18  -23.6042937302009  -40.0651106905247  -12.4389896400744  27.6787259487767  9.36642019057763  -28.045290223191  32.7582756459627  29.2908691096254  28.6601010821294  11.8544761566858  -16.3197724416713  36.6296548254787  -36.4272451829683  15.1492070570377  16.1455381158034  35.4340732766857  74.3588  
-22.6624  -0.498949  -16.3261  2  14.0185  2.99885  49.2169  6  2.54501  58.2437  -20.435  9  -18.4188  -18.06  -43.9192  11  22.1087  -42.2308  -10.8883  18  -23.0083989591061  -38.781179116278  -12.1413622829836  27.1385533858236  9.57930398253653  -28.7273249857323  33.3504367638453  29.7317010385892  32.2399937554309  13.1460901171157  -15.4117739938914  38.1738332276862  -32.8935863207498  15.3799364727224  15.131555015107  33.9675009718979  74.3588  
-22.6624  -0.498949  -16.3261  2  14.0185  2.99885  49.2169  6  2.54501  58.2437  -20.435  9  -18.4188  -18.06  -43.9192  11  22.1087  -42.2308  -10.8883  18  -23.0189344206732  -39.0518089326511  -12.2993407039918  27.181827278966  9.6415837010156  -28.6119855454082  33.1221700405237  29.7223325599179  30.9172763568687  12.740253694084  -16.1049750961709  37.740613401876  -33.7380246704379  14.9568591153552  15.1822219279212  34.1898904717254  74.3588  
-22.6624  -0.498949  -16.3261  2  14.0185  2.99885  49.2169  6  2.54501  58.2437  -20.435  9  -18.4188  -18.06  -43.9192  11  22.1087  -42.2308  -10.8883  18  -24.2867641188269  -38.9547010379154  -10.9320534768081  28.4429310915047  11.6218213659462  -28.0080145957784  32.8272379376779  29.0818400818879  29.3709635134047  13.3161534586114  -17.5529986311136  38.3450971575511  -32.3835767391031  14.4336098417235  19.3337873145267  33.3089476610142  74.3588  
-22.6624  -0.498949  -16.3261  2  14.0185  2.99885  49.2169  6  2.54501  58.2437  -20.435  9  -18.4188  -18.06  -43.9192  11  22.1087  -42.2308  -10.8883  18  -24.3118840420877  -38.6717694639585  -10.7051961496182  28.4986648660134  11.9278762157291  -28.0403793314249  32.8907647724003  29.077272238735  31.6413615140537  16.4030106848206  -18.8905226955512  41.8566722789786  -37.4091890694488  18.3486692779192  23.3509630892701  38.9481901374785  74.3588  
-22.6624  -0.498949  -16.3261  2  14.0185  2.99885  49.2169  6  2.54501  58.2437  -20.435  9  -18.4188  -18.06  -43.9192  11  22.1087  -42.2308  -10.8883  18  -24.7949092787355  -37.4759664378582  -9.3230280604512  29.1288641697312  13.8079579863439  -27.8695660212248  32.9513739213288  28.8336687087634  23.1119159950987  14.2212097530467  -19.9605958254267  38.5785469965467  -27.7538192619098  9.32734481547211  23.9039427201062  27.5315177059385  74.3588  
-22.6624  -0.498949  -16.3261  2  14.0185  2.99885  49.2169  6  2.54501  58.2437  -20.435  9  -18.4188  -18.06  -43.9192  11  22.1087  -42.2308  -10.8883  18  -25.0016844450452  -37.3842547872187  -9.05059079403479  29.3534019569747  14.1694101734917  -27.7586455298813  32.9016279426547  28.757816593276  22.9421860195426  14.3265409946861  -20.1834383549908  38.7330760029231  -27.4902556965282  9.56641890432338  24.5621719984063  27.6529285616778  74.3588  
-22.6624  -0.498949  -16.3261  2  14.0185  2.99885  49.2169  6  2.54501  58.2437  -20.435  9  -18.4188  -18.06  -43.9192  11  22.1087  -42.2308  -10.8883  18  -28.8561694107463  -35.5124695226656  -3.86503493911603  33.5880492658345  21.0051021437397  -25.6304563965466  31.9485081624416  27.3779849139943  22.5053671849121  13.9617687674006  -22.5991395166222  39.059239402281  -21.6745610040969  17.3208270694644  35.722073545954  31.7682649462707  74.3588  
-22.6624  -0.498949  -16.3261  2  14.0185  2.99885  49.2169  6  2.54501  58.2437  -20.435  9  -18.4188  -18.06  -43.9192  11  22.1087  -42.2308  -10.8883  18  -28.9084822307501  -35.4380620108998  -3.76294156252321  33.6650970810355  21.1284696054666  -25.5740655005224  31.9220104488209  27.3744780536808  22.4932508130487  13.9576996063912  -22.61880785732  39.0614451666572  -21.4382704757941  17.3929710316167  35.8082509977644  31.7186382422654  74.3588  
-22.6624  -0.498949  -16.3261  2  14.0185  2.99885  49.2169  6  2.54501  58.2437  -20.435  9  -18.4188  -18.06  -43.9192  11  22.1087  -42.2308  -10.8883  18  -28.7294466449705  -34.9217547612396  -3.59429790681129  33.6073812817193  21.3902950678257  -25.5227173981174  31.9360481440058  27.4624778637028  22.3606185784357  13.9019979212661  -22.8639307726509  39.0910802862743  -20.813273842346  17.7073289773195  35.6908994854042  31.6033168997452  74.3588  
-22.6624  -0.498949  -16.3261  2  14.0185  2.99885  49.2169  6  2.54501  58.2437  -20.435  9  -18.4188  -18.06  -43.9192  11  22.1087  -42.2308  -10.8883  18  -26.7177824961982  -31.4312317724497  -4.19820736586779  31.2403479712094  20.3086747975615  -26.3855230229151  32.6391681680216  27.9948616728052  23.7384833962533  10.5914003878764  -23.9057222149417  35.9785567423616  -18.5115152189172  23.0102642194345  31.9635707627444  34.15674924233  74.3588  
-22.6624  -0.498949  -16.3261  2  14.0185  2.99885  49.2169  6  2.54501  58.2437  -20.435  9  -18.4188  -18.06  -43.9192  11  22.1087  -42.2308  -10.8883  18  -26.6145717568721  -31.4809802449568  -4.28901534463137  31.1624886443283  20.2237895767629  -26.4495376236816  32.6733528196924  28.0258058643492  25.450055184954  14.4693973402785  -27.0779739403298  40.6314372904492  -20.0374087053024  22.3696888496574  33.6037169151208  34.561147396952  74.3588  
-22.6624  -0.498949  -16.3261  2  14.0185  2.99885  49.2169  6  2.54501  58.2437  -20.435  9  -18.4188  -18.06  -43.9192  11  22.1087  -42.2308  -10.8883  18  -25.2087870382129  -32.4251553256244  -5.63076390742298  29.5278787550214  17.8344119956092  -27.3555201286443  33.1275890295805  27.5827095156112  23.9338945507877  -2.74656514393618  -21.3441775340711  22.0766814523331  -20.0639140150133  35.8467868354217  24.0016911553916  42.8884825312047  74.3588  
-22.6624  -0.498949  -16.3261  2  14.0185  2.99885  49.2169  6  2.54501  58.2437  -20.435  9  -18.4188  -18.06  -43.9192  11  22.1087  -42.2308  -10.8883  18  -25.1279087096053  -33.8273777679638  -6.33717988980875  29.4090079525271  16.9020648961063  -27.7734584547437  33.3319535553044  27.9619325005042  28.3255078405504  3.46640565817861  -26.1414486302455  30.3245369929419  -21.9372990811336  27.5996849962688  25.8053858155759  38.1287185957299  74.3588  
-22.6624  -0.498949  -16.3261  2  14.0185  2.99885  49.2169  6  2.54501  58.2437  -20.435  9  -18.4188  -18.06  -43.9192  11  22.1087  -42.2308  -10.8883  18  -26.8503766063103  -33.2142113450234  -4.29371428292133  31.3522851030714  19.5240715046095  -26.6897069208264  32.860822264079  27.60608501254  32.3072235303608  6.93522935890959  -30.1068272992502  35.3818206752885  -17.1723274108532  28.4559774598201  27.8694378798197  36.8868805988398  74.3588  
-22.6624  -0.498949  -16.3261  2  14.0185  2.99885  49.2169  6  2.54501  58.2437  -20.435  9  -18.4188  -18.06  -43.9192  11  22.1087  -42.2308  -10.8883  18  -26.9841115444846  -33.1387184646623  -4.12516734500888  31.508377810042  19.749704545099  -26.6055988884194  32.8064543490914  27.6238279992639  33.6896941481578  8.33040235950464  -32.2741335990684  37.7228957174783  -16.7113699308365  28.4801401099517  27.7542036449122  36.7236283579994  74.3588  
-22.6624  -0.498949  -16.3261  2  14.0185  2.99885  49.2169  6  2.54501  58.2437  -20.435  9  -18.4188  -18.06  -43.9192  11  22.1087  -42.2308  -10.8883  18  -26.8419386039142  -33.1505727701725  -4.10046224637156  32.1571078247938  20.9174177309105  -26.0821815493623  32.4922639306618  27.8077837576522  25.4253072544878  7.62662136766072  -35.5042452556617  36.7041422812661  -15.1212441133684  27.231877287354  26.8510337335377  35.4217603056667  74.3588  
-22.6624  -0.498949  -16.3261  2  14.0185  2.99885  49.2169  6  2.54501  58.2437  -20.435  9  -18.4188  -18.06  -43.9192  11  22.1087  -42.2308  -10.8883  18  -27.2498953865406  -32.6866470914424  -3.40313260833708  32.6819111384736  21.8371124100453  -25.6160337778398  32.2219796763674  27.7833510103147  22.3936669561962  8.19787972727735  -35.7059601165033  37.3327833933827  -14.3015120464588  26.2859960494861  27.4775593574762  34.0844239544886  74.3588  
-22.6624  -0.498949  -16.3261  2  14.0185  2.99885  49.2169  6  2.54501  58.2437  -20.435  9  -18.4188  -18.06  -43.9192  11  22.1087  -42.2308  -10.8883  18  -26.950190191894  -32.2764014593077  -3.05367088563917  32.492859249765  22.5114951163012  -25.2118324499803  31.9727944555888  27.8627941198892  21.1268367103756  9.13921493662763  -32.9493828037817  37.2952569744066  -14.3928945187886  24.8407127098039  28.5066653726379  33.3159193382371  74.3588  
-22.6624  -0.498949  -16.3261  2  14.0185  2.99885  49.2169  6  2.54501  58.2437  -20.435  9  -18.4188  -18.06  -43.9192  11  22.1087  -42.2308  -10.8883  18  -27.2364387124644  -31.9886467652532  -0.487972591669209  33.0248536734557  24.1603724829239  -24.2216193481072  31.4399275855263  27.8228616041874  20.9841842574873  8.7711962126904  -30.6064016750481  36.2119329236688  -12.4682799253874  26.0909584165298  28.8934091200202  33.380661537177  74.3588  
-22.6624  -0.498949  -16.3261  2  14.0185  2.99885  49.2169  6  2.54501  58.2437  -20.435  9  -18.4188  -18.06  -43.9192  11  22.1087  -42.2308  -10.8883  18  -27.1988396469804  -31.3314241625601  2.16842601456285  33.8333364544559  27.4887040322105  -22.2558957596733  30.4093916402566  27.9367694962491  20.91823234202  9.68900140435295  -30.3744825937242  37.2323463901475  -9.80224949063384  26.2086427285016  30.0187248841249  32.2369374219301  74.3588  
-22.6624  -0.498949  -16.3261  2  14.0185  2.99885  49.2169  6  2.54501  58.2437  -20.435  9  -18.4188  -18.06  -43.9192  11  22.1087  -42.2308  -10.8883  18  -26.6552005258749  -30.988153992492  1.77808101936042  33.3305350229586  27.1666205536548  -22.2295980832204  30.3615062911726  28.0069572801855  21.0123411549054  9.11296538436179  -29.5390424771729  36.3555266648167  -10.5277031886981  27.1108796758095  29.9915832168595  33.1420142604809  74.3588  
-22.6624  -0.498949  -16.3261  2  14.0185  2.99885  49.2169  6  2.54501  58.2437  -20.435  9  -18.4188  -18.06  -43.9192  11  22.1087  -42.2308  -10.8883  18  -27.1203154569788  -30.4814616580639  5.63054540935764  34.9932025640067  31.4988183757941  -19.1256034702407  28.6758761758031  28.4081263274037  21.4510775744705  9.85283511541942  -29.6030749870865  37.2230727519648  -6.65461131704038  27.6579259688686  30.2619487748945  31.123739697131  74.3588  
-22.6624  -0.498949  -16.3261  2  14.0185  2.99885  49.2169  6  2.54501  58.2437  -20.435  9  -18.4188  -18.06  -43.9192  11  22.1087  -42.2308  -10.8883  18  -26.3768527965591  -29.9471119532703  5.71494458109009  34.4347282894584  31.875952794133  -18.331426380939  28.168996901947  28.5970669763283  20.3212071246197  7.91888029174019  -30.6012816896835  35.682471254769  -6.14489883730978  30.2808105059214  29.1093955280586  33.0843747499237  74.3588  
-22.6624  -0.498949  -16.3261  2  14.0185  2.99885  49.2169  6  2.54501  58.2437  -20.435  9  -18.4188  -18.06  -43.9192  11  22.1087  -42.2308  -10.8883  18  -25.7130673609101  -30.047930908874  5.43516133559229  33.9736371087048  32.0044448992284  -17.5426725140586  27.6063583533457  28.7560917789987  20.4871558681534  8.92867479904991  -31.5823240745042  36.8778537047347  -7.24415687771371  29.1682785926859  28.3342189536296  32.108751056443  74.3588  
-22.6624  -0.498949  -16.3261  2  14.0185  2.99885  49.2169  6  2.54501  58.2437  -20.435  9  -18.4188  -18.06  -43.9192  11  22.1087  -42.2308  -10.8883  18  -26.1175724379327  -29.6956834654907  7.06059550842069  34.9299922448858  34.0668464256308  -15.4401404078587  26.4244757772171  29.3450702619731  18.9673802561283  6.38842747890541  -32.6060792056362  34.9981709875251  -5.77755446511079  32.8294457196756  25.5879364287597  33.1418466600418  74.3588  
-22.6624  -0.498949  -16.3261  2  14.0185  2.99885  49.2169  6  2.54501  58.2437  -20.435  9  -18.4188  -18.06  -43.9192  11  22.1087  -42.2308  -10.8883  18  -26.3683528512156  -29.161395105077  7.49961846334217  35.4224515744529  34.3533631376315  -14.901477310164  26.0846131737799  29.4715157689943  19.0162347108384  6.1102724057946  -32.8973144885278  34.7120659486561  -4.88798221374397  33.6825944688855  24.4197766536285  32.8887134815911  74.3588  
-22.6624  -0.498949  -16.3261  2  14.0185  2.99885  49.2169  6  2.54501  58.2437  -20.435  9  -18.4188  -18.06  -43.9192  11  22.1087  -42.2308  -10.8883  18  -25.466472124285  -29.3296235144807  5.2123698886988  33.6955383186009  33.4584832439285  -15.066863156923  26.0324737391433  29.0967798618591  19.3480184602337  7.96439456547345  -33.4202183617086  36.016384914405  -7.6162767557025  31.8486228046987  25.7693153805869  32.9586276802824  74.3588  
-22.6624  -0.498949  -16.3261  2  14.0185  2.99885  49.2169  6  2.54501  58.2437  -20.435  9  -18.4188  -18.06  -43.9192  11  22.1087  -42.2308  -10.8883  18  -26.9458266924875  -29.355696594077  8.9244659902062  36.2849595146394  36.680816597497  -11.7389946093277  24.2257556368439  30.4294548007659  17.7658539792446  3.44637029913821  -34.1166443091525  32.0561440556836  -4.73658054997984  37.5447169268466  19.1075177617734  33.8568966718245  74.3588  
-22.6624  -0.498949  -16.3261  2  14.0185  2.99885  49.2169  6  2.54501  58.2437  -20.435  9  -18.4188  -18.06  -43.9192  11  22.1087  -42.2308  -10.8883  18  -24.8029355312478  -28.1148657854748  7.04552904519362  33.9881545401046  34.5993569455216  -12.187574726031  24.1450155269143  29.609921957886  20.3338374209279  6.87808296642906  -36.7323474132048  35.359383882259  -6.28590213292419  34.8231967923795  19.8719515635596  32.5975875680766  74.3588  
-22.6624  -0.498949  -16.3261  2  14.0185  2.99885  49.2169  6  2.54501  58.2437  -20.435  9  -18.4188  -18.06  -43.9192  11  22.1087  -42.2308  -10.8883  18  -26.6330006389503  -29.3697019467022  7.76833810779193  35.6395873342611  34.6954357642613  -13.210054248298  24.9276047192955  29.6603102312741  18.9100455586454  4.98802977347217  -33.895717406026  33.7736566993544  -5.93502372366999  35.5331658441444  21.1106814191668  33.7130768171683  74.3588  
-22.6624  -0.498949  -16.3261  2  14.0185  2.99885  49.2169  6  2.54501  58.2437  -20.435  9  -18.4188  -18.06  -43.9192  11  22.1087  -42.2308  -10.8883  18  -25.3355454425115  -28.4381360759877  7.19010741874793  34.5904249931782  34.6920965176919  -13.1867304245577  24.9053859429702  29.7755772474607  20.052911925364  4.33623926521553  -35.0526415623864  34.3572060891776  -5.36394263807346  35.2992401194311  19.5031292866576  33.3179095991354  74.3588  
-22.6624  -0.498949  -16.3261  2  14.0185  2.99885  49.2169  6  2.54501  58.2437  -20.435  9  -18.4188  -18.06  -43.9192  11  22.1087  -42.2308  -10.8883  18  -26.165426438596  -28.9367288614479  7.77381362126239  35.4257009219344  34.8450081030892  -12.830075225857  24.6756242116604  29.8608175816106  19.5594287986364  3.45548255052047  -34.7378047496377  33.5932619620589  -5.32936689793512  36.1684220547441  18.6815230716792  33.7728699033243  74.3588  
-22.6624  -0.498949  -16.3261  2  14.0185  2.99885  49.2169  6  2.54501  58.2437  -20.435  9  -18.4188  -18.06  -43.9192  11  22.1087  -42.2308  -10.8883  18  -25.4911160564384  -28.4338783201192  7.62858781808631  34.8996669720819  35.1355250202933  -12.3299402337125  24.3702367236212  30.0243128202594  19.9128368003427  3.10840992939686  -35.4449198017882  33.5911171509655  -5.28951802907039  36.3641775438488  17.2868686381216  33.6455068126539  74.3588  
-22.6624  -0.498949  -16.3261  2  14.0185  2.99885  49.2169  6  2.54501  58.2437  -20.435  9  -18.4188  -18.06  -43.9192  11  22.1087  -42.2308  -10.8883  18  -25.9152384434338  -28.683563209735  7.93795734245003  35.3300054749958  35.2575276612109  -11.9199698393611  24.0961033946782  30.1173170860709  19.7675138726207  2.56721222342413  -35.5666042532585  33.1957213563533  -5.39888632979555  36.9293356663973  16.3075367705245  33.9092265631702  74.3588  
-22.6624  -0.498949  -16.3261  2  14.0185  2.99885  49.2169  6  2.54501  58.2437  -20.435  9  -18.4188  -18.06  -43.9192  11  22.1087  -42.2308  -10.8883  18  -25.5644082482848  -28.4591860864675  7.74091642975134  35.0007250351007  35.2837514250877  -11.7379558526936  23.9693770910905  30.1466719107092  19.9706270096084  2.49591658839143  -35.9085055226338  33.2729645889138  -5.47536014825868  36.847337610592  15.7701643699688  33.7930768879889  74.3588  
-22.6624  -0.498949  -16.3261  2  14.0185  2.99885  49.2169  6  2.54501  58.2437  -20.435  9  -18.4188  -18.06  -43.9192  11  22.1087  -42.2308  -10.8883  18  -25.8306690434045  -28.6392337602939  7.85538572569636  35.2368799780729  35.2186653633923  -11.7848905968336  23.9890351555101  30.1169831932571  19.9358358782483  2.50129113378767  -35.83796479472  33.2620139689292  -5.48950333086866  36.9172282897313  15.892286537897  33.8714633800335  74.3588  
-22.6624  -0.498949  -16.3261  2  14.0185  2.99885  49.2169  6  2.54501  58.2437  -20.435  9  -18.4188  -18.06  -43.9192  11  22.1087  -42.2308  -10.8883  18  -25.6397639760073  -28.507034270231  7.78044281896268  35.0730202876207  35.2707047450976  -11.7577144784253  23.9807178071908  30.1424045354705  19.934921838053  2.46579750769916  -35.8533903038115  33.2421893360958  -5.46228109876521  36.8739721132075  15.8021671877453  33.8192342341792  74.3588  
-22.6624  -0.498949  -16.3261  2  14.0185  2.99885  49.2169  6  2.54501  58.2437  -20.435  9  -18.4188  -18.06  -43.9192  11  22.1087  -42.2308  -10.8883  18  -25.7718363884761  -28.5990075331236  7.83006455427402  35.1858298948351  35.2303053348478  -11.7752201614032  23.9846019635188  30.1231322995362  19.9545277338285  2.49322671608255  -35.8633149776002  33.2701228464559  -5.48258263389088  36.9055739401876  15.854978683267  33.856893750072  74.3588  
-22.6624  -0.498949  -16.3261  2  14.0185  2.99885  49.2169  6  2.54501  58.2437  -20.435  9  -18.4188  -18.06  -43.9192  11  22.1087  -42.2308  -10.8883  18  -25.6806131780115  -28.534724316592  7.79811983898242  35.1090918035449  35.2616952884733  -11.7608723857854  23.98103881136  30.1382132372915  19.9304226872082  2.46698435537248  -35.8465225373881  33.2401110804573  -5.46651021907805  36.8843800702363  15.8134944985871  33.8293823715781  74.3588  
-22.6624  -0.498949  -16.3261  2  14.0185  2.99885  49.2169  6  2.54501  58.2437  -20.435  9  -18.4188  -18.06  -43.9192  11  22.1087  -42.2308  -10.8883  18  -25.7424827189899  -28.5789556737528  7.81752070954575  35.1602551342692  35.2374079260169  -11.7717047785151  23.9835997384012  30.1265858482956  19.9547606104926  2.48952538476928  -35.8658311465336  33.2681511904511  -5.47969607472429  36.8995279687735  15.8440144707319  33.8501505946485  74.3588  
-22.6624  -0.498949  -16.3261  2  14.0185  2.99885  49.2169  6  2.54501  58.2437  -20.435  9  -18.4188  -18.06  -43.9192  11  22.1087  -42.2308  -10.8883  18  -25.7011786184593  -28.548889067132  7.80634389772983  35.1268977822715  35.2561408872106  -11.7633320259124  23.981612600367  30.1355613479853  19.9326216998612  2.4705959097897  -35.8473061619025  33.2435509203452  -5.46882937514799  36.8883148872869  15.8207329919331  33.8340021774633  74.3588  
-22.6624  -0.498949  -16.3261  2  14.0185  2.99885  49.2169  6  2.54501  58.2437  -20.435  9  -18.4188  -18.06  -43.9192  11  22.1087  -42.2308  -10.8883  18  -25.7280521880193  -28.568953019451  7.81188588470562  35.1478801057212  35.2415925546265  -11.7699103414266  23.9832120270128  30.1285861817167  19.9517805677069  2.48628135086357  -35.8637623236944  33.264441249316  -5.47789573448568  36.8968719030814  15.8389781539554  33.8468814959023  74.3588  
-22.6624  -0.498949  -16.3261  2  14.0185  2.99885  49.2169  6  2.54501  58.2437  -20.435  9  -18.4188  -18.06  -43.9192  11  22.1087  -42.2308  -10.8883  18  -25.7111528065291  -28.5558532659703  7.81002978322542  35.1353904912839  35.2530136744679  -11.7646352317261  23.9818756399034  30.1340752160302  19.9356137993677  2.47333830142123  -35.8496980171467  33.2469838522778  -5.47023621537078  36.8901594829987  15.8243012198557  33.8363698360102  74.3588  
-22.6624  -0.498949  -16.3261  2  14.0185  2.99885  49.2169  6  2.54501  58.2437  -20.435  9  -18.4188  -18.06  -43.9192  11  22.1087  -42.2308  -10.8883  18  -25.7211852875129  -28.5641217994402  7.80945555590426  35.1420921497802  35.2439198446698  -11.768930975044  23.9830098685007  30.1296959636822  19.9490841834187  2.48402437606426  -35.8614768867832  33.2614748021139  -5.47680158338861  36.8955540081154  15.8363601524672  33.8451190290637  74.3588  
-22.6624  -0.498949  -16.3261  2  14.0185  2.99885  49.2169  6  2.54501  58.2437  -20.435  9  -18.4188  -18.06  -43.9192  11  22.1087  -42.2308  -10.8883  18  -25.7158214677668  -28.5591728585884  7.81155580946235  35.1392773743552  35.2512699057931  -11.7653713025262  23.9820290981521  30.1332451203207  19.9379020056061  2.47515912001967  -35.8516957573918  33.2494499269669  -5.47111074784558  36.8911234538622  15.826258476999  33.8377110052238  74.3588  
-22.6624  -0.498949  -16.3261  2  14.0185  2.99885  49.2169  6  2.54501  58.2437  -20.435  9  -18.4188  -18.06  -43.9192  11  22.1087  -42.2308  -10.8883  18  -25.7180475198569  -28.5618604881564  7.80852953839005  35.139524830661  35.245236271698  -11.7683616267805  23.9828842151445  30.1303250340704  19.9471933200999  2.48256392451488  -35.859799571106  33.2594645785031  -5.47609683289965  36.8948308304951  15.8348535604081  33.8440728098464  74.3588  
-22.6624  -0.498949  -16.3261  2  14.0185  2.99885  49.2169  6  2.54501  58.2437  -20.435  9  -18.4188  -18.06  -43.9192  11  22.1087  -42.2308  -10.8883  18  -25.7178914973182  -28.5606943603066  7.81206459833068  35.1409283571642  35.2502632512405  -11.765814005856  23.9821306736584  30.1327639483307  19.9394340172326  2.47632543681562  -35.8530654195205  33.251070410056  -5.47169440838442  36.8916780713937  15.8274398739799  33.8385443486832  74.3588  
-22.6624  -0.498949  -16.3261  2  14.0185  2.99885  49.2169  6  2.54501  58.2437  -20.435  9  -18.4188  -18.06  -43.9192  11  22.1087  -42.2308  -10.8883  18  -25.7167172148048  -28.5608546545079  7.80829743912843  35.1385047174608  35.2460162092224  -11.7680084466791  23.9827981422127  30.1306992783234  19.9459580306893  2.48162862960807  -35.8586922792898  33.2581619385319  -5.47560855040903  36.8943951613087  15.8339034739751  33.8433945583623  74.3588  
-22.6624  -0.498949  -16.3261  2  14.0185  2.99885  49.2169  6  2.54501  58.2437  -20.435  9  -18.4188  -18.06  -43.9192  11  22.1087  -42.2308  -10.8883  18  -25.7187123336041  -28.5613432905893  7.81211150485909  35.1415167079922  35.2496493571078  -11.7660982431295  23.9822030471246  30.1324689979621  19.9404262414623  2.47707856594226  -35.8539538393373  33.2521185060776  -5.47211182307793  36.8920272127966  15.8282168486624  33.8391064049702  74.3588  
-22.6624  -0.498949  -16.3261  2  14.0185  2.99885  49.2169  6  2.54501  58.2437  -20.435  9  -18.4188  -18.06  -43.9192  11  22.1087  -42.2308  -10.8883  18  -25.7162450970744  -28.5604522400869  7.80836958959145  35.1382087130076  35.2465069880697  -11.7677744634382  23.9827353777044  30.1309359456344  19.9451571316824  2.48101632990095  -35.8579779476868  33.2573138878169  -5.47524894921128  36.8941092848128  15.833254802065  33.8429207536875  74.3588  
-22.6624  -0.498949  -16.3261  2  14.0185  2.99885  49.2169  6  2.54501  58.2437  -20.435  9  -18.4188  -18.06  -43.9192  11  22.1087  -42.2308  -10.8883  18  -25.7189485794542  -28.5615772396563  7.81196466715406  35.1416174788078  35.2492505200116  -11.7662927126347  23.9822572405242  30.1322763470738  19.9410756484078  2.4775807345926  -35.8545296535958  33.2528097405371  -5.4724264498481  36.8922651545706  15.8287656861525  33.8395114239097  74.3588  
-22.6624  -0.498949  -16.3261  2  14.0185  2.99885  49.2169  6  2.54501  58.2437  -20.435  9  -18.4188  -18.06  -43.9192  11  22.1087  -42.2308  -10.8883  18  -25.7161663990067  -28.5603326274293  7.80856015792711  35.1382357121358  35.2468361483086  -11.7676097642887  23.9826875923355  30.1310954592653  19.944625313975  2.4805994970767  -35.8575098554817  33.2567448238874  -5.4749723863334  36.893907738257  15.8327831164318  33.84257022312  74.3588  
-22.6624  -0.498949  -16.3261  2  14.0185  2.99885  49.2169  6  2.54501  58.2437  -20.435  9  -18.4188  -18.06  -43.9192  11  22.1087  -42.2308  -10.8883  18  -25.7189242608002  -28.5616204378483  7.81175110627605  35.141509340554  35.2489747894183  -11.7664333639397  23.9822992485699  30.132142514435  19.9415150252453  2.47793032940002  -35.8549132341936  33.2532830482169  -5.47267215118365  36.892437930106  15.8291749283502  33.8398178031042  74.3588  
-22.6624  -0.498949  -16.3261  2  14.0185  2.99885  49.2169  6  2.54501  58.2437  -20.435  9  -18.4188  -18.06  -43.9192  11  22.1087  -42.2308  -10.8883  18  -25.7162560269659  -28.5603395233064  7.80878265278269  35.1383929047659  35.2470702243708  -11.7674878774843  23.9826501219004  30.1312093765445  19.9442579929332  2.48030275408217  -35.85719193673  33.2563466732375  -5.47475360901546  36.8937576697892  15.8324240985733  33.8423001965779  74.3588  
-22.6624  -0.498949  -16.3261  2  14.0185  2.99885  49.2169  6  2.54501  58.2437  -20.435  9  -18.4188  -18.06  -43.9192  11  22.1087  -42.2308  -10.8883  18  -25.7187951368382  -28.5615815842418  7.81152881151393  35.1413249159015  35.2487736677761  -11.7665396377619  23.9823325833528  30.1320445127956  19.9418252107687  2.47818466917179  -35.8551794299264  33.2536215105865  -5.47286837004547  36.8925693106742  15.8294918224344  33.8400573515469  74.3588  
-22.6624  -0.498949  -16.3261  2  14.0185  2.99885  49.2169  6  2.54501  58.2437  -20.435  9  -18.4188  -18.06  -43.9192  11  22.1087  -42.2308  -10.8883  18  -25.7164069062532  -28.5603977384009  7.80899880550087  35.1385897930636  35.2472448250143  -11.7673942132194  23.9826201604728  30.1312946273938  19.9439930595345  2.48008249427764  -35.8569664335126  33.2560559101531  -5.47457749505849  36.8936415802517  15.8321422781593  33.8420865525104  74.3588  
-22.6624  -0.498949  -16.3261  2  14.0185  2.99885  49.2169  6  2.54501  58.2437  -20.435  9  -18.4188  -18.06  -43.9192  11  22.1087  -42.2308  -10.8883  18  -25.7186342874313  -28.5615124548974  7.81132235713567  35.1411253001661  35.2486207412233  -11.7666225139853  23.9823594440856  30.1319697805897  19.9420535837821  2.47837692118861  -35.8553723678211  33.2538735691655  -5.47302722943045  36.8926723808987  15.8297433723666  33.8402486869207  74.3588  
-22.6624  -0.498949  -16.3261  2  14.0185  2.99885  49.2169  6  2.54501  58.2437  -20.435  9  -18.4188  -18.06  -43.9192  11  22.1087  -42.2308  -10.8883  18  -25.7165697412012  -28.5604719311156  7.80919346457122  35.1387857670219  35.2473797559565  -11.7673203205775  23.9825959012309  30.1313606618468  19.9437943198681  2.47991334026918  -35.8567996658066  33.2558355311106  -5.47443421985384  36.8935494894862  15.8319166253469  33.8419146308765  74.3588  
-22.6624  -0.498949  -16.3261  2  14.0185  2.99885  49.2169  6  2.54501  58.2437  -20.435  9  -18.4188  -18.06  -43.9192  11  22.1087  -42.2308  -10.8883  18  -25.7184744770438  -28.5614369431529  7.81114044880558  35.1409368963631  35.2485009616396  -11.7666885432307  23.982381299742  30.1319111305675  19.9422278026487  2.47852660649643  -35.8555177105192  33.2540675918296  -5.47315690386696  36.8927548813503  15.8299462077555  33.8404035643481  74.3588  
-22.6624  -0.498949  -16.3261  2  14.0185  2.99885  49.2169  6  2.54501  58.2437  -20.435  9  -18.4188  -18.06  -43.9192  11  22.1087  -42.2308  -10.8883  18  -25.716723253457  -28.5605461992905  7.80936228836664  35.138964237904  35.2474866106149  -11.7672610034879  23.9825761039971  30.1314130367593  19.9436404922455  2.47978011816193  -35.8566719835829  33.2556636318679  -5.4743169220915  36.8934752651838  15.8317336978657  33.8417748284569  74.3588  
-22.6624  -0.498949  -16.3261  2  14.0185  2.99885  49.2169  6  2.54501  58.2437  -20.435  9  -18.4188  -18.06  -43.9192  11  22.1087  -42.2308  -10.8883  18  -25.7183290622532  -28.5613654126872  7.81098451578021  35.1407695620638  35.2484052572371  -11.7667418863722  23.9823991909066  30.1318642079143  19.9423643409178  2.47864563404351  -35.8556305706976  33.2542206360587  -5.4732632757071  36.892821749222  15.8301113522818  33.8405299592152  74.3588  
-22.6624  -0.498949  -16.3261  2  14.0185  2.99885  49.2169  6  2.54501  58.2437  -20.435  9  -18.4188  -18.06  -43.9192  11  22.1087  -42.2308  -10.8883  18  -25.7168595229214  -28.5606140084716  7.80950575191581  35.1391199257218  35.2475726006701  -11.7672128550974  23.9825598694455  30.1314552265202  19.9435186816377  2.47967335238344  -35.8565716519515  33.255526777732  -5.47422053037384  36.8934148507133  15.8315842790157  33.8416604180032  74.3588  
-22.6624  -0.498949  -16.3261  2  14.0185  2.99885  49.2169  6  2.54501  58.2437  -20.435  9  -18.4188  -18.06  -43.9192  11  22.1087  -42.2308  -10.8883  18  -25.7182022671032  -28.5613017690941  7.81085287485038  35.1406255022919  35.2483278006174  -11.7667853599556  23.982413891216  30.1318262003829  19.9424733956528  2.47874163606074  -35.8557201440096  33.2543434099005  -5.47335078794461  36.8928763636242  15.8302466033618  33.840633621686  74.3588  
-22.6624  -0.498949  -16.3261  2  14.0185  2.99885  49.2169  6  2.54501  58.2437  -20.435  9  -18.4188  -18.06  -43.9192  11  22.1087  -42.2308  -10.8883  18  -25.7169768048607  -28.5606732403817  7.80962626624697  35.1392526539314  35.2476425097732  -11.7671735005463  23.9825465168141  30.1314895474679  19.9434207107547  2.47958680185378  -35.8564913708771  33.2554163153426  -5.47414114157304  36.8933653817208  15.8314616692173  33.8415664266346  74.3588  
-22.6624  -0.498949  -16.3261  2  14.0185  2.99885  49.2169  6  2.54501  58.2437  -20.435  9  -18.4188  -18.06  -43.9192  11  22.1087  -42.2308  -10.8883  18  -25.7180941980371  -28.561246926079  7.81074271200139  35.1405035881114  35.2482646049173  -11.766820982636  23.9824259970667  30.1317951744717  19.9425616065789  2.47881978151525  -35.8557922965288  33.2544430002561  -5.47342291001414  36.8929211775495  15.830357766509  33.8407188943666  74.3588  
-22.6624  -0.498949  -16.3261  2  14.0185  2.99885  49.2169  6  2.54501  58.2437  -20.435  9  -18.4188  -18.06  -43.9192  11  22.1087  -42.2308  -10.8883  18  -25.7170760421388  -28.5607237747809  7.80972682663205  35.139364356483  35.247699707084  -11.7671411961567  23.9825355146174  30.1315176382441  19.9433411077574  2.47951612333908  -35.8564263573585  33.2553263580853  -5.47407566964778  36.8933247284795  15.8313607794656  33.8414890311425  74.3588  
-22.6624  -0.498949  -16.3261  2  14.0185  2.99885  49.2169  6  2.54501  58.2437  -20.435  9  -18.4188  -18.06  -43.9192  11  22.1087  -42.2308  -10.8883  18  -25.7180032620126  -28.5612004894521  7.81065099485821  35.1404014206131  35.2482127870886  -11.7668502691604  23.9824359799741  30.1317697263043  19.9426335400536  2.47888376157687  -35.8558509793993  33.2545243593142  -5.47348241043606  36.892958052644  15.8304493272537  33.8407891655626  74.3588  
-22.6624  -0.498949  -16.3261  2  14.0185  2.99885  49.2169  6  2.54501  58.2437  -20.435  9  -18.4188  -18.06  -43.9192  11  22.1087  -42.2308  -10.8883  18  -25.7171591986509  -28.5607663222555  7.80981040653026  35.1394576647878  35.2477466867262  -11.7671146097873  23.9825264391433  30.1315407161023  19.9432760094622  2.479458141318  -35.8563733010859  33.2552526870697  -5.4740216323276  36.8932912471344  15.8312776237537  33.8414252125639  74.3588  
-22.6624  -0.498949  -16.3261  2  14.0185  2.99885  49.2169  6  2.54501  58.2437  -20.435  9  -18.4188  -18.06  -43.9192  11  22.1087  -42.2308  -10.8883  18  -25.7179273075789  -28.561161562613  7.81057486639571  35.1403162891668  35.2481701691399  -11.7668743950635  23.9824442189922  30.1317487920882  19.9426925002214  2.47893633272737  -35.8558989993826  33.254591119576  -5.47353152869001  36.8929884462779  15.8305248391006  33.8408471367888  74.3588  
-22.6624  -0.498949  -16.3261  2  14.0185  2.99885  49.2169  6  2.54501  58.2437  -20.435  9  -18.4188  -18.06  -43.9192  11  22.1087  -42.2308  -10.8883  18  -25.7172284859113  -28.5608018724375  7.80987971063943  35.139535266668  35.2477853656407  -11.7670926947055  23.9825189479858  30.1315597189191  19.9432225579667  2.47941044049831  -35.856329793466  33.2551921431656  -5.47397701161606  36.8932636363152  15.8312090162227  33.8413725452799  74.3588  
-22.6624  -0.498949  -16.3261  2  14.0185  2.99885  49.2169  6  2.54501  58.2437  -20.435  9  -18.4188  -18.06  -43.9192  11  22.1087  -42.2308  -10.8883  18  -25.7178641420867  -28.5611291210899  7.810511791263  35.1402455920539  35.248135052865  -11.766894293911  23.9824510221043  30.131731540604  19.9427409799068  2.47897962484385  -35.8559384434022  33.2546460504483  -5.47357209154898  36.8930135229274  15.8305871630662  33.8408949919007  74.3588  
-22.6624  -0.498949  -16.3261  2  14.0185  2.99885  49.2169  6  2.54501  58.2437  -20.435  9  -18.4188  -18.06  -43.9192  11  22.1087  -42.2308  -10.8883  18  -25.7172860238742  -28.5608314430742  7.80993709697358  35.1395996382352  35.2478172562829  -11.7670746128586  23.9825127620631  30.1315753879033  19.9431785605068  2.47937113000416  -35.8562940094632  33.2551422807578  -5.47394015626524  36.8932408487677  15.8311523775882  33.841329059011  74.3588  
-22.6624  -0.498949  -16.3261  2  14.0185  2.99885  49.2169  6  2.54501  58.2437  -20.435  9  -18.4188  -18.06  -43.9192  11  22.1087  -42.2308  -10.8883  18  -25.717811747611  -28.5611021774632  7.81045958775008  35.1401869996391  35.2481060854451  -11.7669107183597  23.9824566412125  30.1317173087521  19.9427809193962  2.47901532369436  -35.8559709187406  33.2546913235586  -5.47360559675071  36.8930342252233  15.8306386261002  33.8409345115134  74.3588  
-22.6624  -0.498949  -16.3261  2  14.0185  2.99885  49.2169  6  2.54501  58.2437  -20.435  9  -18.4188  -18.06  -43.9192  11  22.1087  -42.2308  -10.8883  18  -25.7173337096664  -28.5608559745386  7.80998457515506  35.1396529523039  35.2478435728649  -11.7670596851297  23.982507652696  30.1315883187377  19.9431422900076  2.47933869996731  -35.8562645241724  33.2551011617621  -5.47390970980905  36.8932220330184  15.8311056029003  33.8412931425225  74.3588  
-22.6624  -0.498949  -16.3261  2  14.0185  2.99885  49.2169  6  2.54501  58.2437  -20.435  9  -18.4188  -18.06  -43.9192  11  22.1087  -42.2308  -10.8883  18  -25.7177683543249  -28.5610798458303  7.81041641000755  35.1401384975864  35.2480821740904  -11.7669242810294  23.9824612831895  30.1317055604016  19.9428138619797  2.47904478513045  -35.855997694664  33.2547286748127  -5.47363327605518  36.893051322404  15.8306811326359  33.8409671551241  74.3588  
-22.6624  -0.498949  -16.3261  2  14.0185  2.99885  49.2169  6  2.54501  58.2437  -20.435  9  -18.4188  -18.06  -43.9192  11  22.1087  -42.2308  -10.8883  18  -25.7173731831564  -28.5608762932722  7.81002383615275  35.1396970672883  35.2478653010369  -11.7670473570185  23.9825034318928  30.1315989952945  19.943112361885  2.4793119290698  -35.8562402018806  33.2550672261606  -5.47388455530578  36.8932064923661  15.831066965881  33.8412634727691  74.3588  
-22.6624  -0.498949  -16.3261  2  14.0185  2.99885  49.2169  6  2.54501  58.2437  -20.435  9  -18.4188  -18.06  -43.9192  11  22.1087  -42.2308  -10.8883  18  -25.7177324489386  -28.5610613593961  7.81038071139528  35.1400983770483  35.2480624282728  -11.7669354835173  23.9824651183483  30.1316958584015  19.9428410528725  2.47906911096814  -35.8560197905073  33.2547595093324  -5.47365614436481  36.8930654453227  15.8307162472501  33.8409941228587  74.3588  
-22.6624  -0.498949  -16.3261  2  14.0185  2.99885  49.2169  6  2.54501  58.2437  -20.435  9  -18.4188  -18.06  -43.9192  11  22.1087  -42.2308  -10.8883  18  -25.7174058352914  -28.560893106726  7.81005629233479  35.1397335501151  35.2478832464698  -11.7670371736572  23.9824999448026  30.1316078132499  19.9430876533085  2.47928982126259  -35.8562201250039  33.2550392056095  -5.47386377174093  36.8931936545372  15.8310350465825  33.8412389606392  74.3588  
-22.6624  -0.498949  -16.3261  2  14.0185  2.99885  49.2169  6  2.54501  58.2437  -20.435  9  -18.4188  -18.06  -43.9192  11  22.1087  -42.2308  -10.8883  18  -25.7177027557434  -28.561046067285  7.81035120328567  35.1400652039414  35.2480461183318  -11.7669447380096  23.982468287113  30.1316878444405  19.9428635060129  2.47908920240259  -35.8560380338261  33.2547849735658  -5.47367503884188  36.8930771128979  15.8307452582762  33.8410164034776  74.3588  
-22.6624  -0.498949  -16.3261  2  14.0185  2.99885  49.2169  6  2.54501  58.2437  -20.435  9  -18.4188  -18.06  -43.9192  11  22.1087  -42.2308  -10.8883  18  -25.7174328332704  -28.5609070116787  7.81008311825826  35.1397637111021  35.2478980705306  -11.7670287608426  23.9824970637177  30.1316150974888  19.9430672470934  2.4792715600582  -35.8562035457587  33.2550160624056  -5.473846599016  36.8931830483578  15.8310086749223  33.8412187082426  74.3588  
-22.6624  -0.498949  -16.3261  2  14.0185  2.99885  49.2169  6  2.54501  58.2437  -20.435  9  -18.4188  -18.06  -43.9192  11  22.1087  -42.2308  -10.8883  18  -25.717678208065  -28.5610334230992  7.81032681560082  35.1400377823206  35.2480326444217  -11.7669523839665  23.9824709053674  30.1316812238885  19.9428820517472  2.47910579949252  -35.8560531010856  33.254806007543  -5.47369065050369  36.8930867527489  15.8307692280516  33.841034812553  74.3588  
-22.6624  -0.498949  -16.3261  2  14.0185  2.99885  49.2169  6  2.54501  58.2437  -20.435  9  -18.4188  -18.06  -43.9192  11  22.1087  -42.2308  -10.8883  18  -25.717455150429  -28.5609185073213  7.81010528819747  35.1397886407022  35.2479103175409  -11.7670218101963  23.9824946832389  30.131621115437  19.9430503906623  2.47925647405722  -35.8561898514472  33.2549969442438  -5.47383240951692  36.893174285342  15.8309868856659  33.8412019746662  74.3588  
-22.6624  -0.498949  -16.3261  2  14.0185  2.99885  49.2169  6  2.54501  58.2437  -20.435  9  -18.4188  -18.06  -43.9192  11  22.1087  -42.2308  -10.8883  18  -25.7176579182738  -28.5610229710898  7.81030666151043  35.1400151185295  35.2480215124163  -11.766958701326  23.9824730687949  30.1316757540083  19.9428973724696  2.47911951146067  -35.8560655475898  33.2548233843853  -5.4737035499689  36.8930947176434  15.830789033294  33.8410500232774  74.3588  
-22.6624  -0.498949  -16.3261  2  14.0185  2.99885  49.2169  6  2.54501  58.2437  -20.435  9  -18.4188  -18.06  -43.9192  11  22.1087  -42.2308  -10.8883  18  -25.7174735954503  -28.5609280091556  7.81012360905423  35.1398092438026  35.2479204361973  -11.7670160673189  23.9824927163387  30.1316260875579  19.943036464798  2.47924401010914  -35.856178538387  33.2549811494301  -5.47382068486608  36.8931670449054  15.8309688820405  33.8411881481962  74.3588  
-22.6624  -0.498949  -16.3261  2  14.0185  2.99885  49.2169  6  2.54501  58.2437  -20.435  9  -18.4188  -18.06  -43.9192  11  22.1087  -42.2308  -10.8883  18  -25.7176411498248  -28.5610143325566  7.81029000692316  35.1399963888037  35.2480123147779  -11.7669639211261  23.9824748564251  30.1316712345812  19.9429100301913  2.47913084057082  -35.8560758303642  33.2548377411187  -5.47371420855167  36.8931012987907  15.8308053978969  33.8410625915547  74.3588  
-22.6624  -0.498949  -16.3261  2  14.0185  2.99885  49.2169  6  2.54501  58.2437  -20.435  9  -18.4188  -18.06  -43.9192  11  22.1087  -42.2308  -10.8883  18  -25.7174888387455  -28.5609358620136  7.81013874849622  35.1398262700238  35.247928796723  -11.7670113222077  23.9824910911398  30.1316301957655  19.9430249591559  2.47923371195631  -35.8561691916751  33.2549680994321  -5.47381099683314  36.8931610623606  15.8309540060738  33.8411767236228  74.3588  
-22.6624  -0.498949  -16.3261  2  14.0185  2.99885  49.2169  6  2.54501  58.2437  -20.435  9  -18.4188  -18.06  -43.9192  11  22.1087  -42.2308  -10.8883  18  -25.7176272925733  -28.5610071935298  7.81027624461218  35.1399809111226  35.2480047151349  -11.7669682341388  23.9824763335445  30.1316675003421  19.9429204883817  2.47914020127894  -35.8560843261432  33.2548496032207  -5.47372301560232  36.8931067366785  15.8308189197487  33.8410729765518  74.3588  
-22.6624  -0.498949  -16.3261  2  14.0185  2.99885  49.2169  6  2.54501  58.2437  -20.435  9  -18.4188  -18.06  -43.9192  11  22.1087  -42.2308  -10.8883  18  -25.7175014353684  -28.5609423515779  7.81015125867739  35.1398403397279  35.2479357047676  -11.7670074014417  23.9824897482675  30.1316335902486  19.9430154526925  2.47922520299717  -35.8561614691196  33.2549573168445  -5.47380299162095  36.8931561191019  15.8309417142843  33.8411672836152  74.3588  
-22.6624  -0.498949  -16.3261  2  14.0185  2.99885  49.2169  6  2.54501  58.2437  -20.435  9  -18.4188  -18.06  -43.9192  11  22.1087  -42.2308  -10.8883  18  -25.7176158415937  -28.5610012940555  7.8102648725048  35.1399681212647  35.247998435731  -11.7669717979331  23.9824775540923  30.1316644148197  19.9429291295485  2.47914793576995  -35.8560913457714  33.2548594044476  -5.47373029279087  36.8931112299534  15.8308300927553  33.841081557591  74.3588  
-22.6624  -0.498949  -16.3261  2  14.0185  2.99885  49.2169  6  2.54501  58.2437  -20.435  9  -18.4188  -18.06  -43.9192  11  22.1087  -42.2308  -10.8883  18  -25.717511844504  -28.560947714281  7.81016159607181  35.139851965993  35.2479414127573  -11.7670041617762  23.9824886386695  30.1316363950449  19.943007597826  2.4792181722473  -35.8561550882872  33.2549484075041  -5.47379637690943  36.8931520345494  15.8309315576946  33.8411594833942  74.3588  
-22.6624  -0.498949  -16.3261  2  14.0185  2.99885  49.2169  6  2.54501  58.2437  -20.435  9  -18.4188  -18.06  -43.9192  11  22.1087  -42.2308  -10.8883  18  -25.7176063792877  -28.5609964190759  7.81025547557905  35.1399575526822  35.247993247149  -11.7669747426764  23.9824785626355  30.1316618652905  19.9429362695307  2.47915432665255  -35.8560971458764  33.2548675029908  -5.47373630588683  36.8931149427242  15.8308393249676  33.8410886480625  74.3588  
-22.6624  -0.498949  -16.3261  2  14.0185  2.99885  49.2169  6  2.54501  58.2437  -20.435  9  -18.4188  -18.06  -43.9192  11  22.1087  -42.2308  -10.8883  18  -25.7175204458479  -28.5609521456724  7.81017013797816  35.1398615730107  35.2479461292062  -11.7670014848747  23.9824877218194  30.1316387126151  19.943001107512  2.4792123628409  -35.8561498159625  33.2549410458713  -5.47379091116448  36.8931486595168  15.8309231653659  33.8411530380991  74.3588  
-22.6624  -0.498949  -16.3261  2  14.0185  2.99885  49.2169  6  2.54501  58.2437  -20.435  9  -18.4188  -18.06  -43.9192  11  22.1087  -42.2308  -10.8883  18  -25.7175985604062  -28.5609923907606  7.81024771082329  35.1399488197018  35.2479889598676  -11.7669771759105  23.9824793959988  30.1316597586324  19.9429421691938  2.47915960737765  -35.8561019383981  33.2548741947139  -5.47374127448133  36.8931180105783  15.8308469535281  33.8410945068991  74.3588  
-22.6624  -0.498949  -16.3261  2  14.0185  2.99885  49.2169  6  2.54501  58.2437  -20.435  9  -18.4188  -18.06  -43.9192  11  22.1087  -42.2308  -10.8883  18  -25.7175275532779  -28.5609558074277  7.81017719621526  35.1398695114076  35.2479500263772  -11.7669992729698  23.9824869642328  30.1316406276065  19.9429957446467  2.47920756257995  -35.8561454595189  33.2549349630313  -5.47378639481057  36.8931458707453  15.8309162308176  33.8411477123649  74.3588  
-22.6624  -0.498949  -16.3261  2  14.0185  2.99885  49.2169  6  2.54501  58.2437  -20.435  9  -18.4188  -18.06  -43.9192  11  22.1087  -42.2308  -10.8883  18  -25.7175920995768  -28.5609890621054  7.81024129476787  35.13994160356  35.2479854173084  -11.7669791864902  23.9824800846101  30.1316580179091  19.942947044035  2.47916397081192  -35.8561058984075  33.2548797240346  -5.47374538001479  36.8931205455435  15.8308532570025  33.8410993480463  74.3588  
-22.6624  -0.498949  -16.3261  2  14.0185  2.99885  49.2169  6  2.54501  58.2437  -20.435  9  -18.4188  -18.06  -43.9192  11  22.1087  -42.2308  -10.8883  18  -25.7175334262186  -28.5609588331856  7.81018302846762  35.1398760709649  35.2479532465945  -11.7669974452833  23.9824863382432  30.1316422099552  19.9429913133519  2.4792035961504  -35.8561418598285  33.254929936819  -5.47378266293973  36.8931435663933  15.8309105008183  33.8411433117167  74.3588  
-22.6624  -0.498949  -16.3261  2  14.0185  2.99885  49.2169  6  2.54501  58.2437  -20.435  9  -18.4188  -18.06  -43.9192  11  22.1087  -42.2308  -10.8883  18  -25.7175867609505  -28.5609863116093  7.81023599316244  35.139935640822  35.247982490102  -11.7669808478327  23.9824806536121  30.1316565795529  19.9429510720924  2.4791675763044  -35.8561091705386  33.2548842928883  -5.47374877240718  36.8931226401853  15.8308584655633  33.8411033482819  74.3588  
-22.6624  -0.498949  -16.3261  2  14.0185  2.99885  49.2169  6  2.54501  58.2437  -20.435  9  -18.4188  -18.06  -43.9192  11  22.1087  -42.2308  -10.8883  18  -25.7175382790664  -28.5609613333951  7.81018784767403  35.1398814911577  35.2479559074529  -11.766995935072  23.9824858209906  30.1316435174455  19.9429876517934  2.47920031870289  -35.8561388854237  33.2549257836786  -5.47377957928893  36.8931416623127  15.8309057661297  33.8411396754636  74.3588  
-22.6624  -0.498949  -16.3261  2  14.0185  2.99885  49.2169  6  2.54501  58.2437  -20.435  9  -18.4188  -18.06  -43.9192  11  22.1087  -42.2308  -10.8883  18  -25.7175823496226  -28.5609840388608  7.8102316124364  35.1399307137915  35.2479800713563  -11.7669822206011  23.9824811237803  30.1316553910406  19.9429544004651  2.47917055551707  -35.8561118742888  33.2548880681208  -5.47375157553477  36.8931243709887  15.8308627693987  33.8411066536747  74.3588  
-22.6624  -0.498949  -16.3261  2  14.0185  2.99885  49.2169  6  2.54501  58.2437  -20.435  9  -18.4188  -18.06  -43.9192  11  22.1087  -42.2308  -10.8883  18  -25.7175422889939  -28.5609633993317  7.81019182979309  35.1398859698789  35.2479581061168  -11.7669946871879  23.9824853935865  30.1316445978224  19.9429846262578  2.4791976105547  -35.8561364276826  33.2549223519481  -5.47377703126374  36.8931400889741  15.830901853862  33.8411366708285  74.3588  
-22.6624  -0.498949  -16.3261  2  14.0185  2.99885  49.2169  6  2.54501  58.2437  -20.435  9  -18.4188  -18.06  -43.9192  11  22.1087  -42.2308  -10.8883  18  -25.717578704532  -28.5609821608822  7.81022799263762  35.1399266425759  35.247978072749  -11.7669833549209  23.9824815122816  30.1316544089733  19.9429571506946  2.47917301723822  -35.8561141083921  33.2548911875904  -5.47375389175522  36.8931258011525  15.8308663256599  33.8411093849202  74.3588  
-22.6624  -0.498949  -16.3261  2  14.0185  2.99885  49.2169  6  2.54501  58.2437  -20.435  9  -18.4188  -18.06  -43.9192  11  22.1087  -42.2308  -10.8883  18  -25.7175456024074  -28.5609651064224  7.81019512022299  35.1398896706547  35.2479599228713  -11.7669936560633  23.9824850404236  30.1316454905367  19.9429821262628  2.47919537281523  -35.8561343968558  33.2549195163136  -5.47377492582719  36.8931387889262  15.8308986211583  33.8411341880988  74.3588  
-22.6624  -0.498949  -16.3261  2  14.0185  2.99885  49.2169  6  2.54501  58.2437  -20.435  9  -18.4188  -18.06  -43.9192  11  22.1087  -42.2308  -10.8883  18  -25.7175756925886  -28.5609806091054  7.8102250015953  35.1399232785251  35.2479764213006  -11.7669842922105  23.9824818333011  30.1316535974911  19.9429594232073  2.47917505135772  -35.8561159544293  33.254893765206  -5.47375580564574  36.8931269828979  15.8308692642004  33.8411116417482  74.3588  
-22.6624  -0.498949  -16.3261  2  14.0185  2.99885  49.2169  6  2.54501  58.2437  -20.435  9  -18.4188  -18.06  -43.9192  11  22.1087  -42.2308  -10.8883  18  -25.7175483402868  -28.5609665169955  7.81019783910809  35.1398927286104  35.247961424055  -11.7669928040463  23.9824847486059  30.1316462281859  19.9429800605193  2.47919352377275  -35.8561327187859  33.2549171732309  -5.47377318610251  36.8931377146977  15.830895949977  33.841132136619  74.3588  
-22.6624  -0.498949  -16.3261  2  14.0185  2.99885  49.2169  6  2.54501  58.2437  -20.435  9  -18.4188  -18.06  -43.9192  11  22.1087  -42.2308  -10.8883  18  -25.7175732038171  -28.5609793268708  7.81022253009558  35.139920498807  35.2479750567091  -11.7669850666937  23.9824820985602  30.1316529269632  19.9429613009838  2.47917673215065  -35.8561174798088  33.254895895089  -5.47375738709191  36.8931279593749  15.830871692318  33.8411135065653  74.3588  
-22.6624  -0.498949  -16.3261  2  14.0185  2.99885  49.2169  6  2.54501  58.2437  -20.435  9  -18.4188  -18.06  -43.9192  11  22.1087  -42.2308  -10.8883  18  -25.7175506025998  -28.5609676825543  7.81020008572459  35.1398952554018  35.247962664483  -11.7669921000254  23.9824845074774  30.1316468377051  19.9429783535967  2.47919199590975  -35.8561313321978  33.2549152371425  -5.47377174856625  36.8931368270633  15.8308937427808  33.841130441481  74.3588  
-22.6624  -0.498949  -16.3261  2  14.0185  2.99885  49.2169  6  2.54501  58.2437  -20.435  9  -18.4188  -18.06  -43.9192  11  22.1087  -42.2308  -10.8883  18  -25.717571147344  -28.5609782673596  7.81022048789451  35.1399182019243  35.2479739291472  -11.7669857066498  23.9824823177443  30.1316523729058  19.9429628525906  2.47917812099013  -35.8561187402297  33.2548976550113  -5.47375869383991  36.8931287662384  15.8308736986729  33.8411150474639  74.3588  
-22.6624  -0.498949  -16.3261  2  14.0185  2.99885  49.2169  6  2.54501  58.2437  -20.435  9  -18.4188  -18.06  -43.9192  11  22.1087  -42.2308  -10.8883  18  -25.717552471951  -28.560968645657  7.81020194210493  35.1398973432911  35.2479636894486  -11.7669915182934  23.9824843082332  30.1316473413507  19.9429769431671  2.47919073343691  -35.8561301864605  33.254913637353  -5.47377056072875  36.8931360936113  15.8308919189751  33.8411290407882  74.3588  
-22.6624  -0.498949  -16.3261  2  14.0185  2.99885  49.2169  6  2.54501  58.2437  -20.435  9  -18.4188  -18.06  -43.9192  11  22.1087  -42.2308  -10.8883  18  -25.7175694480795  -28.5609773918852  7.81021880042318  35.1399163040092  35.2479729974428  -11.7669862354461  23.9824824988564  30.131651915088  19.9429641346834  2.47917926858849  -35.8561197817155  33.2548991092352  -5.47375977360523  36.8931294329503  15.8308753565248  33.8411163207086  74.3588  
-22.6624  -0.498949  -16.3261  2  14.0185  2.99885  49.2169  6  2.54501  58.2437  -20.435  9  -18.4188  -18.06  -43.9192  11  22.1087  -42.2308  -10.8883  18  -25.7175540165971  -28.5609694414695  7.81020347603277  35.139899068515  35.2479645363778  -11.7669910376085  23.9824841435979  30.131647757513  19.9429757777292  2.47918969025572  -35.8561292397378  33.254912315447  -5.47376957921767  36.8931354875602  15.8308904119646  33.8411278833955  74.3588  
-22.6624  -0.498949  -16.3261  2  14.0185  2.99885  49.2169  6  2.54501  58.2437  -20.435  9  -18.4188  -18.06  -43.9192  11  22.1087  -42.2308  -10.8883  18  -25.7175680439768  -28.5609766684805  7.81021740606526  35.1399147357614  35.2479722275752  -11.7669866723908  23.9824826485096  30.131651536793  19.9429651940769  2.47918021684933  -35.8561206422953  33.2549003108606  -5.47376066581492  36.8931299838547  15.8308767264087  33.841117372791  74.3588  
-22.6624  -0.498949  -16.3261  2  14.0185  2.99885  49.2169  6  2.54501  58.2437  -20.435  9  -18.4188  -18.06  -43.9192  11  22.1087  -42.2308  -10.8883  18  -25.7175552929391  -28.56097009905  7.81020474351789  35.1399004940683  35.2479652361955  -11.7669906404187  23.9824840075599  30.1316481013879  19.942974814728  2.47918882827512  -35.856128457461  33.2549112231561  -5.4737687681944  36.8931349867802  15.830889166722  33.8411269270416  74.3588  
-22.6624  -0.498949  -16.3261  2  14.0185  2.99885  49.2169  6  2.54501  58.2437  -20.435  9  -18.4188  -18.06  -43.9192  11  22.1087  -42.2308  -10.8883  18  -25.7175668837665  -28.5609760707312  7.81021625390703  35.1399134399177  35.2479715914336  -11.7669870334385  23.9824827721682  30.1316512242077  19.942966069454  2.47918100039753  -35.8561213533926  33.2549013037639  -5.47376140304756  36.8931304390672  15.8308778583443  33.8411182421268  74.3588  
-22.6624  -0.498949  -16.3261  2  14.0185  2.99885  49.2169  6  2.54501  58.2437  -20.435  9  -18.4188  -18.06  -43.9192  11  22.1087  -42.2308  -10.8883  18  -25.717556347581  -28.5609706424091  7.81020579084123  35.1399016720033  35.247965814455  -11.7669903122209  23.9824838951518  30.1316483855317  19.942974019  2.47918811602049  -35.8561278110655  33.2549103205959  -5.4737680980454  36.8931345729857  15.830888137778  33.8411261368062  74.3588  
-22.6624  -0.498949  -16.3261  2  14.0185  2.99885  49.2169  6  2.54501  58.2437  -20.435  9  -18.4188  -18.06  -43.9192  11  22.1087  -42.2308  -10.8883  18  -25.7175659250845  -28.5609755768108  7.81021530187843  35.1399123691618  35.2479710657896  -11.7669873317724  23.9824828743474  30.1316509659184  19.9429667927784  2.47918164784363  -35.8561219409724  33.2549021242001  -5.47376201222283  36.8931308152096  15.8308787936632  33.8411189604592  74.3588  
-22.6624  -0.498949  -16.3261  2  14.0185  2.99885  49.2169  6  2.54501  58.2437  -20.435  9  -18.4188  -18.06  -43.9192  11  22.1087  -42.2308  -10.8883  18  -25.717557219032  -28.560971091387  7.81020665624481  35.1399026453314  35.247966292271  -11.7669900410311  23.9824838022691  30.1316486203198  19.9429733614899  2.47918752748444  -35.8561272769489  33.2549095748103  -5.47376754430087  36.8931342310674  15.8308872875615  33.8411254838345  74.3588  
-22.6624  -0.498949  -16.3261  2  14.0185  2.99885  49.2169  6  2.54501  58.2437  -20.435  9  -18.4188  -18.06  -43.9192  11  22.1087  -42.2308  -10.8883  18  -25.7175651329254  -28.5609751686843  7.81021451521701  35.139911484396  35.2479706314498  -11.7669875782859  23.9824829587782  30.1316507524938  19.9429673904614  2.47918218282854  -35.8561224264897  33.2549028021267  -5.47376251558428  36.8931311260162  15.8308795665175  33.8411195540175  74.3588  
-22.6624  -0.498949  -16.3261  2  14.0185  2.99885  49.2169  6  2.54501  58.2437  -20.435  9  -18.4188  -18.06  -43.9192  11  22.1087  -42.2308  -10.8883  18  -25.7175579391122  -28.5609714623777  7.81020737132804  35.1399034495927  35.2479666870904  -11.766989816947  23.9824837255201  30.1316488143252  19.9429728181892  2.47918704117702  -35.8561268356083  33.2549089585676  -5.47376708674149  36.8931339485402  15.8308865850276  33.8411249442839  74.3588  
-22.6624  -0.498949  -16.3261  2  14.0185  2.99885  49.2169  6  2.54501  58.2437  -20.435  9  -18.4188  -18.06  -43.9192  11  22.1087  -42.2308  -10.8883  18  -25.7175644783642  -28.5609748314494  7.81021386519852  35.1399107533137  35.2479702725548  -11.7669877819801  23.9824830285434  30.1316505761411  19.9429678843271  2.47918262488672  -35.8561228276728  33.2549033622977  -5.47376293151181  36.8931313828358  15.8308802051273  33.8411200444747  74.3588  
-22.6624  -0.498949  -16.3261  2  14.0185  2.99885  49.2169  6  2.54501  58.2437  -20.435  9  -18.4188  -18.06  -43.9192  11  22.1087  -42.2308  -10.8883  18  -25.7175585341148  -28.5609717689274  7.81020796220149  35.139904114154  35.2479670133297  -11.7669896317863  23.9824836621024  30.1316489746319  19.9429723692598  2.47918663934115  -35.8561264709284  33.2549084493661  -5.47376670866001  36.893133715088  15.8308860045237  33.841124498453  74.3588  
-22.6624  -0.498949  -16.3261  2  14.0185  2.99885  49.2169  6  2.54501  58.2437  -20.435  9  -18.4188  -18.06  -43.9192  11  22.1087  -42.2308  -10.8883  18  -25.7175639375001  -28.5609745527921  7.81021332808812  35.1399101492203  35.2479699759998  -11.7669879502927  23.9824830861904  30.1316504304207  19.9429682924085  2.4791829901595  -35.8561231591705  33.2549038251671  -5.47376327519277  36.8931315950459  15.8308807328107  33.8411204497397  74.3588  
-22.6624  -0.498949  -16.3261  2  14.0185  2.99885  49.2169  6  2.54501  58.2437  -20.435  9  -18.4188  -18.06  -43.9192  11  22.1087  -42.2308  -10.8883  18  -25.7175590257656  -28.5609720222295  7.81020845044039  35.1399046632812  35.2479672829014  -11.766989478788  23.9824836097004  30.1316491070933  19.9429719983093  2.4791863073041  -35.8561261695934  33.2549080286128  -5.47376639625109  36.8931335221865  15.8308855248533  33.8411241300629  74.3588  
-22.6624  -0.498949  -16.3261  2  14.0185  2.99885  49.2169  6  2.54501  58.2437  -20.435  9  -18.4188  -18.06  -43.9192  11  22.1087  -42.2308  -10.8883  18  -25.7175634905841  -28.5609743225375  7.8102128842737  35.1399096500578  35.2479697309563  -11.7669880893695  23.9824831338242  30.131650310012  19.9429686296062  2.47918329198452  -35.8561234330871  33.2549042076361  -5.47376355917634  36.8931317703952  15.8308811688357  33.8411207846102  74.3588  
-22.6624  -0.498949  -16.3261  2  14.0185  2.99885  49.2169  6  2.54501  58.2437  -20.435  9  -18.4188  -18.06  -43.9192  11  22.1087  -42.2308  -10.8883  18  -25.7175594320167  -28.5609722315331  7.81020885387229  35.1399051170251  35.2479675056485  -11.7669893523655  23.9824835664006  30.1316492165463  19.9429716917929  2.47918603294182  -35.8561259206003  33.2549076809443  -5.4737661381075  36.8931333627919  15.8308851285016  33.8411238256621  74.3588  
-22.6624  -0.498949  -16.3261  2  14.0185  2.99885  49.2169  6  2.54501  58.2437  -20.435  9  -18.4188  -18.06  -43.9192  11  22.1087  -42.2308  -10.8883  18  -25.7175631212973  -28.5609741322781  7.81021251754973  35.1399092375997  35.2479695284768  -11.7669882042887  23.982483173184  30.1316502105182  19.9429689082328  2.47918354138261  -35.8561236594245  33.2549045236704  -5.47376379383199  36.8931319152864  15.8308815291233  33.8411210613138  74.3588  
-22.6624  -0.498949  -16.3261  2  14.0185  2.99885  49.2169  6  2.54501  58.2437  -20.435  9  -18.4188  -18.06  -43.9192  11  22.1087  -42.2308  -10.8883  18  -25.7175597677022  -28.5609724044807  7.81020918722819  35.1399054919538  35.2479676897045  -11.7669892479025  23.982483530622  30.1316493069872  19.9429714385183  2.47918580623621  -35.8561257148571  33.2549073936657  -5.47376592480335  36.8931332310841  15.8308848009961  33.8411235741356  74.3588  
-22.6624  -0.498949  -16.3261  2  14.0185  2.99885  49.2169  6  2.54501  58.2437  -20.435  9  -18.4188  -18.06  -43.9192  11  22.1087  -42.2308  -10.8883  18  -25.7175628161555  -28.5609739750668  7.81021221452563  35.1399088967855  35.247969361168  -11.7669882992465  23.9824832057071  30.1316501283064  19.942969138462  2.4791837474603  -35.8561238464471  33.2549047848097  -5.47376398772801  36.89313203501  15.8308818268291  33.841121289954  74.3588  
-22.6624  -0.498949  -16.3261  2  14.0185  2.99885  49.2169  6  2.54501  58.2437  -20.435  9  -18.4188  -18.06  -43.9192  11  22.1087  -42.2308  -10.8883  18  -25.7175600450792  -28.5609725473874  7.81020946268024  35.1399058017575  35.24796784179  -11.7669891615848  23.9824835010582  30.1316493817186  19.9429712292374  2.47918561890933  -35.8561255448516  33.2549071562874  -5.47376574855006  36.893133122254  15.8308845303783  33.8411233662992  74.3588  
-22.6624  -0.498949  -16.3261  2  14.0185  2.99885  49.2169  6  2.54501  58.2437  -20.435  9  -18.4188  -18.06  -43.9192  11  22.1087  -42.2308  -10.8883  18  -25.7175625640168  -28.560973845163  7.81021196413676  35.1399086151707  35.2479692229206  -11.7669883777101  23.9824832325809  30.1316500603748  19.9429693287004  2.47918391774236  -35.856124000984  33.254905000589  -5.47376414794429  36.8931321339377  15.8308820728234  33.8411214788795  74.3588  
-22.6624  -0.498949  -16.3261  2  14.0185  2.99885  49.2169  6  2.54501  58.2437  -20.435  9  -18.4188  -18.06  -43.9192  11  22.1087  -42.2308  -10.8883  18  -25.7175602742759  -28.5609726654712  7.81020969028634  35.1399060577484  35.2479679674583  -11.7669890902604  23.9824834766295  30.1316494434692  19.9429710563086  2.47918546412109  -35.8561254043759  33.2549069601416  -5.47376560291194  36.8931330323276  15.8308843067667  33.841123194564  74.3588  
-22.6624  -0.498949  -16.3261  2  14.0185  2.99885  49.2169  6  2.54501  58.2437  -20.435  9  -18.4188  -18.06  -43.9192  11  22.1087  -42.2308  -10.8883  18  -25.7175623556746  -28.5609737378235  7.8102117572404  35.1399083824723  35.2479691086868  -11.7669884425446  23.9824832547867  30.131650004243  19.9429694858945  2.47918405844647  -35.8561241286778  33.2549051788876  -5.47376428033101  36.8931322156816  15.8308822760886  33.8411216349886  74.3588  
-22.6624  -0.498949  -16.3261  2  14.0185  2.99885  49.2169  6  2.54501  58.2437  -20.435  9  -18.4188  -18.06  -43.9192  11  22.1087  -42.2308  -10.8883  18  -25.7175604636611  -28.5609727630439  7.81020987835728  35.1399062692737  35.247968071298  -11.7669890313251  23.9824834564442  30.1316494944937  19.9429709134175  2.47918533621955  -35.8561252883009  33.2549067980663  -5.4737654825711  36.8931329580214  15.8308841219964  33.8411230526591  74.3588  
-22.6624  -0.498949  -16.3261  2  14.0185  2.99885  49.2169  6  2.54501  58.2437  -20.435  9  -18.4188  -18.06  -43.9192  11  22.1087  -42.2308  -10.8883  18  -25.7175621835213  -28.5609736491288  7.81021158628188  35.1399081901935  35.2479690142954  -11.7669884961174  23.9824832731354  30.1316499578612  19.942969615784  2.4791841747103  -35.8561242341912  33.2549053262157  -5.4737643897222  36.8931322832267  15.8308824440466  33.8411217639817  74.3588  
-22.6624  -0.498949  -16.3261  2  14.0185  2.99885  49.2169  6  2.54501  58.2437  -20.435  9  -18.4188  -18.06  -43.9192  11  22.1087  -42.2308  -10.8883  18  -25.7175606201502  -28.5609728436683  7.81021003376036  35.1399064440571  35.2479681571008  -11.7669889826269  23.982483439765  30.1316495366552  19.9429707953466  2.47918523053446  -35.856125192388  33.2549066641434  -5.47376538313343  36.8931328966222  15.8308839693207  33.8411229354031  74.3588  
-22.6624  -0.498949  -16.3261  2  14.0185  2.99885  49.2169  6  2.54501  58.2437  -20.435  9  -18.4188  -18.06  -43.9192  11  22.1087  -42.2308  -10.8883  18  -25.7175620412711  -28.5609735758404  7.81021144501882  35.1399080313136  35.2479689362998  -11.7669885403846  23.9824832882969  30.1316499195359  19.9429697231117  2.47918427077912  -35.856124321377  33.254905447953  -5.47376448011215  36.8931323390392  15.8308825828304  33.8411218705686  74.3588  
-22.6624  -0.498949  -16.3261  2  14.0185  2.99885  49.2169  6  2.54501  58.2437  -20.435  9  -18.4188  -18.06  -43.9192  11  22.1087  -42.2308  -10.8883  18  -25.7175607494572  -28.5609729102882  7.81021016216996  35.1399065884806  35.2479682279997  -11.7669889423875  23.982483425983  30.1316495714933  19.9429706977845  2.47918514320686  -35.8561251131352  33.254906553483  -5.47376530096807  36.8931328458881  15.8308838431647  33.8411228385144  74.3588  
