21 1 49.3197731314751
-18.0250767581842 -15.9153114701355 14.9602491356721 20.9999993766479 4.18879020478639
17.7916056199847 -23.0107392472161 -3.68968566234607 19.9999994024497 33.5103216382911
16.6963217578201 -24.0205979333664 26.2733145055932 10.0000030681971 113.097335529233
5.73185264151646 14.2633826184974 26.1340861445801 18.9999994345806 268.082573106329
-7.77324861719028 31.2647057128557 -2.58119160873893 16.999999501483 523.598775598299
-4.19835560190288 4.91068076965503 -30.6461616663059 17.9999998204314 904.77868423386
-13.3285421107924 -24.8166951681296 -19.6042970714322 14.9999995667056 1436.75504024173
27.2699319019224 -8.39075995088925 28.4889761437587 9.0000011977395 2144.661293326
34.1594945687827 4.00601721621468 11.6706008168296 12.9999999656424 3053.6286457723
-29.7871737815889 -9.67198388896261 -28.4628896079332 7.00000112392431 4188.79347910578
26.7825236455285 3.68518224871517 -22.7288854331787 14 5575.27976257069
5.46908211769773 -3.9921321240067 9.05582203873453 6 7238.22927252325
-2.31784856555438 -7.44167548004971 -11.0840991598436 5 9202.77163820707
-4.53808174327602 -8.56505465460788 -3.4808837110594 3 11494.0403219339
-30.700031267843 8.61308643714501 -9.67109630369236 16 14137.1661343462
0.795251578049648 -6.62200663789652 0.61548904474523 4 17157.2846788051
-3.0685919524561 -2.73737489593979 3.48641402332763 2 20579.5250808785
-2.92701998825244 0.835993266297582 2.52966049145664 1 24429.0244743142
22.9031953998194 20.0479684821183 4.12376124818615 8.00000088091675 28730.9103112128
9.24525415555871 7.82547534083984 -3.9858294882056 11.999999888731 33510.319639149
-23.6547974650015 16.5201277535184 15.8358174731779 11 38792.3837952861
