40 0 147.648479949336
-75.2462004769206 -70.1361632824757 -45.1473398463299 3.00000291307803 113.097664990916
-99.479963963109 -53.2444732846224 -16.2188985934459 18.9999998238804 28730.9112156705
-65.4169932112505 -76.5167749096212 -4.08984393706131 23.9999997752931 57905.8341644869
52.5015350527258 43.4775773849488 -51.2388887895895 8.00000073115106 2144.66117287726
51.5546430839729 3.48662335245647 -66.0051990909245 16.9999999513812 20579.5260995474
31.2231833251058 30.9837058162193 -82.5745146081699 21.0000000191454 38792.3861926262
76.123999912905 29.9769972860916 -85.3857766601418 23.9999997739691 57905.8341549034
102.644544595712 61.0492580774873 38.1974217799439 5.00000130007454 523.599184028866
83.2023474390167 27.4595389085108 34.7959675886377 9.00000034740534 3053.62841290486
82.0356541984257 76.587250912616 -14.661963315487 10.0000002612258 4188.79053305247
66.7137187480642 61.6833133335038 17.3699692720052 17.999999820015 24429.0237415046
101.233807872979 36.6981640699249 -4.7231454253679 29.999999700015 113097.332136482
-45.195175168004 -18.3857594825439 53.4769692721254 4.0000030976049 268.08319591723
-24.2557706978366 -45.3437413478426 91.6724082616896 24.9999997517316 65449.8449998916
-49.2440930189035 -63.9194008583784 52.5504378105977 24.9999997526515 65449.8450071165
-0.900768263927087 -35.257355500068 -28.6703881162508 8.00000262952697 2144.6626996424
-31.0321339570877 -81.4675494407731 -82.8062646038733 16.9999999242999 20579.5260011968
-35.1694829371272 -56.7582181784509 -55.5746449631472 19.9999998004038 33510.3206350111
4.17342055992378 -80.5865782913193 -54.987144743232 25.9999997400481 73622.1744310686
-3.55228177272397 -36.4234511605611 -88.5420499403444 29.9999997000453 113097.332136825
87.0233851944508 -69.3148561885514 60.6685214584884 13.0000005639203 9202.77327752258
89.3629989988471 -26.8727682164844 5.66104126998744 14.0000004491714 11494.0414282468
77.0264442022948 -96.3581820275797 7.14727341637204 14.0000004508842 11494.0414324657
97.715645408151 -70.2208467567393 25.1232391860355 21.9999999345229 44602.2377023255
54.9552340115725 -85.5803602886062 40.6033110010597 25.9999998127637 73622.1750487782
69.4290016885737 -33.6823080033252 44.2230038832168 27.9999997669723 91952.3202796743
59.7640879388246 -57.6965754376627 -6.55991007434794 28.9999997552301 102160.401717729
-17.4460172266749 44.9518754307116 59.5247102493163 9.00000262086101 3053.63072700163
8.36384096500137 22.953708734638 7.16768474846584 17.000000759933 20579.5290359501
-86.859335504821 62.1828244659253 -19.4279503686527 29.9999999910991 113097.335428565
-34.3646145037042 37.2904803934748 -43.7934067250689 32.99999970183 150532.549509018
-54.7178480581716 19.9612701350428 19.8182610384198 35.9999996727574 195432.190465036
-28.0034008685998 89.8477763318207 6.46856212597279 39.999999634519 268082.565757897
-80.4680732922638 -66.2336649027196 -9.44919375240954 42.999999611167 333038.133777332
55.2647766278903 26.8618141738269 -81.7157370200868 45.4074927353408 392167.117180075
88.2887743637058 46.0675950395203 3.56177245924485 47.9999995165914 463246.672331647
-36.7499318499697 -54.6315711596905 72.1114230570552 49.9999995074485 523598.760124336
-2.85574673641288 -56.5603287570683 -71.8347291430362 56.1746738834885 742523.64655405
62.344818353235 -57.1322789734518 24.0562216239863 59.7298894565286 892614.098900706
-41.8703127329536 54.5489703397136 -1.97916269310477 78.8543559514165 2053835.59422176
