21 1 100
2.17836915443351 -8.71212097508201 2.17836915443351 20.9999995865507 38792.3837952861
7.53197966054548 -21.0500198185423 7.53197966054548 19.9999996022833 33510.319639149
21.484806736702 -28.9270219936552 21.484806736702 10.0000026056199 4188.79347910578
11.3602133734617 17.6270362914271 11.3602133734617 18.9999996245052 28730.9103112128
1.8879194037481 27.4885631520711 1.8879194037481 16.999999670886 20579.5250808785
-27.3221133211464 9.32960753767728 -27.3221133211464 18 24429.0244743142
-23.7935794812648 -22.4798393398291 -23.7935794812648 14.9999997146501 14137.1661343462
31.9688215051848 -12.0911796565376 31.9688215051848 9.00000057618312 3053.6286457723
27.5804273658169 12.3945916284984 27.5804273658169 12.9999997920115 9202.77163820707
-28.1256899375727 -15.0392239221748 -28.1256899375727 7 1436.75504024173
33.3176698413068 -2.11229256995629 33.3176698413068 14 11494.0403219339
-11.514879641468 -38.5444675047832 -11.5148796414685 6 904.77868423386
29.6084284477268 29.2156890069287 29.6084284477268 5 523.598775598299
-21.3800886934055 9.76540447526833 -21.3800886934055 3 113.097335529233
-19.67683850914 0.95142634510373 -19.67683850914 16 17157.2846788051
32.7168882892284 -14.831298632768 32.7168882892284 4 268.082573106329
1.74153193765334 20.5854962385226 1.74153193765334 2 33.5103216382911
-42.4442899641367 2.26382115398911 -42.4442899641367 1 4.18879020478639
-1.84541327679935 38.6450627029953 -1.84541327679935 8.00000088091675 2144.661293326
-17.7960085976668 27.0988635165498 -17.7960085976668 11.999999888731 7238.22927252325
-3.44715616324797 -35.5388069721461 -3.44715616324797 11 5575.27976257069
