1.770  5.17829798395445E+0000  8.22999980000000E+0000  1.77000020000000E+0000
1.784  4.91697370782065E+0000  5.08297265037207E+0000  3.43836448168986E+0000
1.770  1.77000020000000E+0000  4.82170208012378E+0000  1.77000020000000E+0000
1.784  8.13981137768446E+0000  8.13957082389994E+0000  4.91567433043626E+0000
1.770  1.77000020000000E+0000  8.22999980000000E+0000  2.72661347767132E+0000
1.784  1.83368430307969E+0000  1.83349631116807E+0000  4.91563714577523E+0000
1.770  6.43592115372303E+0000  8.22999980000000E+0000  8.06124297276231E+0000
1.784  4.79456124166569E+0000  5.20542157031124E+0000  7.10167143769153E+0000
1.770  1.77000020000000E+0000  3.56407891309737E+0000  8.06124297352964E+0000
1.784  1.88495974389014E+0000  8.05775131188385E+0000  7.98869419446355E+0000
1.770  8.22999980000000E+0000  1.77000020000000E+0000  7.10462968513758E+0000
1.784  4.30695751893637E+0000  8.21599980000000E+0000  5.21550287238383E+0000
1.770  4.82170207937222E+0000  1.77000020000000E+0000  8.06124297171650E+0000
1.784  8.04831454092555E+0000  1.89415539327653E+0000  1.83672758087867E+0000
1.770  8.22999980000000E+0000  5.17829798469506E+0000  8.06124297206506E+0000
1.784  5.69304254476972E+0000  1.78400020593318E+0000  4.61574028970223E+0000
1.770  8.22999980000000E+0000  6.43592116167478E+0000  1.77000020000000E+0000
1.784  8.21599979901143E+0000  4.30695752171560E+0000  4.61574029015579E+0000
1.770  3.56407890508411E+0000  1.77000020000000E+0000  1.77000020000000E+0000
1.784  1.78400020484472E+0000  5.69304254752589E+0000  5.21550287276839E+0000
 9.83124317352964E+0000