1.660  1.66755552503086E+0000  5.82523869732068E+0000  1.66153349725859E+0000
1.998  8.00199980000000E+0000  2.02949095791640E+0000  8.89075848534128E+0000
1.405  8.48800509578991E+0000  5.97680495707372E+0000  1.51876223779565E+0001
0.871  8.90797837492167E+0000  6.52680753256930E+0000  8.83716195455558E+0000
1.712  5.13016985711462E+0000  5.73915171072680E+0000  1.76116565862887E+0000
2.213  7.78699905210359E+0000  5.28699973957982E+0000  1.15506336948909E+0001
2.004  4.96243890575543E+0000  5.42359899890976E+0000  1.46996348581675E+0001
1.208  1.21174318626962E+0000  6.28447248297151E+0000  8.70478518041103E+0000
2.088  2.08800087704192E+0000  5.41199977597114E+0000  1.17624688075027E+0001
0.719  4.90901057250363E+0000  6.63699140615054E+0000  1.18349499420244E+0001
2.324  2.32400020000000E+0000  5.17599980000000E+0000  5.53862609848704E+0000
1.235  8.69581448748514E+0000  1.30523640533348E+0000  5.76007493027591E+0000
2.065  7.93499980000000E+0000  2.34149641645037E+0000  1.46495680025907E+0001
2.411  7.58899980000000E+0000  2.41100021081315E+0000  2.41100020194042E+0000
2.163  2.16300020000000E+0000  2.20477270920641E+0000  1.45515680081196E+0001
1.389  1.48531721361348E+0000  5.98226022175158E+0000  1.52402412749086E+0001
0.973  5.22678303236361E+0000  4.24277927782810E+0000  4.13136839544348E+0000
2.116  2.11600020000000E+0000  2.26298936937084E+0000  8.97740701645977E+0000
1.053  5.11471081283493E+0000  1.13888464594641E+0000  1.55518086238453E+0001
1.030  1.07473893111354E+0000  1.07126497836738E+0000  1.17341912371052E+0001
2.254  7.74599980000000E+0000  5.24599980000000E+0000  6.11239952250906E+0000
1.065  8.83704940898427E+0000  1.15545481891526E+0000  1.18016008543899E+0001
1.346  8.55129841225221E+0000  5.99927092305312E+0000  1.45772841091668E+0000
1.253  1.39860741970337E+0000  1.39431539712966E+0000  5.45869621439447E+0000
1.989  5.17461469243957E+0000  1.98900020244598E+0000  1.17015280789602E+0001
2.199  2.98875902150068E+0000  2.19900020000000E+0000  2.19900020000000E+0000
1.966  5.09224589121614E+0000  1.96600020000000E+0000  6.19955060876669E+0000
0.894  5.20750585328544E+0000  6.45647470854045E+0000  4.45076268729565E+0000
1.841  4.75378625480319E+0000  5.65899810337093E+0000  8.88677218398484E+0000
0.626  7.60038347338889E+0000  6.71478357952977E+0000  3.33936821779060E+0000
 1.67145682081197E+0001
