1.000 -9.89007708295988E+0000  1.24264621651212E+0001  4.89212115487369E+0001
2.000 -3.08172683814227E+0001  3.06718181471741E+0001 -2.63446736782782E+0001
3.000  4.80583192773860E+0001  2.41198357128013E+0000 -1.66299919914577E+0001
4.000  2.33564154548829E+0001  2.27197530398355E+0001 -4.07645849177512E+0001
5.000  1.29858726726688E+0001  4.79127633582879E+0001  1.19827504858756E+0001
6.000  4.99603665990731E+0001  4.56152029937405E+0000  3.19126123711149E+0000
7.000 -2.88770192121774E+0001 -1.83697424396468E+0001  3.76210885810984E+0001
8.000  3.40589523107824E+0001 -1.94208494027440E+0001  3.35516913189197E+0001
9.000 -1.96094281826937E-0001 -4.92374914914536E+0001 -7.98638529622417E+0000
10.000 -3.24815483078477E+0001 -1.95206699113938E+0001 -3.13882497220244E+0001
11.000  4.22521971141220E+0000  4.10060827511412E+0001 -2.83685601290107E+0001
12.000  1.78930500495893E+0001 -2.03559572985688E+0001 -4.11410909953875E+0001
13.000  3.28262544856729E+0000 -4.42360743700107E+0001  1.90873913653439E+0001
14.000  3.18460999293992E+0001  1.79754480234671E+0000 -3.50438137373308E+0001
15.000 -2.53821913366300E+0000  4.39293685515940E+0000  5.03310924524911E+0000
16.000 -4.63688918255089E+0000 -3.38397293731306E+0001 -2.98908910922664E+0001
17.000  3.50802107638259E+0001  6.10238888897980E+0000  2.65038962331520E+0001
18.000 -4.11828166130834E+0001  9.89960382730560E+0000 -9.40817720509960E+0000
19.000  6.32682242403590E+0000  2.77802041632296E+0001  3.11271067897167E+0001
20.000 -2.92964118975411E+0001  1.13057848105985E+0001  2.68444800175979E+0001
21.000 -1.47459369767210E+0001  3.75550344210833E+0001 -1.84055096732219E+0000
22.000  3.12376031697429E+0000 -1.37535329720435E+0001  3.67765799996318E+0001
23.000  2.73310451087766E+0001  2.59329085062716E+0001 -7.35908238075551E+0000
24.000 -2.56749036048831E+0001 -2.69617316268466E+0001  3.42720406034161E+0000
25.000 -6.83899870855530E+0000  6.76926510296321E+0000 -3.50928767431001E+0001
26.000  2.66310028784489E+0001 -2.29502389463310E+0001 -4.05025820591630E+0000
 6.13882539497129E+0001
