1.712  4.64153561428911E+0000  1.71200181265410E+0000  1.06514531125384E+0001
2.232  7.73896228046250E+0000  5.18499735652465E+0000  1.54883499964698E+0001
1.331  1.33100020944704E+0000  3.88401754632595E+0000  1.33100020677568E+0000
2.310  2.41469009428200E+0000  5.18999980000000E+0000  1.08401301263102E+0001
0.771  3.17887645399692E+0000  8.00313795225170E-0001  8.02324984802620E-0001
2.009  7.99099980000000E+0000  2.00900020000000E+0000  9.05810869047643E+0000
0.982  5.01377418970690E+0000  6.45155784579461E+0000  1.67028545307743E+0001
1.817  1.81700020000000E+0000  1.81700020000000E+0000  8.53844109447808E+0000
1.472  1.47200027962978E+0000  1.47200027963058E+0000  1.62483499907993E+0001
2.212  2.21200020000000E+0000  2.32190685980707E+0000  4.38656908932658E+0000
0.757  9.23187037195822E+0000  3.90314678413915E+0000  1.32119950574799E+0001
1.658  4.94878691516760E+0000  1.65800020000000E+0000  7.04102375843266E+0000
1.857  1.85700025521996E+0000  5.64299601963123E+0000  6.73553823771867E+0000
1.384  5.16759677386114E+0000  6.11599973765697E+0000  1.31225999365113E+0001
0.829  8.29011511319300E-0001  8.29011511243880E-0001  1.07854655607037E+0001
1.048  8.95199980000000E+0000  4.05810428793847E+0000  7.00313844713053E+0000
0.929  5.31099678228937E+0000  6.57099978539836E+0000  1.03981228372396E+0001
1.455  8.54499980000000E+0000  6.04499980000000E+0000  5.53630234236983E+0000
1.405  8.59499980000000E+0000  1.40500022167555E+0000  1.40500020000000E+0000
1.837  3.89211498803045E+0000  5.66299980000000E+0000  1.88969499780654E+0000
0.877  4.43381087652306E+0000  9.20513435159310E-0001  1.31542468400881E+0001
0.964  5.08265467280317E+0000  9.64000241655100E-0001  4.43567392601847E+0000
1.826  5.30893129556951E+0000  1.92447256910372E+0000  1.82600028486754E+0000
2.098  7.90199980000000E+0000  2.11230203814746E+0000  4.76513217259184E+0000
1.237  1.24850947717422E+0000  1.25472861517232E+0000  1.24443713013801E+0000
1.321  1.32100031609464E+0000  6.17899940905709E+0000  3.64926341699519E+0000
2.257  2.26479468663851E+0000  5.23396292205686E+0000  1.54264203519647E+0001
1.096  1.11712890308963E+0000  6.34434844937271E+0000  1.13627427547570E+0000
2.110  7.82249216325629E+0000  5.37592275557057E+0000  2.11000020000000E+0000
2.052  7.94799980000000E+0000  5.44799980000000E+0000  1.12175429970396E+0001
1.916  7.43885924901449E+0000  1.91600020405193E+0000  1.29527034479182E+0001
1.323  5.22146216364739E+0000  4.21988855877137E+0000  4.38183804414840E+0000
1.784  1.78400022977929E+0000  1.78400020000000E+0000  1.30223849039285E+0001
0.747  9.23403701591312E+0000  7.65860856632570E-0001  6.91183228367300E+0000
1.133  8.82321459499180E+0000  6.27799187368614E+0000  8.21296990521595E+0000
1.930  4.83144670294850E+0000  1.93665084287840E+0000  1.57865515887464E+0001
2.132  5.72934818301636E+0000  5.31862463345245E+0000  7.63655402966197E+0000
1.490  8.46119338888781E+0000  1.53574319523988E+0000  1.62061597498379E+0001
1.246  4.68736936618592E+0000  3.51584371940909E+0000  1.30227852766801E+0001
1.104  4.07883776712002E+0000  6.34764286981631E+0000  4.83512160264856E+0000
 1.77203501964699E+0001