1.586  4.02421062815393E+0000  3.73699519190862E+0000  1.58600024171178E+0000
0.933  3.97940571987935E+0000  9.33000221022140E-0001  9.33000221108650E-0001
0.445  9.33616664699434E+0000  7.60135489574209E+0000  3.78589696553556E+0000
0.670  9.13478865593997E+0000  9.20511510880386E+0000  3.74128295511438E+0000
0.980  1.01512083918781E+0000  8.95357721834927E+0000  9.91512480932660E-0001
0.759  3.48286660878711E+0000  9.04235477502722E+0000  3.71790432475284E+0000
1.447  1.44700020000000E+0000  4.30952899592715E+0000  3.07907867990481E+0000
1.297  4.07078452436583E+0000  1.32189983665418E+0000  3.21563383962758E+0000
1.360  6.51055983273536E+0000  3.75539459929251E+0000  3.16607864342775E+0000
1.378  1.37800027883240E+0000  6.56390232465595E+0000  1.37800031187596E+0000
1.619  1.61900020494027E+0000  1.61900020000000E+0000  1.61900020000000E+0000
1.480  6.26423569506708E+0000  1.48337645051227E+0000  1.48000020853429E+0000
1.334  5.68768085955828E+0000  8.66599980000000E+0000  3.19207866547195E+0000
0.769  3.56532140081770E+0000  6.09657888965603E+0000  8.35751165654800E-0001
0.452  7.05591062498876E+0000  7.15840661938455E+0000  3.85902648166466E+0000
1.586  5.97419203726859E+0000  6.24425965557487E+0000  1.58600020000000E+0000
0.933  5.91935323621797E+0000  9.01678841980365E+0000  9.47792497668490E-0001
0.445  7.90402342764359E+0000  4.65499777069740E-0001  1.76171128498177E+0000
0.670  3.33365923852774E+0000  3.24035800309145E+0000  3.78741918770990E+0000
0.980  9.01999979482294E+0000  9.80000211584530E-0001  9.80000200000000E-0001
0.759  6.24973391221791E+0000  8.63024922478060E-0001  3.70776605658788E+0000
1.447  8.55299980000000E+0000  5.67896456927006E+0000  3.07907868167956E+0000
1.297  1.29887625960518E+0000  8.55074965471952E+0000  3.22698858066858E+0000
1.360  3.48779269213946E+0000  6.23484668628584E+0000  3.16607868412679E+0000
1.378  8.62199964451466E+0000  3.42459140313496E+0000  1.37800020000000E+0000
1.619  8.37329655441741E+0000  8.37792634443642E+0000  1.62687829317717E+0000
1.480  3.45921274795905E+0000  8.51999980000000E+0000  1.48000020000000E+0000
1.334  8.49635807380691E+0000  1.41255768076229E+0000  3.19207868372855E+0000
0.769  6.44254762767757E+0000  3.89319184154540E+0000  8.35285560206310E-0001
0.452  5.34392059044692E+0000  5.43044371350517E+0000  3.88307265109618E+0000
 4.52607888412679E+0000