1.000  1.59435828111386E-0000  4.27663162463480E-0000 -3.20747371847610E+0001
2.000 -3.06499491345683E+0001  3.68693191290676E-0000 -6.64764996418036E-0000
3.000  2.12700363303053E+0001  4.60293979922838E-0000  2.28476568260086E+0001
4.000 -1.17897412978079E+0001  2.93441825992757E+0001 -2.71498774365922E-0000
5.000  2.99736318769054E+0001  9.71212652994700E-0000  3.62809324394572E-0000
6.000 -1.92911174991203E+0001 -1.52357041772223E+0001 -1.92725146857171E+0001
7.000  5.82465207574341E-0000 -2.42939602399678E+0001  1.80084970822826E+0001
8.000  5.24829999494120E-0000  2.68675285801662E+0001 -1.41773973582526E+0001
9.000  3.47178090533850E-0000 -2.91467310957258E+0001 -4.03837303262099E-0000
10.00 -1.27860465191701E+0001  7.77637987231630E-0000  2.46612563271389E+0001
11.00 -2.13597947755761E+0001  1.62178272265561E+0001  7.41371971410450E-0000
12.00  4.91018309812670E-0000 -5.23844196439120E-0000  2.58687958318345E+0001
13.00  1.65923507975058E+0001  9.43950359929280E-0000 -1.74253276704119E+0001
14.00  1.92160745194180E-0000 -1.29212780938499E+0001 -2.11354431541282E+0001
15.00 -1.21949330843183E+0001  1.20183688113078E+0001 -1.65773038406424E+0001
16.00  1.98062034929097E+0001 -1.10189927675155E+0001  2.87544695743160E-0000
17.00  6.69496597433810E-0000  1.85561468971912E+0001  9.38752069046419E-0000
18.00 -1.58828584327627E+0001 -1.23547245924262E+0001  5.44801552629631E-0000
 3.88467112408502E+0001