1.509  9.66183673498000E-0001  2.77049176686600E+0000  3.61081208650072E+0000
1.553  8.16970809235899E-0001 -2.55700603860127E+0000  8.05259470726339E+0000
1.399  3.36289087170210E+0000  4.22771071433270E+0000  1.49909522232423E+0000
1.489  3.86013784603501E-0001  8.96501296859000E-0002  1.48900044723312E+0000
1.463 -1.43103471841670E+0000 -5.14269789861468E+0000  1.05369979093212E+0001
1.650 -2.11392442207843E+0000 -2.28763436560493E+0000  1.74898281661899E+0000
1.409  2.30095322428440E+0000 -1.78905652717660E+0000  1.05808109331499E+0001
1.557 -6.95163394171001E-0001  2.48220399586130E+0000  6.17151193519335E+0000
1.430 -2.75338847043237E+0000  1.73463083730750E+0000  8.20301902180902E+0000
1.575  2.60736944899240E+0000 -3.01267293232002E-0002  3.82870274753845E+0000
1.537 -4.55067756363828E+0000  2.64612492755170E+0000  1.53700081796653E+0000
1.586  5.37667263198900E-0001  5.18729968794610E+0000  1.58600025875810E+0000
1.464  5.26220052133230E+0000 -8.90893365425200E-0001  1.46400080082971E+0000
1.316 -3.03763794827032E+0000 -4.56716144657736E+0000  3.52119052482431E+0000
1.653  4.18692854121360E+0000  2.99540577773240E+0000  4.16688846606119E+0000
1.641 -5.04790897533217E+0000  1.07011433565990E+0000  1.01329518142458E+0001
1.383  2.84004864157010E+0000 -2.03684802577681E+0000  5.98941976352383E+0000
1.342 -2.48169794258957E+0000  6.53653555300300E-0001  1.34200030694344E+0000
1.401  5.19442080754690E+0000 -1.47613112232900E+0000  4.58202053804523E+0000
1.371 -1.29562588656080E+0000 -2.02027265231900E-0001  3.78391127162100E+0000
1.482  4.11505371944560E+0000  3.37031917565490E+0000  7.34979646990536E+0000
1.547  5.14900413247420E+0000 -9.56726571743300E-0001  1.04529996314640E+0001
1.523 -4.84709123868952E+0000 -2.08899374895244E+0000  1.04769997472214E+0001
1.291 -7.37082013636700E-0001  2.62505046345770E+0000  1.29100031755420E+0000
1.588  1.65475584673850E+0000  4.94348956949430E+0000  6.40271020141214E+0000
1.389 -3.84434763988730E+0000  3.80942353175170E+0000  1.06109984239344E+0001
1.487  3.59508114616530E+0000 -3.91343068131441E+0000  8.03940032909633E+0000
1.566  3.57585133792210E+0000 -3.82353959608823E+0000  3.76165578371758E+0000
1.329  5.11453145875410E+0000  1.94559435079780E+0000  1.37292430173972E+0000
1.452 -3.58195853394520E+0000 -3.97154784288448E+0000  8.50937074013823E+0000
1.569 -3.49021735661586E+0000  3.89783864010590E+0000  6.19474398735884E+0000
1.664  6.03529361639300E-0001 -2.56672520690477E+0000  3.62518978781798E+0000
1.521  3.77374939306220E+0000  3.69298872811520E+0000  1.04789992206909E+0001
1.311 -4.81661535927924E+0000 -2.63463559736689E+0000  3.47976950026625E+0000
1.555 -9.74640158042099E-0001  2.64804225784870E+0000  1.04193137209426E+0001
1.285  7.10100368711601E-0001  3.80924789917501E-0001  1.07149998000000E+0001
1.635 -2.09856757263124E+0000 -3.36910156218201E-0001  1.03649997692683E+0001
1.425 -7.46844499038600E-0001 -5.32395538266072E+0000  7.73707302970766E+0000
1.621 -1.12734299263940E+0000  5.05593000912490E+0000  7.99800555348225E+0000
1.432  5.18315678457850E+0000 -1.40071823998510E+0000  7.41399490557385E+0000
1.589 -4.48255220839400E-0001 -5.19277638373190E+0000  1.58900041696826E+0000
1.108 -3.07177370728484E+0000 -4.79327454514992E+0000  1.10800031151214E+0000
0.964 -4.80496647804053E+0000  3.29711155107370E+0000  8.51781439871777E+0000
1.094  1.63631825583390E+0000  2.47122135900580E+0000  1.11341841659397E+0000
1.534  2.54850429266140E+0000 -8.62114242170087E-0003  8.24520373054072E+0000
0.729  3.81601989299300E+0000 -4.71922321680836E+0000  5.89002238405340E+0000
1.226 -1.70706268674740E+0000  5.30731255414270E+0000  1.07739997206579E+0001
1.370 -2.08182668934674E+0000  2.41568723231280E+0000  3.57764690017360E+0000
0.960 -2.51279855822180E+0000 -2.80810726803768E+0000  1.10399996355034E+0001
1.656  1.66671128612330E+0000 -4.83466161217031E+0000  1.03439995859537E+0001
0.701  3.82108723512090E+0000  4.75490444844040E+0000  5.68749237821538E+0000
1.324  5.35934045865270E+0000  1.12959488475610E+0000  8.49196284258836E+0000
1.346 -4.59055309070991E+0000 -2.94700330364742E+0000  6.10864270333528E+0000
1.412 -5.31098673401257E+0000 -9.14171444669201E-0001  7.82769387231836E+0000
0.992  3.61567540896701E-0001 -2.81593965234828E+0000  9.92000441358610E-0001
1.504  1.58241068178000E+0000 -4.63919708440261E+0000  5.94930340880683E+0000
0.776  3.49747276504930E+0000  1.95772142021950E+0000  8.99956341845049E+0000
1.591 -5.19140258575256E+0000 -4.40876975242400E-0001  1.59100118355568E+0000
0.785  5.30116005857960E+0000 -2.84447532928511E+0000  9.09230863766611E+0000
1.646 -2.33516212382574E+0000 -1.34812111711510E+0000  7.25269515611704E+0000
1.616 -1.01425384382420E+0000  5.08492357811990E+0000  4.38490501939535E+0000
0.824  3.45492271593790E+0000  8.12292670656003E-0002  6.07023273425239E+0000
1.253 -2.77371936685264E+0000 -4.80497492708070E+0000  6.06550926171353E+0000
1.209 -2.51081039838781E+0000 -2.33618602779405E+0000  4.57988627283954E+0000
1.120  1.48206879040720E+0000 -5.48436467697705E+0000  3.46716689693759E+0000
1.038 -3.76823220990060E+0000 -4.36046252831785E+0000  1.09619918379131E+0001
0.652  3.31659425517100E+0000  2.36038807086140E+0000  6.52000435595680E-0001
1.351  2.13416419444770E+0000  1.82270127927430E+0000  6.04333239906543E+0000
1.307 -2.79754646489000E-0001 -2.62811520983237E+0000  1.06929998000000E+0001
1.559  1.05260358845490E+0000  5.13532205003370E+0000  1.04409988707590E+0001
1.426  4.96649880502700E-0001 -4.89932596174000E-0001  5.91183752396280E+0000
0.748  3.69038640730830E+0000 -1.86695829821470E+0000  8.93276404467036E+0000
0.857 -3.72953995982729E+0000  9.88655373366401E-0001  3.12140117404484E+0000
0.854  1.47169645730850E+0000 -5.76211669955280E+0000  8.01980102841653E+0000
1.455  1.46931487519320E+0000  2.79262193115780E+0000  8.59105086781816E+0000
1.360  2.47270164713330E+0000 -1.84579519601570E+0000  1.36000606881128E+0000
1.295 -3.05061289849552E+0000  9.78409985634700E-0001  5.60197770721825E+0000
1.445 -5.34057284523501E+0000 -4.07408787667100E-0001  5.01615127196878E+0000
1.436 -2.45190552931261E+0000  4.77203673535940E+0000  1.43600045752847E+0000
0.953 -3.52900805892298E+0000 -7.72459770647300E-0001  3.48795633116095E+0000
1.124  5.62927186235370E+0000  7.35288016738201E-0001  3.44353130512340E+0000
1.181  2.98100904797150E+0000  6.37408599311399E-0001  1.18100024457821E+0000
1.319  2.47376632728570E+0000 -4.89221658775776E+0000  1.31900024259706E+0000
0.962  4.79180776806870E+0000 -3.33669755882479E+0000  5.98201234067194E+0000
1.332 -7.34928383144201E-0001 -5.41948561836505E+0000  4.51264382405399E+0000
1.244  3.15888609660700E+0000  1.01148860763030E+0000  1.07559997972252E+0001
1.122  5.43008255549560E+0000  1.66321002426350E+0000  1.08779995549571E+0001
1.311  5.41554760837460E+0000  9.01627845894801E-0001  5.86744381349892E+0000
1.193 -7.95992481166399E-0001 -3.36803671203831E+0000  5.98351341322044E+0000
0.898 -1.43055700455990E+0000 -3.09628956924370E+0000  8.87027847716079E+0000
1.124 -4.66706711110041E+0000 -3.23230977137559E+0000  1.12400031705382E+0000
1.181  4.47490148215840E+0000 -3.40009713744762E+0000  1.18100393727241E+0000
1.319 -4.99549334303125E+0000  2.25795415104600E+0000  4.35477901097836E+0000
0.962  2.83946444030680E+0000  5.09995191318210E+0000  8.65688777625222E+0000
1.332 -5.20540384606853E+0000  1.67771157864790E+0000  6.93296848886350E+0000
1.244  4.24920495939190E+0000 -3.58127176774816E+0000  1.07559995184911E+0001
1.122 -3.79730565335474E+0000  4.22285835241480E+0000  3.54115338131877E+0000
1.311 -2.24474595882800E-0001  6.24624167104100E-0001  8.30535266203897E+0000
1.193  2.32859769967720E+0000  5.10179443185150E+0000  3.70922908354985E+0000
0.898 -3.56550792568594E+0000  4.70455898074520E+0000  8.52495793293963E+0000
h=12 R=6.80109029547798E+0000
