0.484  5.71437692039180E-0001  2.99735356079374E+0000  3.37243411991683E+0000
1.102  1.10200020000000E+0000  3.43859210825337E+0000  1.10200020000000E+0000
0.655  6.02037418552553E+0000  7.45425651076490E-0001  6.97487882958730E-0001
1.003  8.96563969752386E+0000  1.02202795706311E+0000  2.93783021565253E+0000
1.411  1.41606341143206E+0000  1.41100023605500E+0000  2.55300217716010E+0000
1.372  6.59191648846617E+0000  1.37200020000000E+0000  2.59200225872076E+0000
1.421  4.03953933522491E+0000  1.42852726681864E+0000  1.42981537664398E+0000
1.645  8.35499980000000E+0000  5.85499980000000E+0000  1.69482513271041E+0000
1.586  5.66744049267342E+0000  3.99556081359690E+0000  1.58600020000000E+0000
0.998  5.88897526233724E+0000  6.50199980000000E+0000  9.98000201517960E-0001
0.533  7.48787137877840E-0001  6.80223450211067E+0000  3.28608401365547E+0000
0.752  9.08068800112590E+0000  4.03041404842260E+0000  3.17521802253452E+0000
1.342  3.96441336623920E+0000  6.14022554407811E+0000  2.62200216106046E+0000
1.443  1.44300022123160E+0000  6.04717902654095E+0000  1.44300025544897E+0000
1.327  2.97107773531011E+0000  3.66300419974566E+0000  2.63700225796332E+0000
0.725  3.38377790323661E+0000  6.76052931410222E+0000  7.30945473225030E-0001
0.599  7.62050701805370E-0001  7.57171864295170E-0001  6.74627586730700E-0001
0.963  6.20315324343876E+0000  6.53699968417455E+0000  3.00100221675240E+0000
0.909  9.09000502689080E-0001  4.41984845226897E+0000  3.05500164531982E+0000
1.394  8.60599980000000E+0000  2.84135971103297E+0000  1.39400020000000E+0000
 3.96400245872076E+0000