1.493  8.46149244330734E+0000  1.53850746492261E+0000  3.90679737335482E+0000
2.059  2.05900020000000E+0000  2.06031811124301E+0000  2.05900020000000E+0000
1.118  3.27881387662030E+0000  1.11870752860977E+0000  7.39209972414208E+0000
1.493  1.49305655673558E+0000  5.52098097190175E+0000  1.49305553245654E+0000
2.059  7.93968911771872E+0000  7.94099980000000E+0000  2.05900020000000E+0000
1.118  8.87862021230088E+0000  8.87869113396355E+0000  4.94783649001042E+0000
1.493  6.10936327654388E+0000  1.55962266756261E+0000  1.52545737398259E+0000
2.059  4.97126486462790E+0000  5.02874990926183E+0000  2.05903550994849E+0000
1.118  1.19269544949594E+0000  1.18603817112781E+0000  8.64738322243426E+0000
1.493  1.49469722754896E+0000  1.49732485305816E+0000  5.52177270818507E+0000
2.059  5.02913365466131E+0000  2.05900029951361E+0000  4.91140842056503E+0000
1.118  2.06894816707026E+0000  7.92074695476895E+0000  6.96265430490229E+0000
1.493  1.49592246695256E+0000  5.80702354160705E+0000  8.38868136042534E+0000
2.059  2.05907608061646E+0000  5.01858644290832E+0000  4.97069376553921E+0000
1.118  2.86998344704331E+0000  2.83749291043949E+0000  8.76378781138055E+0000
1.493  8.44038141580582E+0000  3.89065335625514E+0000  1.52545826328241E+0000
2.059  7.94099975929531E+0000  4.97086633017686E+0000  4.91140834658204E+0000
1.118  5.04936960737240E+0000  1.12694578506500E+0000  8.76155858591446E+0000
1.493  1.49301101386122E+0000  8.50699045904166E+0000  1.49448928575999E+0000
2.059  7.94099980000000E+0000  2.05900020000000E+0000  7.82327421966078E+0000
1.118  8.85627033759279E+0000  4.97903103616592E+0000  8.73710558867326E+0000
1.493  4.47902190542560E+0000  8.50693451254061E+0000  1.49306513856437E+0000
2.059  4.96854878841413E+0000  7.94091428842810E+0000  4.97074617360442E+0000
1.118  8.80382727214713E+0000  1.19617696744195E+0000  1.20065991744982E+0000
1.493  4.17988314626986E+0000  8.50408846990452E+0000  8.38867862899244E+0000
2.059  5.02888843689531E+0000  4.97125399339926E+0000  7.82321970606149E+0000
1.118  1.12762460576220E+0000  8.87247567949539E+0000  8.75900580398344E+0000
1.493  1.49421241876153E+0000  8.50405157507042E+0000  4.48183088292778E+0000
2.059  7.93990952406563E+0000  7.89850124371145E+0000  7.82259185493928E+0000
1.118  1.11872760642821E+0000  3.24181520772106E+0000  7.43242112750523E+0000
 9.88227441966078E+0000
