1.118  6.02258579489274E+0000  8.85129049750459E+0000  4.97517920388772E+0000
1.493  8.49992550061127E+0000  6.40437739736525E+0000  5.94136698000996E+0000
2.059  2.06456889254809E+0000  5.00564906524125E+0000  7.86054365149834E+0000
1.118  5.83939218619785E+0000  1.11800020061102E+0000  4.95872319622425E+0000
1.493  8.50699980000000E+0000  3.51038495271190E+0000  5.20586972308288E+0000
2.059  4.99133060278006E+0000  2.10071560751167E+0000  2.05900020000000E+0000
1.118  7.27022898739390E+0000  4.52315183591659E+0000  7.27033680426699E+0000
1.493  8.50699980000000E+0000  1.75944822375118E+0000  8.43123754514933E+0000
2.059  2.07892081247210E+0000  5.01207127059855E+0000  2.05900040996787E+0000
1.118  7.62478974065330E+0000  6.16510919144588E+0000  8.80623749337313E+0000
1.493  1.49945626437044E+0000  8.49442959058622E+0000  8.42492855665168E+0000
2.059  2.05900020075793E+0000  7.94099915664900E+0000  4.95363588624572E+0000
1.118  8.88199980000000E+0000  4.31602275578447E+0000  8.80623743428771E+0000
1.493  1.49300068189880E+0000  1.49300066434435E+0000  1.49300026641041E+0000
2.059  5.02139993991962E+0000  4.99996909546433E+0000  4.98326974102670E+0000
1.118  5.71660405349487E+0000  4.99955127269710E+0000  8.80623754384144E+0000
1.493  1.49300139241820E+0000  8.50699867772002E+0000  1.49300038254408E+0000
2.059  7.92038179353970E+0000  5.04979989921619E+0000  2.05900020000000E+0000
1.118  8.88199980000000E+0000  1.11800031224755E+0000  4.02698081330619E+0000
1.493  8.45980425435376E+0000  1.58492252529244E+0000  1.49300020673627E+0000
2.059  4.98799523680244E+0000  7.94099979956225E+0000  2.05900021806329E+0000
1.118  8.88199979445818E+0000  8.88199980000000E+0000  5.21148379694310E+0000
1.493  8.50699952074016E+0000  8.50699980000000E+0000  1.49300056267131E+0000
2.059  2.05900020000000E+0000  2.07973278633146E+0000  4.95018081849033E+0000
1.118  7.82072375457430E+0000  1.11800020000000E+0000  5.99507402847497E+0000
1.493  1.49789656175959E+0000  1.50689932773039E+0000  8.42265587993574E+0000
2.059  4.97113058057440E+0000  7.94099980000000E+0000  7.86523753283306E+0000
1.118  7.60687953510285E+0000  7.66451159127454E+0000  3.83616972273449E+0000
1.493  8.50699980000000E+0000  8.50699980000000E+0000  8.06153851308869E+0000
2.059  4.96759809863230E+0000  2.05900020000000E+0000  7.86523754731830E+0000
 9.92423774731830E+0000
