0.783 -4.02601556134505E+0000  1.25352658332151E+0000  3.17222709098928E+0000
0.500 -5.75900416659750E-0001 -2.01952009230874E+0000  5.36864494054540E-0001
1.241  1.31499300477657E+0000  8.02719897333530E-0001  1.24100019155886E+0000
1.300 -1.10224493037610E-0001 -1.17682194763339E+0000  3.00712370159515E+0000
0.613  3.64218636051330E-0001 -4.31631690581003E+0000  5.40414731228074E+0000
1.062  3.79933168436630E+0000  9.85024601789870E-0001  1.07200217288860E+0000
1.631 -2.41998504093582E+0000 -2.34389249713988E+0000  1.63100019709178E+0000
0.903  5.42312787154350E-0001 -1.16843737796504E+0000  9.03000212942930E-0001
1.322 -3.66438070779123E+0000  3.16222146743590E-0001  1.32200028299463E+0000
1.665 -3.25394729446211E+0000 -7.30787684553920E-0001  4.38163990010532E+0000
1.251 -3.82337524930970E-0001  1.35946326250020E+0000  2.97857663316553E+0000
0.617  2.40003193235020E+0000 -3.65038267230913E+0000  2.40075357210898E+0000
0.895  4.04184942516432E+0000  7.17270204694110E-0001  5.16587026100488E+0000
1.032  3.78606017501683E+0000 -1.18775830838499E+0000  5.02886977953152E+0000
0.640 -3.27932130166512E+0000 -2.83604021677158E+0000  5.38588103102495E+0000
0.882 -1.16530221992958E+0000  3.94968250764281E+0000  3.19646308568125E+0000
1.550 -2.48884638561321E+0000  2.38917188318586E+0000  4.51087027862933E+0000
1.417  5.39873445500310E-0001  3.54209317701593E+0000  1.41700022178466E+0000
1.017  3.16834052506718E+0000  2.41369129087442E+0000  5.04387027678602E+0000
0.497  1.77591547458431E+0000  4.08863923402763E+0000  2.87296266692397E+0000
0.653 -4.15544388779835E+0000  1.18960520593087E+0000  5.37781263841284E+0000
1.513 -1.30337636460297E+0000 -3.23425070565703E+0000  4.54787021607561E+0000
0.727 -2.30141412875739E+0000  8.29368214861000E-0001  2.79358490380691E+0000
0.853 -1.25499168538301E-0002 -1.35578064040761E+0000  5.20338981235625E+0000
0.709 -4.01207524046520E-0001  1.69137370846397E+0000  7.45098614079880E-0001
1.077 -1.19831768032691E+0000  6.98274625601201E-0002  1.12005932734838E+0000
0.440  1.79438619289927E+0000  2.08031334865876E+0000  5.59374627960239E+0000
1.035  3.94137553686801E+0000  4.19077580382010E-0001  3.22053810260153E+0000
1.516  7.41187661279240E-0001  3.40424583352792E+0000  4.54487018004276E+0000
1.538  1.72060978334593E+0000  3.73921253120540E-0001  4.52287027194146E+0000
0.534 -3.93846594869049E+0000  2.03701491558724E+0000  5.76798700347400E-0001
0.633 -1.24119405584684E+0000  4.08784651156366E+0000  5.33571386749881E+0000
1.622  1.80660563404306E+0000 -2.85430529422310E+0000  4.43887027852421E+0000
1.358  2.72265895145201E+0000  2.41894414122792E+0000  2.71106783004418E+0000
0.568 -1.15795484829669E+0000  4.25049027367534E+0000  5.99801362276300E-0001
0.753  2.64215397191820E+0000  3.28381799475294E+0000  7.68839611274460E-0001
1.480  4.80093000237360E-0001 -3.48241876606534E+0000  1.51696655751002E+0000
1.055 -8.37713553772770E-0001  3.55939182404970E-0001  5.00508347564619E+0000
1.659  2.96057864507474E+0000 -1.54830673430120E+0000  1.65900019431604E+0000
1.479 -2.23601821249215E+0000  2.71986433390890E+0000  1.48899769856989E+0000
R=5 h=6.06087047862933E+0000
