1.589  3.53699300238465E+0000  8.41099980000000E+0000  3.40496853474878E+0000
1.108  8.89199970456110E+0000  1.10800029535469E+0000  5.86944657384533E+0000
0.964  3.86452895525512E+0000  9.64190709349140E-0001  9.64189736702710E-0001
1.094  8.90599980000000E+0000  8.90599973922558E+0000  5.88344660291852E+0000
1.534  6.28087091655550E+0000  8.46599970486609E+0000  1.53400020000000E+0000
0.729  2.64956987327472E+0000  2.56999447230212E+0000  4.30934871686614E+0000
1.226  3.02822649873523E+0000  5.56448494963613E+0000  3.48144990694842E+0000
1.370  8.62999947020636E+0000  3.54920696400621E+0000  5.53425593214209E+0000
0.960  9.03999974266328E+0000  5.04609190678742E+0000  3.68832749371377E+0000
1.656  5.87374008203079E+0000  6.01805788463209E+0000  3.53847727908650E+0000
0.701  5.64528761232346E+0000  9.29899979243623E+0000  3.50817636324399E+0000
1.324  8.67599970017691E+0000  3.36511436337044E+0000  1.32400026413692E+0000
1.346  8.35842789220105E+0000  8.62929288847371E+0000  3.52183691144871E+0000
1.412  1.41994339631399E+0000  5.73603930514387E+0000  5.56544652018243E+0000
0.992  3.80372851229723E+0000  8.97890216878245E+0000  5.96012193885509E+0000
1.504  6.23334390593072E+0000  8.49034074215455E+0000  5.47344660863216E+0000
0.776  5.97592771237039E+0000  6.30531747452823E+0000  7.76000240767110E-0001
1.591  3.71884436914553E+0000  3.58842663371149E+0000  1.59100020000000E+0000
0.785  9.21499980000000E+0000  3.34067615665488E+0000  3.36281477325643E+0000
1.646  6.24518450868258E+0000  1.64600024792692E+0000  5.33144655517813E+0000
1.616  6.27433003553977E+0000  1.61600021992979E+0000  1.61600021302775E+0000
0.824  5.98548974603794E+0000  6.27770489904915E+0000  6.15344576259257E+0000
1.253  1.25300022733940E+0000  3.05147051313872E+0000  5.72444589740756E+0000
1.209  6.37152821264337E+0000  4.41131252904539E+0000  1.21925210700849E+0000
1.120  1.12000022099228E+0000  7.18756472635728E+0000  3.39899585689744E+0000
1.038  8.96199521586480E+0000  1.03800047435855E+0000  1.03800250642361E+0000
0.652  6.52000265100840E-0001  5.49920364564176E+0000  3.66432305236385E+0000
1.351  1.41938446926781E+0000  8.56568144279249E+0000  1.35446287883804E+0000
1.307  3.96782627512304E+0000  6.46171021961941E+0000  1.30700021834963E+0000
1.559  8.43861964833657E+0000  6.25011451212059E+0000  1.55900020729362E+0000
1.426  1.42600021461084E+0000  8.57399962058959E+0000  5.55144659207867E+0000
0.748  9.25199972213790E+0000  6.74067062779206E+0000  3.66138425972987E+0000
0.857  8.87479900808850E-0001  9.00508842088960E-0001  6.10108222698391E+0000
0.854  8.57479448709740E-0001  9.14468474941430E+0000  3.41269542936331E+0000
1.455  1.54860814935047E+0000  1.45500057727329E+0000  1.46179794582357E+0000
1.360  1.38453785831675E+0000  5.80087012607526E+0000  1.36000064779175E+0000
1.295  3.96174993566274E+0000  6.69340454588778E+0000  5.68244659771002E+0000
1.445  3.78500352213092E+0000  3.96322815630611E+0000  5.53244658780517E+0000
1.436  8.22114980681926E+0000  6.32525270733346E+0000  5.54144660204154E+0000
0.953  5.15759605483999E+0000  3.32524789172074E+0000  3.67250654334587E+0000
1.124  6.29976893124219E+0000  4.37877479125977E+0000  5.85344533949579E+0000
1.181  7.26003341685600E+0000  3.54775839484233E+0000  3.38232723526189E+0000
1.319  1.31900020792736E+0000  3.69524986231132E+0000  3.23338848093890E+0000
0.962  3.91958936175908E+0000  9.03799980000000E+0000  9.62000212256620E-0001
1.332  8.55408993483599E+0000  1.33200020587562E+0000  3.46336194696235E+0000
1.244  2.97578335065605E+0000  1.24400023049972E+0000  5.73344659753384E+0000
1.122  8.87799975340607E+0000  8.87799960597048E+0000  1.12200021808958E+0000
1.311  3.95414291401087E+0000  1.31100021768230E+0000  3.37413509171797E+0000
1.193  1.19300193634787E+0000  1.19301631120229E+0000  4.07270307917135E+0000
0.898  8.98001159625090E-0001  3.64485375489706E+0000  8.98001264493820E-0001
 6.97744680863216E+0000
