1.589  8.41099980000000E+0000  3.39232068773157E+0000  1.58900020000000E+0000
1.108  1.10800020000000E+0000  1.10800020000000E+0000  1.31336463471227E+0001
0.964  8.98486900173187E+0000  9.71132116443130E-0001  9.87639656593050E-0001
1.094  8.90599980000000E+0000  1.09400022538864E+0000  1.31476463443934E+0001
1.534  8.46599825634104E+0000  3.46599980000000E+0000  4.71064689955947E+0000
0.729  2.90606353611749E+0000  4.27099966131890E+0000  9.47594463942233E+0000
1.226  3.49166255381082E+0000  1.22600020571846E+0000  3.24604216114354E+0000
1.370  1.37828350004730E+0000  1.43211166294232E+0000  1.68794938335961E+0000
0.960  3.44860168832087E+0000  9.75269619071930E-0001  8.40638267862877E+0000
1.656  8.34399977702047E+0000  1.71799632853320E+0000  1.05290041382060E+0001
0.701  3.32166311316676E+0000  2.90411094406056E+0000  9.41435217807597E+0000
1.324  5.45964858410376E+0000  1.32400026975149E+0000  7.33951130431745E+0000
1.346  1.34600046375252E+0000  1.34600021898045E+0000  7.51270675684235E+0000
1.412  1.43329814658553E+0000  3.58799980000000E+0000  1.28267505734050E+0001
0.992  5.97576110474190E+0000  4.00799928900244E+0000  9.92000223900360E-0001
1.504  5.92618739722667E+0000  1.50400040354450E+0000  1.50400037177166E+0000
0.776  6.82787707905698E+0000  7.76799662276770E-0001  8.87100243963414E+0000
1.591  5.11296928216748E+0000  1.71432496904527E+0000  1.02073829021702E+0001
0.785  3.44250524501415E+0000  4.21499978883027E+0000  1.34566463403500E+0001
1.646  1.64772153812638E+0000  1.64600020000000E+0000  1.04742994171469E+0001
1.616  8.38399980000000E+0000  1.61600020789313E+0000  7.25883847522559E+0000
0.824  9.17599980000000E+0000  3.90098978466858E+0000  6.93455325020871E+0000
1.253  1.25300020585952E+0000  3.74699980000000E+0000  8.51618833299452E+0000
1.209  3.51562205959464E+0000  3.76656360356270E+0000  1.12450770453140E+0001
1.120  6.63292985141061E+0000  3.87999974358937E+0000  1.08517414289070E+0001
1.038  1.03800022688713E+0000  3.96199980000000E+0000  1.03800020000000E+0000
0.652  7.58727119499939E+0000  6.52000214090010E-0001  5.36681485619797E+0000
1.351  6.41984533427361E+0000  3.63491572983663E+0000  8.40217575078953E+0000
1.307  1.46247130099246E+0000  3.50563825990240E+0000  5.97621421251139E+0000
1.559  3.55406165314364E+0000  3.44099977721494E+0000  1.55900020686648E+0000
1.426  3.62430473334313E+0000  1.42600026363394E+0000  1.28156463473999E+0001
0.748  7.64828184068229E+0000  4.25199976545158E+0000  6.81599988538665E+0000
0.857  9.08774574961117E+0000  4.11268538332757E+0000  1.08685986250543E+0001
0.854  4.58033496138632E+0000  4.13730480936672E+0000  9.51469837418014E+0000
1.455  5.80309216689659E+0000  1.45500020122271E+0000  4.58492804995798E+0000
1.360  8.18764059610308E+0000  3.62540119294535E+0000  1.28728909182915E+0001
1.295  5.38384349594613E+0000  3.70499980000000E+0000  1.29112038339241E+0001
1.445  3.80086505647790E+0000  3.55499954221604E+0000  7.42638145244137E+0000
1.436  3.80246416591697E+0000  3.54157871412012E+0000  4.54541265679760E+0000
0.953  9.04699980000000E+0000  1.05085890437841E+0000  4.83190333738663E+0000
1.124  8.87599490050830E+0000  3.87599953513682E+0000  8.85915179162801E+0000
1.181  6.03294592895053E+0000  3.72700981484910E+0000  5.90160497393850E+0000
1.319  1.31900020535890E+0000  3.66086825719187E+0000  3.35873492684868E+0000
0.962  3.56390994670354E+0000  9.72016217346780E-0001  9.76268001917580E-0001
1.332  6.50941984203319E+0000  1.33200020000000E+0000  1.28556906507855E+0001
1.244  6.11575945782764E+0000  3.75599980000000E+0000  3.20933976990874E+0000
1.122  8.03464468586548E+0000  1.12200029731674E+0000  3.02201303864705E+0000
1.311  1.31100020000000E+0000  1.31100028875952E+0000  4.53981873784339E+0000
1.193  3.46807156716687E+0000  1.19300035873021E+0000  5.80596928882539E+0000
0.898  9.13584212213290E-0001  4.09259744310746E+0000  1.06228853115404E+0001
 1.42416465473999E+0001
