0.848  3.48824013028907E+0000  4.13802543520886E+0000  1.96196364308480E+0000
1.000  8.95143819152541E+0000  3.99670483349313E+0000  1.00243816218396E+0000
0.725  8.18808966273979E+0000  7.25000347701480E-0001  7.25000229230630E-0001
0.639  6.06538233793265E+0000  4.35777481005849E+0000  6.39391491342000E-0001
0.719  1.89165326914613E+0000  4.28099980000000E+0000  2.09096374422667E+0000
0.932  4.99015937686952E+0000  1.00766084069962E+0000  9.32000202875780E-0001
0.765  6.72711145040198E+0000  1.01490377561699E+0000  7.65000201719720E-0001
0.786  9.21375511806307E+0000  2.55327721664973E+0000  2.02366346526689E+0000
0.900  4.10556369506600E+0000  2.27939327789921E+0000  1.90996374475163E+0000
0.979  6.01403025133789E+0000  2.39215003658887E+0000  1.82578162051914E+0000
0.722  4.89838377131985E+0000  3.04820045733801E+0000  7.22000219163430E-0001
0.661  4.28319976312986E+0000  4.32498404275735E+0000  6.71239799527660E-0001
0.987  7.12668288849953E+0000  4.01299977622007E+0000  1.82296371987261E+0000
0.745  7.56615018882476E+0000  1.02944696853303E+0000  2.05619598786250E+0000
0.692  9.30799980000000E+0000  1.70500548996826E+0000  6.92000226084380E-0001
0.848  9.15199972629355E+0000  8.48000273287630E-0001  1.96196375141323E+0000
1.000  2.23977577572624E+0000  2.62228543106913E+0000  1.80384035619918E+0000
0.725  7.25000247477520E-0001  3.43062746689246E+0000  2.06055195513620E+0000
0.639  4.09735423730132E+0000  6.39000251469030E-0001  2.17096375449421E+0000
0.719  6.13001940190836E+0000  7.19000203270080E-0001  2.09096376490792E+0000
0.932  9.32000280827910E-0001  9.32000250476630E-0001  9.32000213838270E-0001
0.765  7.84017964621610E-0001  2.63941298457644E+0000  7.73948399353650E-0001
0.786  9.37074265829620E-0001  4.21399820472327E+0000  7.86001193632620E-0001
0.900  5.23505324380983E+0000  4.09999980000000E+0000  1.90996370526410E+0000
0.979  7.80258472896214E+0000  2.37103750514222E+0000  9.79000299670600E-0001
0.722  3.45999875646155E+0000  3.17542577112678E+0000  7.22000269359650E-0001
0.661  1.92356933212923E+0000  6.61000301352070E-0001  2.14896374469674E+0000
0.987  3.04242729991544E+0000  9.98495556280900E-0001  9.87000211497710E-0001
0.745  2.46698223557725E+0000  4.25499958437822E+0000  7.45000216747800E-0001
0.692  6.92000232025570E-0001  2.01517516419814E+0000  2.11796373612255E+0000
 2.80996396490792E+0000
