1.546  5.89999488347071E+0000  4.10040374111228E+0000  1.22186403714960E+0001
1.473  1.47300020000000E+0000  1.49417053997841E+0000  1.21359268999314E+0001
1.478  6.31962902859787E+0000  1.49575858234234E+0000  5.70303865202543E+0000
1.561  5.98001804034988E+0000  1.59918738976315E+0000  1.56100020000000E+0000
1.615  6.45248335145938E+0000  6.41778244074464E+0000  1.01233316854512E+0001
1.546  8.45399980000000E+0000  1.54600020000000E+0000  7.94033860855243E+0000
1.473  1.47300060438530E+0000  4.14834095566824E+0000  7.85809604865210E+0000
1.478  8.52199980000000E+0000  5.82645179575530E+0000  7.81108987057952E+0000
1.561  6.15263709331028E+0000  3.84957242575282E+0000  8.06421176376947E+0000
1.615  3.58669134603240E+0000  3.54893833392654E+0000  1.01223467556419E+0001
1.546  8.45399980000000E+0000  6.14839027559109E+0000  3.84589105957218E+0000
1.473  4.19492622438733E+0000  1.47525909421787E+0000  7.79160799757834E+0000
1.478  3.78542520059004E+0000  6.21467671175855E+0000  1.17680592907085E+0001
1.561  8.43899960613940E+0000  4.02050881375379E+0000  1.56100059033095E+0000
1.615  8.37599287681081E+0000  1.62140779175115E+0000  1.21460389431412E+0001
1.546  6.12603548117373E+0000  8.45396786984306E+0000  3.86851023740057E+0000
1.473  1.47300021937910E+0000  6.23781483921540E+0000  9.93487657460636E+0000
1.478  5.85885199985767E+0000  8.52199289585261E+0000  7.85800009912827E+0000
1.561  3.84723421410940E+0000  3.86987608195013E+0000  5.95787796388065E+0000
1.615  1.61500020000000E+0000  8.38499980000000E+0000  1.21496404566496E+0001
1.546  1.54600041544441E+0000  8.45399973801473E+0000  3.71869794316289E+0000
1.473  6.20189883326140E+0000  1.47300020452257E+0000  9.94958606952291E+0000
1.478  1.47800038225199E+0000  6.22846221709366E+0000  5.76489884140097E+0000
1.561  6.04414345882370E+0000  3.87122507759933E+0000  3.73966231964864E+0000
1.615  8.34163016137459E+0000  8.38499980000000E+0000  1.61500020000000E+0000
1.546  1.55277476323068E+0000  3.85670540318420E+0000  3.85421185920796E+0000
1.473  8.50500101058803E+0000  8.52699980000000E+0000  1.21164178846383E+0001
1.478  3.77153810911313E+0000  8.52199933879926E+0000  5.76489960351748E+0000
1.561  1.56100024857428E+0000  8.43899979557845E+0000  7.84868395631716E+0000
1.615  1.61500034118922E+0000  1.61500066546528E+0000  1.61500042724484E+0000
1.546  3.83172483150556E+0000  6.16827465619821E+0000  3.86728506401856E+0000
1.473  3.76230742440625E+0000  8.52699978642440E+0000  9.93474777551935E+0000
1.478  8.52199868901798E+0000  8.52199848001611E+0000  9.16547061799425E+0000
1.561  3.86436309089327E+0000  1.56100024797698E+0000  3.85652463626319E+0000
1.615  8.38499980000000E+0000  8.38499980000000E+0000  6.07854422785097E+0000
1.546  3.84390535202294E+0000  3.85534595726178E+0000  1.54600040289882E+0000
1.473  8.52699961672608E+0000  3.79572769648312E+0000  9.95224332887262E+0000
1.478  5.55891788642499E+0000  8.52199953105971E+0000  1.22866391667394E+0001
1.561  6.15235402560891E+0000  6.13087993051581E+0000  5.93289231831219E+0000
1.615  1.61500020856650E+0000  1.61500020755793E+0000  6.09804850765391E+0000
1.546  8.45399980000000E+0000  1.54600020895552E+0000  3.43983936949258E+0000
1.473  8.52699980000000E+0000  5.58629726012137E+0000  1.22916404756991E+0001
1.478  1.47800205738059E+0000  1.47800178799545E+0000  9.18497495600022E+0000
1.561  6.11591682097952E+0000  6.10621592331062E+0000  1.56100203635572E+0000
1.615  3.90430919396601E+0000  8.38499973195988E+0000  1.61500034866664E+0000
1.546  8.45399968779881E+0000  3.66657634166717E+0000  5.69008900999832E+0000
1.473  4.41480634750845E+0000  1.47300020000000E+0000  1.22916404736483E+0001
1.478  1.47800062314635E+0000  4.44131621272364E+0000  1.22866388246651E+0001
1.561  3.94557698926101E+0000  6.05431523779247E+0000  8.18620493103990E+0000
1.615  1.61500020033122E+0000  6.09569090576944E+0000  1.61500020066953E+0000
 1.37646406756991E+0001
