2.463  7.34979936913276E+0000  2.53699979727638E+0000  2.17579985706616E+0001
2.214  2.30137042741716E+0000  2.78599980000000E+0000  1.21310792640225E+0001
1.500  8.49999980000000E+0000  1.50000020000000E+0000  1.81101166019202E+0001
2.439  7.56099980000000E+0000  2.45056215054916E+0000  2.66546842725561E+0001
1.424  1.43718278680945E+0000  3.56396507432717E+0000  3.93027340674539E+0001
2.027  2.02700020000000E+0000  2.02700020000000E+0000  5.76692538405707E+0001
1.698  4.21098615128174E+0000  3.30199980000000E+0000  2.43815291074890E+0001
1.474  8.52599980000000E+0000  1.47400021593500E+0000  4.62581310487706E+0001
1.772  5.58693830416931E+0000  3.22799980000000E+0000  3.02921553879812E+0001
1.981  8.01899980000000E+0000  3.01899980000000E+0000  9.43187962989279E+0000
2.048  2.04800020197757E+0000  2.95199980000000E+0000  1.63823020256876E+0001
1.518  1.51800020000000E+0000  1.51800020000000E+0000  4.62030434171950E+0001
2.037  7.96299979859865E+0000  2.03700020000000E+0000  5.78011763012773E+0001
1.822  5.60793841918962E+0000  3.17799970924840E+0000  1.78958400503720E+0001
1.777  5.27213139653030E+0000  1.77700022263700E+0000  1.45977742164552E+0001
2.387  6.98505841551981E+0000  2.61299966038956E+0000  4.29061907086652E+0001
2.237  7.59161488740770E+0000  2.23700020000000E+0000  5.30909585226902E+0000
1.574  4.91058063034245E+0000  3.42599979985605E+0000  5.60276180802172E+0001
1.976  4.46244489763648E+0000  1.97600020000000E+0000  3.93650118587090E+0001
1.495  8.50499980000000E+0000  1.49500020000000E+0000  3.58702814984764E+0001
1.887  8.11299979982490E+0000  3.11299980000000E+0000  3.88141462889833E+0001
2.052  4.96367202115298E+0000  2.20381588396886E+0000  4.68370036387614E+0001
2.291  2.29100040513607E+0000  2.29100022678782E+0000  5.33674245391944E+0001
2.302  2.30200020000000E+0000  2.30200020000000E+0000  3.25317178410859E+0001
2.300  2.30022812370782E+0000  2.69999980000000E+0000  2.79469603893345E+0001
1.743  4.43369428858111E+0000  3.25699977839523E+0000  8.45355439703392E+0000
2.238  2.28643068069778E+0000  2.24240114211659E+0000  5.25852495344780E+0000
2.032  5.31383748824048E+0000  2.96799980000000E+0000  3.55761948134055E+0001
1.642  8.19134993147300E+0000  3.35799980000000E+0000  1.55952132002814E+0001
1.550  4.95510757600394E+0000  3.44999980000000E+0000  5.91512090179297E+0001
1.995  4.97092157287315E+0000  1.99500022991681E+0000  1.99500020000000E+0000
1.356  6.15934432550906E+0000  3.64399980000000E+0000  1.22434468132872E+0001
1.799  1.80495524859913E+0000  1.80908871978625E+0000  3.66083799410811E+0001
1.935  8.03898854720864E+0000  3.06499979409362E+0000  4.92335006422259E+0001
1.531  8.46899978166515E+0000  1.53100020000000E+0000  3.04084617263138E+0001
1.326  5.93225525440611E+0000  1.32600020000000E+0000  3.27130560771184E+0001
2.383  2.61444372481723E+0000  2.38300032158360E+0000  2.07399557402310E+0001
1.470  1.47000020000000E+0000  1.47000020000000E+0000  8.79209326671887E+0000
1.655  8.34499980000000E+0000  3.34499980000000E+0000  1.65500020000000E+0000
2.201  2.20100020000000E+0000  2.79899980000000E+0000  4.27790815387392E+0001
2.348  7.65199979103429E+0000  2.34800042477845E+0000  5.34382888956674E+0001
1.923  1.92300023014688E+0000  3.07699980000000E+0000  4.92437635528779E+0001
1.738  8.26199970450411E+0000  3.26199980000000E+0000  3.31738106869254E+0001
1.670  4.97408837522371E+0000  1.67000020983847E+0000  5.05205100346606E+0001
2.450  2.45000020000000E+0000  2.45272674820002E+0000  6.21058471834912E+0001
1.625  1.62500021956309E+0000  3.37499977721533E+0000  1.62500020000000E+0000
1.407  5.38216083287609E+0000  1.40700020000000E+0000  1.08200741122848E+0001
1.524  1.52400020000000E+0000  1.52400020000000E+0000  2.43920378626075E+0001
2.351  7.43941093554349E+0000  2.50880052906998E+0000  6.21727055638590E+0001
1.652  8.34799977575274E+0000  1.65200020000000E+0000  1.27817696294961E+0001
 6.45558473834912E+0001