2.221  7.77899980000000E+0000  7.26346701166119E+0000  2.22100020000000E+0000
2.281  7.71899978835620E+0000  2.28100020000000E+0000  2.17957156150250E+0001
1.375  8.62499972043900E+0000  4.51972182215327E+0000  1.61136054962810E+0001
2.269  4.94789067302778E+0000  5.13568213450395E+0000  1.70002556276031E+0001
1.658  3.98958218163165E+0000  1.65800020000000E+0000  1.65800020000000E+0000
2.200  7.79999980000000E+0000  2.20000022261024E+0000  2.20000028147596E+0000
1.579  4.95933150215046E+0000  8.42099980000000E+0000  1.90036688802997E+0001
2.491  7.47185044307625E+0000  7.09783254160040E+0000  1.34736145040759E+0001
1.605  8.39499942078052E+0000  4.95002325322643E+0000  1.90533918133067E+0001
1.670  8.28077633203610E+0000  1.73417847892483E+0000  1.75541346680093E+0001
2.048  7.95199980000000E+0000  4.77435459976567E+0000  5.68492211772521E+0000
1.879  1.87900020000000E+0000  5.34248678450166E+0000  5.58189771885682E+0000
2.317  2.31700020000000E+0000  7.64568670282550E+0000  2.17597156699422E+0001
1.830  1.83000020867417E+0000  1.83000020906136E+0000  4.39163673771756E+0000
2.326  2.46192598732382E+0000  2.32600068214862E+0000  2.17507153392047E+0001
1.291  5.04375303158436E+0000  8.63706687106506E+0000  1.60470392396228E+0001
1.365  1.36500021564218E+0000  8.63499980000000E+0000  5.52315843646019E+0000
1.897  4.90519970489666E+0000  4.98167272007575E+0000  1.06120197800494E+0001
1.873  8.12699980000000E+0000  8.12699980000000E+0000  1.76636137174163E+0001
2.240  7.73556783014634E+0000  7.72220125805175E+0000  8.79141612488475E+0000
2.221  2.46697055155182E+0000  7.77899980000000E+0000  8.82653918566563E+0000
2.281  2.28100025408888E+0000  2.48120718710096E+0000  1.32171129849484E+0001
1.375  8.59239548804257E+0000  1.39170528815813E+0000  5.67724450858651E+0000
2.269  7.73099612624040E+0000  2.26900293170993E+0000  9.19361325662255E+0000
1.658  1.65800024760082E+0000  4.01587734677422E+0000  1.65800070313280E+0000
2.200  2.32857285337540E+0000  7.77629442133357E+0000  2.20000020000000E+0000
1.579  5.15043922078451E+0000  5.07551191211809E+0000  2.24977156394328E+0001
2.491  2.49198535888390E+0000  7.23968911961832E+0000  1.35075076752381E+0001
1.605  1.60500027387325E+0000  4.97581700400200E+0000  1.89763832783961E+0001
1.670  5.14397289335150E+0000  1.67000022564752E+0000  1.88620625903780E+0001
2.048  5.06557825848096E+0000  7.95199980000000E+0000  5.44398489018480E+0000
1.879  5.29909046850862E+0000  1.87900021247566E+0000  5.70300856371634E+0000
2.317  2.31700028877603E+0000  2.31717122220898E+0000  8.62218043452381E+0000
1.830  1.83000020000000E+0000  8.16999980000000E+0000  1.76749220008663E+0001
2.326  6.85865177660957E+0000  2.32600020000000E+0000  1.37125629689679E+0001
1.291  1.29100022119740E+0000  4.76703730872525E+0000  1.61050362831181E+0001
1.365  8.63499980000000E+0000  8.63499980000000E+0000  5.42186888655152E+0000
1.897  1.92655126651450E+0000  1.89700020000000E+0000  1.73388549579545E+0001
1.873  4.76842113319152E+0000  4.69784586122283E+0000  3.27686154171676E+0000
2.240  7.75999966303024E+0000  7.75999966917451E+0000  2.17437362521522E+0001
 2.40767158699422E+0001