0.724  3.27436079261615E+0000  6.57370740985980E+0000  8.35804404745880E-0001
1.503  7.23788082805213E+0000  1.50300020000000E+0000  2.10901509116718E+0000
0.724  9.10469036102718E+0000  6.32733180123702E+0000  2.72553373762772E+0000
1.503  4.23188042454654E+0000  1.50300020000000E+0000  2.10901507887781E+0000
0.724  6.29980168874281E+0000  3.77670658516838E+0000  2.76557172927527E+0000
1.503  8.49699980000000E+0000  4.16446661629079E+0000  1.50300020000000E+0000
0.724  5.76555698849148E+0000  2.75114202123529E+0000  7.93117641206530E-0001
1.503  1.50300020000000E+0000  8.49699980000000E+0000  1.50300024638808E+0000
0.724  9.22224181162245E+0000  2.42852868806528E+0000  2.81584737903894E+0000
1.503  1.50300020000000E+0000  2.60843995518395E+0000  1.50300020189215E+0000
0.724  9.14669318912524E+0000  6.33140868678852E+0000  8.27726380197030E-0001
1.503  4.50900058862297E+0000  8.49699980000000E+0000  1.50300020000000E+0000
0.724  6.37354142076786E+0000  4.43063904160472E+0000  7.60830805859120E-0001
1.503  8.49468505819046E+0000  8.49492245876844E+0000  1.51048440582228E+0000
0.724  9.24866983318991E+0000  7.74457648090530E-0001  2.81780448041310E+0000
1.503  1.50300073512909E+0000  5.55271990923616E+0000  2.10901507143281E+0000
0.724  9.14973573960842E+0000  9.48583669680800E-0001  8.33392551280950E-0001
1.503  4.23188191259951E+0000  4.44728073228823E+0000  1.50300092549620E+0000
0.724  8.89461758866480E-0001  7.95692952593400E-0001  2.76809958673725E+0000
1.503  6.49842787508730E+0000  6.32652449369508E+0000  2.10901509755326E+0000
 3.61201529755326E+0000