0.868  6.14191683739089E+0000  8.68282888532750E-0001  8.68560925905760E-0001
0.449  9.96319745039930E-0001  4.51922462045560E-0001  1.53475445817994E+0000
0.995  2.13426246663726E+0000  2.39930740756092E+0000  9.95000200000000E-0001
0.438  5.14489041869399E+0000  7.06100956332205E+0000  4.39088188758330E-0001
0.615  7.62226143034261E+0000  6.88465292012902E+0000  1.37471794202314E+0000
0.543  2.94210488263098E+0000  3.62819370393030E+0000  1.44671900550052E+0000
0.716  9.28382988889287E+0000  8.88954090371660E-0001  1.27393850167633E+0000
0.630  4.87977524171970E+0000  1.50923439116695E+0000  1.35972089972254E+0000
0.486  5.14679960063589E+0000  7.01186971283037E+0000  1.49115524101069E+0000
0.584  4.74653379145356E+0000  5.84186424358510E-0001  5.84175305184760E-0001
0.791  9.11333056244393E+0000  4.02615464254683E+0000  1.19881212669008E+0000
0.727  1.76690333711898E+0000  4.06479929848679E+0000  1.23898739021378E+0000
0.854  6.27829109234653E+0000  6.59848950568052E+0000  8.54513824577190E-0001
0.910  2.86325572083376E+0000  5.27046990021632E+0000  1.07975476817553E+0000
0.720  7.56512639269218E+0000  2.26763351348501E+0000  7.20294484385030E-0001
0.420  3.06196142984159E+0000  7.07964669372568E+0000  1.56991635379043E+0000
0.908  6.05663623595131E+0000  4.85334932822765E+0000  1.08143917372135E+0000
0.857  4.01785208944149E+0000  2.61266540485702E+0000  8.58236030757380E-0001
0.557  5.57120600674390E-0001  5.57715962916360E-0001  5.57741197221290E-0001
0.676  4.77715009238172E+0000  3.88100722478797E+0000  1.31388901500963E+0000
0.436  4.37988886763380E-0001  5.61359240254064E+0000  4.36627718848350E-0001
0.540  5.42372284651190E-0001  2.71938186665257E+0000  1.44884272048124E+0000
0.463  4.95808928395930E-0001  2.30107534076958E+0000  4.79459007064460E-0001
0.863  9.13609710511780E+0000  2.40657610461984E+0000  8.63283256625470E-0001
0.566  5.14453693992952E+0000  5.95974731931370E+0000  1.42380308058231E+0000
0.868  7.70003756994807E+0000  5.49277332501109E+0000  8.68217025878570E-0001
0.449  1.62174036960558E+0000  5.62607166189969E+0000  1.53393797197142E+0000
0.995  5.93209816439209E+0000  2.71535988918740E+0000  9.95000200000000E-0001
0.438  3.90737299061627E+0000  4.54824923198598E+0000  1.54894566173999E+0000
0.615  6.36169533639190E-0001  5.18097042821147E+0000  1.37456782016277E+0000
0.543  7.50168692506530E-0001  4.38171436390738E+0000  5.43402711425160E-0001
0.716  4.49223908425050E+0000  5.10995159110383E+0000  7.17336156227990E-0001
0.630  3.67594919801718E+0000  4.04192255224464E+0000  6.30110463281150E-0001
0.486  8.86949942318844E+0000  5.24339615494204E+0000  1.50388648658660E+0000
0.584  9.41586502408626E+0000  5.21843192129832E+0000  5.84078064077970E-0001
0.791  7.76766930847160E+0000  8.48630606220350E-0001  1.19892563567312E+0000
0.727  1.81856890732752E+0000  7.27346015921210E-0001  7.27849485975940E-0001
0.854  8.54116940276930E-0001  6.61654310124885E+0000  1.13563365789921E+0000
0.910  9.08937148625550E+0000  6.58970203306086E+0000  1.07949635672317E+0000
0.720  2.36357744670307E+0000  6.77984914706399E+0000  7.20085208205870E-0001
0.420  5.41146593737003E+0000  3.89914379441009E+0000  4.20103068946490E-0001
0.908  3.39546374157456E+0000  9.75845300442630E-0001  1.08179963381206E+0000
0.857  4.00775556568290E+0000  6.60164638042963E+0000  8.57152963448680E-0001
0.557  1.47908665762236E+0000  5.35223425680444E+0000  5.62748994587080E-0001
0.676  7.31107973057470E-0001  1.52455750665353E+0000  1.30742009910462E+0000
0.436  8.63571204399617E+0000  4.36078069422100E-0001  4.36042303066200E-0001
0.540  5.40249326981430E-0001  3.82594273919906E+0000  1.44973319986617E+0000
0.463  2.62441317906000E+0000  3.70001095861938E+0000  4.72290961079280E-0001
0.863  7.47657882225437E+0000  3.79534071139067E+0000  1.12633254987098E+0000
0.566  9.14166475911640E-0001  3.27471677007848E+0000  5.66307811161060E-0001
 1.99000040000000E+0000