0.852  2.02549018918871E+0000  1.73805293311383E+0000  8.52000214039740E-0001
0.878  5.04258259408204E+0000  4.12199971211839E+0000  8.78000357994630E-0001
0.935  7.10084226583414E+0000  9.35000200000000E-0001  9.35000235984720E-0001
0.624  6.24000378989100E-0001  6.24000233500350E-0001  6.24000238355610E-0001
0.518  6.43794131197065E+0000  3.49665469172899E+0000  5.19462297894010E-0001
0.594  2.63778234504051E+0000  6.17766707930150E-0001  1.53095113991992E+0000
0.487  1.12000053809485E+0000  4.44358488355403E+0000  1.62924396879746E+0000
0.994  5.69091677211373E+0000  2.32961734497508E+0000  1.13094059691695E+0000
0.960  4.04001134683371E+0000  9.82180518302070E-0001  9.60000278396160E-0001
0.755  3.41023258017424E+0000  4.23759761561700E+0000  1.36100567176393E+0000
0.684  2.53080614548730E+0000  3.07261995722738E+0000  1.43771530633595E+0000
0.478  2.78250451465181E+0000  4.78000229250570E-0001  4.78000200000000E-0001
0.649  6.70862065918140E-0001  1.56872968929571E+0000  1.47595113273659E+0000
0.697  6.50730786129153E+0000  4.30299834412080E+0000  1.42795109225455E+0000
0.440  4.40000294141150E-0001  4.40000860089490E-0001  1.68495047463204E+0000
0.852  3.92763511341926E+0000  2.79945760867939E+0000  8.52000244299940E-0001
0.878  9.75905608673190E-0001  3.05535602667225E+0000  1.24695112764468E+0000
0.935  9.06499978317674E+0000  4.06499980000000E+0000  1.18995100796628E+0000
0.624  6.24000259058040E-0001  4.37599980000000E+0000  6.24000229011040E-0001
0.518  3.14589823696232E+0000  1.96528868469169E+0000  1.60695112558194E+0000
0.594  1.44996663445291E+0000  5.96961450770090E-0001  1.52846280109505E+0000
0.487  1.71797681508967E+0000  4.87000245334590E-0001  4.87000349032960E-0001
0.994  7.62712466005251E+0000  2.78044666627452E+0000  1.13095111747390E+0000
0.960  8.98792856618183E+0000  9.61405392867080E-0001  1.16066415825182E+0000
0.755  2.01009628615269E+0000  4.23634014914969E+0000  7.60209089263350E-0001
0.684  5.58355022153963E+0000  6.84000274567160E-0001  1.44095109682555E+0000
0.478  4.78000240247510E-0001  2.05558510854249E+0000  4.78000205938460E-0001
0.649  7.60396121875789E+0000  4.35099979365714E+0000  6.49000213859390E-0001
0.697  9.29554653160135E+0000  2.52426576416716E+0000  6.99258361664900E-0001
0.440  7.87625800429287E+0000  4.55692638971432E+0000  1.68407753682393E+0000
 2.12495133991992E+0000