1.359  2.24654507925568E+0000  6.47139465789572E+0000  3.65479174039277E+0000
1.574  1.57400025681807E+0000  8.42599980000000E+0000  1.57400020771193E+0000
1.361  8.61132096885249E+0000  4.19368929307851E+0000  3.65478897243295E+0000
1.359  8.64099980000000E+0000  8.64099980000000E+0000  2.29579151561507E+0000
1.574  8.42599980000000E+0000  1.57400021244185E+0000  1.57549400178128E+0000
1.361  4.20968621880093E+0000  8.55332281234776E+0000  3.65479207495831E+0000
1.359  1.35900020249045E+0000  5.31851499486466E+0000  1.35900020000000E+0000
1.574  6.75208666029237E+0000  6.67837209951331E+0000  3.65479254691247E+0000
1.361  8.63899974396037E+0000  6.08667727333004E+0000  1.36100028733202E+0000
1.359  3.28189805011190E+0000  3.39758029279323E+0000  5.95058328972878E+0000
1.574  8.42599980000000E+0000  1.57400021244075E+0000  5.73408947008829E+0000
1.361  8.63899974396351E+0000  6.08667727306549E+0000  5.94858319558628E+0000
1.359  8.64099980000000E+0000  8.64099980000000E+0000  5.01379196803640E+0000
1.574  4.30813416013677E+0000  6.32090062022295E+0000  5.73558328214336E+0000
1.361  1.36100037571058E+0000  3.85983742898203E+0000  3.65479174282655E+0000
1.359  1.35900020249045E+0000  5.31851499914368E+0000  5.95058328383273E+0000
1.574  1.57400025681715E+0000  8.42599980000000E+0000  5.73558327307271E+0000
1.361  1.36692797502120E+0000  1.39166959230014E+0000  1.36618138056595E+0000
1.359  6.08953978486321E+0000  8.64099980000000E+0000  1.35900025645105E+0000
1.574  4.30813416013541E+0000  6.32090062023061E+0000  1.57400020000000E+0000
1.361  5.08495551825500E+0000  1.36102807760610E+0000  1.36102608748716E+0000
1.359  6.08953978459724E+0000  8.64099980000000E+0000  5.95058322648129E+0000
1.574  6.51322025904651E+0000  4.07423593414922E+0000  5.73558326928362E+0000
1.361  1.36690951498291E+0000  1.39162503981659E+0000  5.94336616088754E+0000
1.359  3.28189804948663E+0000  3.39758028788830E+0000  1.35900020000000E+0000
1.574  6.51322025906022E+0000  4.07423593416832E+0000  1.57400021150180E+0000
1.361  5.08495551756760E+0000  1.36102807945971E+0000  5.94855739241146E+0000
1.359  4.45442034401148E+0000  4.25900867705047E+0000  3.65479174038728E+0000
1.574  3.20197190195401E+0000  1.57400020000000E+0000  3.65479174342608E+0000
1.361  6.40037476808786E+0000  2.00733784477529E+0000  3.65479173901390E+0000
 7.30958348972878E+0000