1.518  5.63196463128890E-0001 -2.23065687063625E+0000 -6.14779295514800E-0002
1.463 -4.72796448649268E+0000 -6.30312778249540E-0001 -1.10905175817032E+0000
1.513 -4.53313944035429E+0000  4.60447361981140E-0001  1.65298820586071E+0000
0.780  7.89842307926470E-0001 -3.33296043907398E+0000  4.38756433054283E+0000
0.567  3.15026667776133E+0000 -4.76447108172050E-0001  8.53059424802500E-0001
1.982 -2.79515736976338E+0000 -3.35814864923772E+0000 -2.77669337407940E-0001
1.934  2.66422182349626E+0000 -2.13940896707047E+0000  2.79350339321335E+0000
0.829 -2.13809922424339E+0000  3.86916341202228E+0000  3.32421970356105E+0000
1.609 -3.70697804020130E-0001  4.40787721143074E+0000  1.73364402693906E+0000
0.600 -3.24143917831838E+0000 -3.81388991391998E+0000 -2.80928841488473E+0000
0.673 -4.63379300979642E+0000 -2.56826926048118E+0000 -2.04279068573297E+0000
1.327 -1.15711122559700E-0002 -4.88554499838562E+0000 -1.20943858527523E+0000
1.422  2.03914292238345E+0000  7.17500367467380E-0001  4.43973713222646E+0000
0.764  1.27240776084267E+0000 -4.41587321213589E+0000  3.19321699370933E+0000
1.367 -2.96892367806444E+0000 -6.24117546999600E-0002  4.01397330243136E+0000
1.598 -2.92351278312350E-0001 -1.19528719796437E+0000  4.60030256733178E+0000
0.916 -9.25208114320750E-0001 -5.29980956805593E+0000  8.05124034800100E-0001
1.080  1.06821703518864E+0000  3.83896632759412E+0000 -3.46410239600733E+0000
1.480 -3.08739657156754E+0000 -1.76917961232747E+0000 -3.33956789372142E+0000
1.741 -1.58969665220695E+0000  1.06896538369750E-0001 -1.19199236943860E+0000
1.104  2.40216571037362E+0000 -4.56748821820088E+0000 -9.96765389736260E-0001
1.348  1.82125738817161E+0000  3.25422596367860E+0000  3.34865891687770E+0000
1.747  1.42720608441199E+0000 -3.01871479727716E+0000 -3.18284825598229E+0000
1.755 -1.62854304964505E+0000  3.11171423806315E+0000 -2.97849241770971E+0000
1.266  3.83957128514235E+0000 -3.00812511148850E-0001 -3.33412384932374E+0000
1.495  2.54727358512506E+0000  4.08060023096780E+0000  7.27083479652470E-0001
1.141  4.48598174086690E-0001  2.13182694259518E+0000 -4.74261378465046E+0000
1.808  4.19790231723719E+0000  1.52177039466029E+0000 -8.84783034561820E-0001
1.316 -3.78357988308606E+0000  9.35259685127080E-0001 -3.20188821851381E+0000
0.619  5.32636809722394E+0000 -4.00955412972420E-0001 -1.99210338321076E+0000
1.360  2.71093741270138E+0000  2.04648052630790E+0000 -3.66920577021646E+0000
0.532 -2.32803657834148E+0000 -5.03396799729679E+0000  1.63288716237122E+0000
1.821  3.95148353098205E+0000 -2.09699903098915E+0000 -7.68893791027140E-0001
0.698 -3.18286420587651E+0000 -7.97048212417360E-0001  4.27873686364620E-0001
1.652 -7.66380266203080E-0001  1.99435208636355E+0000  4.19533058948978E+0000
0.605  8.19040959356640E-0001 -2.09114714543008E+0000 -5.28327048551309E+0000
1.431 -1.52560672161152E+0000  3.95435024945000E-0001 -4.67027974341800E+0000
1.918  1.10732272008651E+0000  9.66436873590220E-0001  1.12985762619229E+0000
1.241 -3.92351771960650E+0000 -2.06915026941595E+0000  2.55521636733082E+0000
1.247  4.88022121961719E+0000 -2.56839669418850E-0001  1.50352497730064E+0000
0.903 -1.67298437010720E-0001 -9.02100824720390E-0001 -3.17931457003600E+0000
0.936 -2.51956975975761E+0000 -2.33482635211968E+0000  4.19767725473426E+0000
1.426  4.00147226766960E-0001  4.77439577480347E+0000 -1.17886179827063E+0000
1.147 -8.60914135146110E-0001 -2.09528178948625E+0000 -4.69513932667446E+0000
0.746 -3.25030837382011E+0000 -3.92746084996673E+0000  2.35115314870823E+0000
0.779 -4.58718697994378E+0000  2.75102404315785E+0000  1.59295922208595E+0000
1.350  3.97666817594441E+0000  2.09521932653996E+0000  2.21282585927970E+0000
1.191  1.03656611949950E+0000  2.29031564950076E+0000 -1.70136538119364E+0000
0.912  3.38867995228489E+0000 -4.16358928382579E+0000  9.28677726827630E-0001
0.939 -7.75471266317120E-0001  2.73416533549671E+0000 -3.40700705039780E-0001
1.229 -2.15354391729088E+0000  4.63383655799445E+0000 -4.66167288238410E-0001
1.136 -3.06774609433543E+0000  3.91658214295695E+0000  1.59368907779954E+0000
1.309 -2.02231813623083E+0000  1.71855986600525E+0000  1.36108255355786E+0000
1.119 -3.37227582007248E+0000  2.28401938948350E+0000  3.29838017861574E+0000
1.189  2.75112262373803E+0000  3.92297843295608E+0000 -1.94451894325429E+0000
1.210 -1.40741075611171E+0000 -3.85733136245769E+0000 -3.10854252139724E+0000
0.934  4.14058352554831E+0000  2.15685166253650E-0001  3.50012698070128E+0000
0.566  4.13014217965663E+0000  3.94627044157761E+0000 -6.92070171840550E-0001
1.430  1.46774601760773E+0000 -2.28182576090320E-0001 -4.70094522041158E+0000
0.850 -5.07378016054471E+0000 -1.94828372814851E+0000  7.86012819422140E-0001
0.612  3.74596571225790E-0001  6.60396165892000E-0001  5.67303074423037E+0000
0.829 -7.86375286870130E-0001 -2.21214977805497E+0000 -2.03138076430108E+0000
1.609 -4.01500042046695E+0000  2.44042254971459E+0000 -7.04577763098340E-0001
0.600  8.46696756866100E-0002  4.13755063866651E+0000  3.94900971016624E+0000
0.673  1.93553306068672E+0000 -1.28267013688938E+0000  5.17313476760611E+0000
1.327  1.23616918459006E+0000 -4.74647701424514E+0000  1.12883531907449E+0000
1.422 -1.54520137629716E+0000 -9.53766971503350E-0001  1.78753547054138E+0000
0.764  3.83697040792354E+0000 -2.33080055180394E+0000 -3.34075135604091E+0000
1.367  1.63440263208163E+0000 -1.88918074881410E-0001 -1.89975815403746E+0000
1.598 -9.54543735460790E-0001 -3.74194226478672E+0000  2.78633781111514E+0000
0.916  7.39697265727100E-0002  1.00342696719610E+0000 -3.06400461062880E+0000
 6.36003389972314E+0000