1.659  1.65900020403448E+0000  5.84099980000000E+0000  1.65900020000000E+0000
1.404  8.59599980000000E+0000  6.09599980000000E+0000  4.48054277982371E+0000
1.426  1.55834108422212E+0000  1.54901807340172E+0000  1.24002548303230E+0001
1.420  8.57999980000000E+0000  1.42000021954820E+0000  8.09132560131571E+0000
1.659  5.04589630883063E+0000  1.76588626760562E+0000  1.65900022110072E+0000
1.404  1.40400020000000E+0000  6.09599970820104E+0000  8.47641898780857E+0000
1.426  6.15529096901472E+0000  1.42600020000000E+0000  9.58144952902832E+0000
1.420  6.10959629419665E+0000  6.07999980000000E+0000  9.78329893597845E+0000
1.659  1.65900020000000E+0000  5.84099978739573E+0000  5.43472183698401E+0000
1.404  3.37261918367148E+0000  6.09599980000000E+0000  1.04787690000935E+0001
1.426  1.42809309474824E+0000  1.43592078854382E+0000  5.42146697214483E+0000
1.420  4.22936632980136E+0000  3.79929520852373E+0000  6.13321568790556E+0000
1.659  8.25224041977813E+0000  4.95464161513193E+0000  1.65900020770855E+0000
1.404  4.12341422745042E+0000  6.09599980000000E+0000  7.77300235163605E+0000
1.426  6.15002432973975E+0000  1.42600020065194E+0000  6.60980569797854E+0000
1.420  1.42000020000000E+0000  4.05630125571296E+0000  1.05222081652072E+0001
1.659  8.34099979667093E+0000  5.64471650745807E+0000  1.22024983771667E+0001
1.404  8.59599980000000E+0000  6.09599980000000E+0000  8.44444886733000E+0000
1.426  8.57399980000000E+0000  1.42600020928340E+0000  5.10705855071966E+0000
1.420  4.15051045704898E+0000  1.42000020000000E+0000  4.58455840379295E+0000
1.659  1.65900026527953E+0000  1.65900023200758E+0000  1.65900023723956E+0000
1.404  5.32570369172629E+0000  6.09599980000000E+0000  1.24962741842547E+0001
1.426  8.57399980000000E+0000  3.64729881767535E+0000  9.86299808028193E+0000
1.420  3.47496571437875E+0000  3.96304620810645E+0000  1.24802741749507E+0001
1.659  8.33888581970793E+0000  1.66012666868327E+0000  1.22388408856568E+0001
1.404  4.57307321578747E+0000  6.09599980000000E+0000  4.52635798973233E+0000
1.426  1.43612684187587E+0000  3.45597141502149E+0000  7.44482101661217E+0000
1.420  3.43567160251868E+0000  1.42000020000000E+0000  7.46535916281225E+0000
1.659  8.34099966324377E+0000  1.65900023496604E+0000  2.03316159381321E+0000
1.404  6.33726672524181E+0000  3.82748890523099E+0000  8.09530043452478E+0000
1.426  4.76457025554409E+0000  1.42600020000000E+0000  1.24742741481712E+0001
1.420  2.90155611052361E+0000  3.75000007384785E+0000  3.54686100786572E+0000
1.659  4.93668842729603E+0000  5.08208926170214E+0000  1.65900020000000E+0000
1.404  1.40980611285001E+0000  6.08784952999682E+0000  1.24927031137726E+0001
1.426  3.97981521155006E+0000  3.27009347766772E+0000  9.55839139384601E+0000
1.420  1.42000020242932E+0000  1.42000020000000E+0000  9.46602683535019E+0000
1.659  6.53045086477150E+0000  3.50998443088777E+0000  4.10798659448121E+0000
1.404  6.60684717168369E+0000  6.09599980000000E+0000  6.46249584153604E+0000
1.426  8.57399980000000E+0000  3.98837786234783E+0000  6.36902062432472E+0000
1.420  6.15467489143118E+0000  3.64632900485456E+0000  1.13618590144557E+0001
 1.39002743842547E+0001
