1.844  8.15599933239970E+0000  1.84400020000000E+0000  1.12334866209995E+0001
0.698  3.56672590070382E+0000  3.62327278311561E+0000  6.02328882410799E+0000
1.111  1.12333526151062E+0000  7.50475097070168E+0000  1.19368674403185E+0001
1.570  1.59753179750748E+0000  4.79772412999703E+0000  5.51718245449320E+0000
1.568  4.99294623195992E+0000  8.42822394049095E+0000  5.57837029348245E+0000
0.851  8.98188342448649E+0000  9.32024094900620E-0001  8.75706026362123E+0000
1.632  4.32059328653690E+0000  1.63200021903522E+0000  1.14454866104439E+0001
1.741  5.70177339554561E+0000  4.70732070419205E+0000  1.13364866318335E+0001
1.822  3.97199050994906E+0000  7.82120290724622E+0000  1.12554866163245E+0001
0.692  6.92000211589940E-0001  9.30799980000000E+0000  6.92000210615650E-0001
1.351  4.99766537082306E+0000  4.86174316176345E+0000  1.35100020000000E+0000
2.395  2.39500020000000E+0000  2.39500020000000E+0000  2.43443548406196E+0000
2.476  2.47600020000000E+0000  7.47415626044490E+0000  2.56031182480777E+0000
0.926  1.01511159841953E+0000  1.01502742048136E+0000  5.22320692143945E+0000
1.648  8.35199978957762E+0000  1.64800093274761E+0000  6.36599805399620E+0000
1.125  8.77298675407900E+0000  4.93975308503521E+0000  1.18412717751296E+0001
2.056  2.05600022039081E+0000  2.05600032768184E+0000  7.91972853199013E+0000
1.357  1.35700061427548E+0000  1.35700030923298E+0000  1.17204860420142E+0001
1.986  4.26308067117770E+0000  5.50388652177199E+0000  7.95881830730598E+0000
0.661  9.33895797269448E+0000  6.61042564697420E-0001  6.61040868768780E-0001
1.844  8.15599980000000E+0000  8.01570724949844E+0000  6.78943120275678E+0000
0.698  7.68188305247600E-0001  6.60281964298459E+0000  9.62414225587398E+0000
1.111  6.38535279325449E+0000  3.67881562798608E+0000  6.63349235629310E+0000
1.570  6.02120708410012E+0000  1.57000027824357E+0000  8.58339480381458E+0000
1.568  8.43199980000000E+0000  4.90500220237373E+0000  5.41499105548291E+0000
0.851  4.32342876983157E+0000  3.07636355527220E+0000  9.42580901310004E+0000
1.632  5.03365496168816E+0000  4.83829861255582E+0000  4.45774047558277E+0000
1.741  1.74100020000000E+0000  7.93540723718854E+0000  6.68706785828792E+0000
1.822  8.17799980000000E+0000  4.56649438651624E+0000  8.77847127015784E+0000
0.692  2.96779637386474E+0000  9.30799980000000E+0000  5.09632853084431E+0000
1.351  1.35100020277745E+0000  8.64899975530163E+0000  9.67021256790492E+0000
2.395  7.58651755323511E+0000  2.39500020000000E+0000  2.46703893527343E+0000
2.476  7.50619015692666E+0000  7.52399980000000E+0000  2.47600021274121E+0000
0.926  9.07399980000000E+0000  4.93303871687646E+0000  9.26000200000000E-0001
1.648  4.86840489025803E+0000  1.64800020000000E+0000  5.54411593500442E+0000
1.125  1.14037090887631E+0000  5.39226816094381E+0000  8.15221482970241E+0000
2.056  7.80439755195996E+0000  7.92976485313016E+0000  1.06725991282810E+0001
1.357  5.28748183371761E+0000  8.64299977662694E+0000  8.48056736525860E+0000
1.986  1.98600020000000E+0000  4.57691760724801E+0000  1.10785011551597E+0001
0.661  9.33899980000000E+0000  9.33899980000000E+0000  1.24164866210234E+0001
 1.30774868318335E+0001