1.509 -5.82744248374961E+0000  4.53709749584220E+0000  1.50900035088282E+0000
1.553  2.44551207762780E+0000 -7.32994658650770E-0001  5.44699972221968E+0000
1.399 -4.52179778781286E+0000 -4.61010526325530E-0001  5.60099977559335E+0000
1.489  2.36615937274231E+0000  6.94211148552060E+0000  3.90877255275496E+0000
1.463  4.26011955373100E+0000  1.70030852131049E+0000  5.53699976920449E+0000
1.650  2.60438607916626E+0000 -4.51922671043353E+0000  1.65000038819316E+0000
1.409 -1.17573317172712E+0000 -4.28517185592628E+0000  5.59099971167268E+0000
1.557 -7.00775316466870E-0001  7.30387372907980E+0000  3.00043955065413E+0000
1.430 -6.72353404650092E+0000  3.24215700803700E+0000  3.99050662965634E+0000
1.575 -3.51232410942032E+0000 -6.42163661909868E+0000  5.42499976755319E+0000
1.537 -4.50572417008828E+0000 -5.81635668301340E+0000  1.53700032702728E+0000
1.586 -5.03568070832483E+0000  5.29668304966680E+0000  5.41399976154027E+0000
1.464 -1.07573845295066E+0000  2.21677340128796E+0000  1.46979168156911E+0000
1.316 -2.78977396236071E+0000 -4.48428815141748E+0000  3.40448353776685E+0000
1.653 -6.80847335530649E+0000 -2.46632989023810E+0000  5.34699961640442E+0000
1.641  6.99925137169510E-0001  4.67128937898790E+0000  5.35899974201601E+0000
1.383 -3.95175316998692E+0000 -3.46477912503821E+0000  5.61699509871482E+0000
1.342  1.68057175582187E+0000  1.70680931197200E+0000  1.34200023402402E+0000
1.401 -2.17039368719177E+0000 -7.17221452155809E+0000  2.87697406081149E+0000
1.371  1.21665509409845E+0000 -2.61860738250805E+0000  3.57541271708505E+0000
1.482  5.96120923065610E+0000 -4.14413090775219E+0000  1.48200023470157E+0000
1.547  3.47912511072170E+0000  4.10096252625930E+0000  3.89778883107283E+0000
1.523  6.21512358118020E+0000  3.96357665546270E+0000  5.47699941560001E+0000
1.291  1.57314078018466E+0000  7.43889437794830E+0000  1.29100029605882E+0000
1.588  1.25555274347023E+0000  4.59426275058240E+0000  1.60060058948758E+0000
1.389  4.69320821714150E+0000 -5.85705150446895E+0000  3.40572580252640E+0000
1.487 -3.82701391232130E+0000 -1.88901181577245E+0000  3.19121006893985E+0000
1.566  4.11818944765220E+0000  6.06186300739070E+0000  1.56600025591172E+0000
1.329 -1.23618285211192E+0000  4.47017261013200E+0000  3.11213870370359E+0000
1.452  2.15760463285420E+0000 -7.12280020031108E+0000  3.60542159113222E+0000
1.569 -3.66468179638085E+0000  6.34285531015840E+0000  2.74827157813154E+0000
1.664 -1.13785546851872E+0000 -2.50023772121514E+0000  1.66400049544655E+0000
1.521 -7.17677203705519E+0000  1.69150633621370E+0000  1.52100025521846E+0000
1.311  3.00457201513590E-0001  7.57746071328340E+0000  5.68899973341948E+0000
1.555 -7.30582612246256E+0000  7.01366977100880E-0001  5.44499963000926E+0000
1.285 -5.27958114506532E+0000  9.63067600724250E-0001  3.45586006033144E+0000
1.635  6.38112109508800E+0000  3.46127093324910E+0000  2.36362451172335E+0000
1.425  5.16011874676880E+0000 -3.66407681912440E-0001  3.71777675686247E+0000
1.621 -2.44283890607950E+0000  1.10913365919865E+0000  4.07359017352367E+0000
1.432  2.78017122290900E-0001 -7.45556071104678E+0000  1.43358101578285E+0000
1.589  7.23333515468950E+0000  1.02369486158332E+0000  5.40703673799005E+0000
1.108  1.53755132910801E+0000 -2.03433682455828E+0000  1.10800762663837E+0000
0.964  4.75506871172400E+0000 -6.27840324574739E+0000  1.01340569414705E+0000
1.094  4.43397321834440E-0001 -2.40256608995925E+0000  5.90599919804483E+0000
1.534  1.73094212817634E+0000 -4.76341907786261E+0000  5.46599975447587E+0000
0.729  1.84961776338015E+0000 -2.64155451609080E-0001  7.29001647529710E-0001
1.226  2.24392788309725E+0000 -4.01782077738000E-0001  2.69518111387050E+0000
1.370 -5.66636544657343E+0000 -4.95066910835121E+0000  4.05774402239595E+0000
0.960  4.88539284993010E+0000 -8.35484435961630E-0001  6.03999977800958E+0000
1.656 -6.45002956087946E+0000 -3.28508281246266E+0000  1.65600043250655E+0000
0.701  4.53865686018860E+0000  6.82148296086280E+0000  3.66015928886929E+0000
1.324  4.40815353059530E+0000  6.15462162769110E+0000  5.67599974650577E+0000
1.346 -2.79135955929783E+0000 -5.26216876686014E-0003  1.34600022719879E+0000
1.412 -2.32439498452584E+0000  4.02408940831490E+0000  5.58799974135134E+0000
0.992 -2.25400608764121E+0000  7.56956974951180E+0000  9.93766810593460E-0001
1.504 -2.44256112957822E+0000  6.97510782755550E+0000  5.49599971460896E+0000
0.776  2.88370882651057E+0000 -2.89668292621957E+0000  6.21891274320736E+0000
1.591  6.98093018528030E+0000 -2.14627243950873E+0000  5.40899931954153E+0000
0.785 -3.91702746279310E-0001  8.05840953307380E+0000  7.94615968229540E-0001
1.646 -3.97178990877550E-0001 -7.23752510410472E+0000  5.35399976499150E+0000
1.616  7.16278503916640E+0000 -1.29222190358014E+0000  1.62496041789188E+0000
0.824  3.27776655901490E+0000  3.38490875095900E-0001  8.24012318151620E-0001
1.253  3.76172171071760E+0000 -6.65136635993999E+0000  5.74699970423428E+0000
1.209 -2.88733271793246E+0000  4.16486110585630E+0000  1.20900022869037E+0000
1.120  3.69148462055330E+0000  1.59162443665586E+0000  3.01971286442884E+0000
1.038 -1.25154339000707E+0000  5.69684882642830E+0000  1.03839505702616E+0000
0.652 -7.23644312934210E-0001  4.13749828769110E+0000  6.52893741849370E-0001
1.351 -7.50199050961491E+0000 -7.82808728824220E-0001  2.95327218562334E+0000
1.307  5.27192499471700E+0000  9.14014984695820E-0001  1.30700020463783E+0000
1.559  4.04155651146700E+0000 -3.09176545628804E+0000  4.19265084047848E+0000
1.426  1.41032680727527E+0000  1.97394410560339E+0000  4.08379407358992E+0000
0.748  6.10680147697720E+0000 -2.60429875477197E+0000  3.28498424501505E+0000
0.857  1.76736313901790E-0001 -4.56382266215447E+0000  8.72318487837230E-0001
0.854 -7.45157014072775E+0000  3.00867059313150E+0000  6.14443144916478E+0000
1.455  4.14399643554590E+0000 -1.82987681317798E+0000  1.45500028631876E+0000
1.360 -4.66908733821891E+0000  2.32426529106145E+0000  5.63999973710062E+0000
1.295 -3.88416665984560E+0000  3.55959716735120E+0000  3.42485130013582E+0000
1.445 -5.30728932887898E-0002 -5.13969385667411E+0000  3.11012379251906E+0000
1.436 -1.89971832982573E+0000 -1.53496824966211E+0000  5.50851745550290E+0000
0.953  6.81458781362230E+0000 -4.07767892405927E+0000  3.76159593151737E+0000
1.124  2.84043635488507E+0000 -7.23265314638979E+0000  1.12400027843968E+0000
1.181 -5.25297071350980E-0001  2.17110593248509E+0000  5.81899977318551E+0000
1.319 -5.40609451458035E+0000 -5.19715028318260E-0001  1.31900027769398E+0000
0.962  5.64127210554650E+0000  5.57666800791450E+0000  3.67592605622563E+0000
1.332  5.81067636053990E+0000 -4.83860864845542E+0000  5.66799970728828E+0000
1.244  3.73537824285380E+0000  3.27383429328030E+0000  1.24400080182947E+0000
1.122  7.65355809887200E+0000  1.35406261094328E+0000  1.12200042524734E+0000
1.311 -4.38530089709348E+0000  2.12024433997733E+0000  1.31100024066540E+0000
1.193 -1.86324230493281E+0000 -5.22318182136859E+0000  1.19300021224197E+0000
0.898  7.92908864126110E+0000  6.82496210316210E-0001  3.02876354504802E+0000
ro=1 R=8.89441535356342E+0000
