0.703  1.46754180304736E+0000  3.97210686198699E-0002  1.94504548787097E+0000
0.730  1.84487491081270E+0000  2.22041879075808E+0000  7.53989578929570E-0001
0.749 -2.26833004867188E+0000 -1.75475214693513E+0000  7.49000475687210E-0001
0.939 -1.03402674864162E+0000  7.27098357375020E-0001  3.56099967202954E+0000
0.703  3.30211955843780E-0001  1.60989101106821E+0000  3.79699978622915E+0000
0.730 -2.86324419872745E+0000 -3.68312155369480E-0001  7.59290591969280E-0001
0.749 -3.92681267578760E-0001 -1.43902980655133E+0000  7.49000459937840E-0001
0.939 -7.01953347604340E-0001 -1.12131015690583E+0000  3.56099973663918E+0000
0.703 -1.43632054286655E+0000 -2.49099766825230E-0001  7.03000253123720E-0001
0.730 -2.72099090560983E+0000  9.64381188847450E-0001  3.76999979265555E+0000
0.749 -1.84593863495515E+0000  2.19476506771475E+0000  3.75099921716348E+0000
0.939  1.21413009650263E+0000  1.83385848736880E-0001  3.56099978811204E+0000
0.703  1.39285853533971E+0000 -6.14941522175650E-0001  7.03000207674560E-0001
0.730  9.67156189426680E-0001  1.05395586884709E+0000  7.30000219628090E-0001
0.749  2.79349095291292E+0000 -6.43231382248370E-0001  3.75063264260568E+0000
0.939  2.47238803100980E-0001  2.66639654694268E+0000  9.39002534312590E-0001
0.703 -2.42215785410668E+0000  1.61975079322721E+0000  2.53117787400433E+0000
0.730  1.45876622101020E-0001 -5.61918303934560E-0001  2.23667820424824E+0000
0.749  5.82829509401490E-0001 -2.80798758369534E+0000  7.49000221594520E-0001
0.939 -3.35868773333990E-0001 -2.58539331719502E+0000  2.14749611858840E+0000
0.703  2.76651263520347E+0000 -9.14794559107130E-0001  7.03000421946840E-0001
0.730  2.11925628120873E+0000 -1.96002809781400E+0000  3.76968886005966E+0000
0.749  8.22385808373590E-0001 -2.74739247790320E+0000  3.75099979079810E+0000
0.939  1.99839433360988E+0000  1.78247772776156E+0000  2.35718224308496E+0000
0.703 -1.43230616059458E+0000  2.53750666978641E+0000  7.03000371035190E-0001
0.730  9.25272331391160E-0001 -1.40517245550762E+0000  3.13838040222350E+0000
0.749  6.06386910637800E-0001  2.79013044970001E+0000  2.59230319625562E+0000
0.939 -2.58847660815200E+0000 -6.85999002332780E-0001  3.55964826424805E+0000
0.703  1.29808688873878E+0000 -2.60871843500099E+0000  2.38616160089497E+0000
0.730 -3.62647681309580E-0001  2.86396731639699E+0000  3.76999949106774E+0000
0.749  2.65242224918842E+0000  1.09047633723362E+0000  3.75099976491186E+0000
0.939  2.32154387861089E+0000 -1.33463079254158E+0000  2.22678081234769E+0000
0.703  8.23863416542130E-0001 -1.60417828764714E+0000  1.52427506646270E+0000
0.730 -1.26346426197564E+0000  4.75630047512040E-0001  1.92708270034664E+0000
0.749 -7.01844898225350E-0001  1.28346691299635E+0000  7.49001885557040E-0001
0.939 -2.38368708858852E+0000  1.22018120674053E+0000  9.39000227592790E-0001
0.703 -1.93879246527322E+0000 -2.17520694211679E+0000  3.79699976925789E+0000
0.730  1.46081296954207E+0000  2.48994944873175E+0000  3.76999962410722E+0000
0.749  1.94270813666583E+0000 -2.10958986672468E+0000  7.49000305336850E-0001
0.939 -1.03678096090720E+0000  2.46898604767223E+0000  2.29517833542417E+0000
0.703 -1.91278808628348E+0000 -2.19810898750135E+0000  2.39142632708733E+0000
0.730 -6.55101486071940E-0001 -2.81152357394475E+0000  3.76999977413970E+0000
0.749 -1.23140423109013E+0000 -1.00302297432292E+0000  1.92689345857869E+0000
0.939  2.58473691439768E+0000  6.99958482306180E-0001  9.39000225326220E-0001
0.703 -1.14853750810659E+0000 -2.67792884155652E+0000  7.03001950484960E-0001
0.730 -2.87208814434784E+0000  2.91431287431490E-0001  2.23686424189615E+0000
0.749  2.85818005609935E+0000  2.35138508370090E-0001  2.53853678154507E+0000
0.939  2.51470978586040E-0001  1.10373836997251E+0000  2.23694375064317E+0000
0.703 -2.69555855562568E+0000 -1.10652802442871E+0000  1.97602416263533E+0000
0.730 -1.19366101366802E-0002 -1.69904832759897E-0002  8.91408489863800E-0001
h=4.5 R= 3.61683642809532E+0000
