0.863  4.84171853632055E+0000  6.52733964570698E+0000  9.60508637705250E-0001
1.118  8.82361093192915E+0000  1.18583546689776E+0000  6.64943071956147E+0000
0.654  5.02477053411537E+0000  6.77079472195681E+0000  1.67982262014759E+0001
1.654  5.08840588318002E+0000  1.68031847883204E+0000  1.65484101630725E+0001
2.403  2.40300020085462E+0000  5.09699980000000E+0000  2.81598700098991E+0000
0.774  5.04603982818087E+0000  8.69896325855860E-0001  1.97307899329239E+0001
1.897  1.89700021709585E+0000  5.60299960202993E+0000  7.05602617086345E+0000
2.204  2.28359643981130E+0000  2.20400020000000E+0000  1.91682761767136E+0001
1.807  8.19299980000000E+0000  5.69299980000000E+0000  1.18848204150010E+0001
2.131  2.13100020000000E+0000  5.30072888796652E+0000  2.23777013034481E+0001
2.187  7.81299980000000E+0000  2.18700020000000E+0000  1.92321938449858E+0001
1.142  1.23057763864266E+0000  1.24756707811323E+0000  1.60620955634741E+0001
1.267  5.12234306512240E+0000  6.15514256570660E+0000  1.28656269982360E+0001
2.304  7.52545723031096E+0000  5.19599980000000E+0000  1.59106994655748E+0001
1.121  8.72697385283260E+0000  1.17106658022633E+0000  1.21086534906468E+0001
0.696  8.13877245599810E-0001  8.14574480905410E-0001  7.05789177975370E+0000
2.434  7.56599980000000E+0000  5.06599980000000E+0000  2.43400020000000E+0000
2.004  5.19875533417975E+0000  2.04241536536875E+0000  2.25047013107746E+0001
1.191  8.49480431730280E+0000  1.41865448362740E+0000  1.31406944325217E+0000
0.951  5.10191245195368E+0000  6.52082948858839E+0000  4.28828571734018E+0000
1.083  8.88821295349266E+0000  3.15146630700545E+0000  5.18063591002139E+0000
1.068  4.73785735031977E+0000  6.37183309388685E+0000  6.29881585386133E+0000
1.274  8.38902455507327E+0000  1.39494275555492E+0000  1.55654197169164E+0001
1.833  8.15727897170433E+0000  5.64680161030856E+0000  6.66149492655834E+0000
1.620  1.63601608704799E+0000  1.69878500875986E+0000  1.32782658157578E+0001
0.863  7.07351486208640E+0000  9.45495488593170E-0001  3.12070743925893E+0000
1.118  5.39600186018581E+0000  1.14019172917882E+0000  9.32869131966176E+0000
0.654  3.12667891590055E+0000  7.08246041136850E-0001  1.17069945543330E+0001
1.654  1.66172746378900E+0000  1.66581620604687E+0000  4.87702504367058E+0000
2.403  5.52208201846832E+0000  2.40300020000000E+0000  5.91644265349066E+0000
0.774  7.82807722874960E-0001  6.70824016677686E+0000  9.22632457631308E+0000
1.897  8.09708622583084E+0000  2.52490426348316E+0000  9.37397791463539E+0000
2.204  2.22621706741224E+0000  2.20583541264175E+0000  9.33561232927621E+0000
1.807  4.82827367950055E+0000  1.80700020000000E+0000  1.80700020000000E+0000
2.131  5.21231262908641E+0000  5.36899980000000E+0000  9.33170962823791E+0000
2.187  7.81299980000000E+0000  5.31299965660894E+0000  2.23217013018344E+0001
1.142  1.29589892503584E+0000  6.18605805269000E+0000  1.89774607560383E+0001
1.267  1.43116539788762E+0000  1.45710008213977E+0000  1.44108439957905E+0000
2.304  5.46686553917917E+0000  2.40587174087571E+0000  1.26634571003708E+0001
1.121  8.80008887194404E+0000  3.08654823603112E+0000  1.34367625803137E+0001
0.696  3.25485054351687E+0000  8.42273483160380E-0001  1.50187110575320E+0001
2.434  2.61505310689525E+0000  5.06599980000000E+0000  1.55337002287651E+0001
2.004  4.90063871555626E+0000  5.49599980000000E+0000  1.93135211347791E+0001
1.191  8.68186168010763E+0000  6.17115832419830E+0000  1.91162485666947E+0001
0.951  8.89706209010581E+0000  6.47398526723097E+0000  9.27492323145197E+0000
1.083  8.85150530838139E+0000  1.17329591899250E+0000  4.06711410493016E+0000
1.068  4.94832988726652E+0000  6.41945248067714E+0000  2.34274157790246E+0001
1.274  8.53109003690249E+0000  1.44113148066860E+0000  2.29614006654185E+0001
1.833  1.83300020000000E+0000  5.66699979138623E+0000  1.13822565370027E+0001
1.620  1.62000020000000E+0000  1.62000021118575E+0000  2.28887013088731E+0001
 2.45087015107746E+0001
