1.509  3.04476727250157E+0000  1.70776805882186E+0000  1.50900020103485E+0000
1.553  3.17108348481820E+0000 -1.35130937451446E+0000  1.55300020344542E+0000
1.399 -1.19936137259109E-0001 -3.59900185772499E+0000  4.01067946598319E+0000
1.489 -3.24606853340281E+0000 -1.33796805651996E+0000  1.69966881146610E+0001
1.463  2.94311255534223E+0000 -1.96174807407475E+0000  7.64868389339846E+0000
1.650  1.89594115389221E+0000  2.76186628193128E+0000  4.25642792384482E+0000
1.409  1.40490166383961E+0000  3.30477394826795E+0000  1.50852071925792E+0001
1.557 -2.81624308571757E+0000  1.98019295155609E+0000  6.65281900756395E+0000
1.430  1.02512769984165E+0000 -3.41965080822303E+0000  1.43000021396077E+0000
1.575 -2.95094111351232E+0000  1.72652045473841E+0000  1.68926625375450E+0001
1.537  1.39934846037727E+0000 -9.99993963947980E-0001  1.01594635542855E+0001
1.586  3.28733573921372E+0000  9.21313316395670E-0001  8.57920598215678E+0000
1.464 -6.35700594442450E-0001 -3.47508539060203E+0000  1.09882051668009E+0001
1.316  9.78524565290930E-0001 -3.55166778779460E+0000  6.49309177699943E+0000
1.653 -1.20313973364200E-0001  2.91023990809410E-0001  1.94587264098120E+0001
1.641 -3.35341880400180E+0000  1.93550703992960E-0001  1.64100020000000E+0000
1.383 -3.67083480256820E-0001 -1.11042797892369E+0000  1.25509924506859E+0001
1.342  1.06061443710511E+0000 -1.53959300268690E-0001  3.24682754246708E+0000
1.401  6.03926824406200E-0001  1.04166224103913E+0000  1.65489542876844E+0001
1.371 -6.54602321549250E-0001  1.24024213083998E+0000  4.82088293562703E+0000
1.482  6.22694061807430E-0001  3.46245205834105E+0000  1.48200020431841E+0000
1.547  2.54071719719744E+0000 -2.33836773082331E+0000  4.42325397588010E+0000
1.523 -2.30011838411970E+0000 -2.60748592193463E+0000  1.95887263985909E+0001
1.291 -1.41960142967817E+0000 -7.78259952938280E-0001  1.01153921980701E+0001
1.588 -1.59497671641988E+0000  3.01625428975981E+0000  1.43347115124546E+0001
1.389  6.25642736201800E-0001  3.55638729652169E+0000  1.24082596119702E+0001
1.487 -8.00251770739530E-0001 -1.46412440458763E+0000  5.91436140414124E+0000
1.566  3.33861980097078E+0000  8.03723685587600E-0001  1.95457264008885E+0001
1.329  1.06027839484759E+0000 -1.12871166019937E+0000  1.49024523334452E+0001
1.452 -3.53554573614122E+0000 -2.97016556857740E-0001  4.82176540137692E+0000
1.569  3.09343828504307E+0000 -1.48404814284656E+0000  1.28628560675184E+0001
1.664  8.12728995052060E-0001 -3.23548542649547E+0000  1.93189680219100E+0001
1.521 -1.95279018210796E+0000  2.87924469354054E+0000  1.95907264271802E+0001
1.311  6.61939615602730E-0001  1.14090296528051E+0000  1.36141286877572E+0001
1.555 -1.73780047448461E+0000 -2.97457106639425E+0000  1.49200088851146E+0001
1.285 -1.34551768841822E+0000  3.46277425595814E+0000  8.93453345739774E+0000
1.635 -3.22326690860525E+0000 -9.66319828602060E-0001  7.81911199917073E+0000
1.425 -1.24257088373178E+0000 -3.35210993482635E+0000  8.08682795039995E+0000
1.621 -3.26178826063440E+0000  8.82256701369060E-0001  1.26126553211645E+0001
1.432 -1.46479349075967E+0000 -7.39219088998766E-0005  1.49176746252847E+0001
1.589 -1.92816645378001E+0000 -2.81373303773875E+0000  1.58900020000000E+0000
1.108  2.01574018175777E+0000 -3.32933234970653E+0000  1.12504590240794E+0001
0.964  2.77848216884900E+0000 -2.91818558659200E+0000  1.49335692764217E+0001
1.094 -2.82901703090509E+0000 -2.69323170653890E+0000  9.92922616572427E+0000
1.534 -3.45892465926670E+0000  2.21347509580380E-0001  1.95777264189365E+0001
0.729 -1.74788661130935E+0000 -3.89696395191546E+0000  1.28305713506324E+0001
1.226 -2.58399853711428E+0000 -2.75064101262968E+0000  4.32581057546418E+0000
1.370 -2.88589027548913E+0000 -2.20193907545814E+0000  1.23430809847331E+0001
0.960  4.02781913254045E+0000 -3.13479936209860E-0001  6.24242653476092E+0000
1.656  2.96819572959903E+0000  1.54017769703324E+0000  1.17497518926348E+0001
0.701 -3.84678819370326E+0000 -1.90559187460207E+0000  7.09835955141160E-0001
1.324 -4.68972218466620E-0001  8.80766724518820E-0001  1.32400021403268E+0000
1.346 -2.15603709354413E+0000  2.95012177326913E+0000  1.34600033908132E+0000
1.412 -5.55996630804880E-0001  3.54465939413254E+0000  1.70990036437672E+0001
0.992  3.91751721607368E+0000 -7.03926639383450E-0001  1.05251749335675E+0001
1.504  1.34608145393760E+0000  3.22646543963301E+0000  9.62589169681076E+0000
0.776 -3.76781851686829E+0000 -1.84338858971541E+0000  2.93563905170697E+0000
1.591 -1.69541552956340E-0001  9.49851605153900E-0001  8.17711792044760E+0000
0.785  1.45818317779283E+0000  1.08145562418790E-0001  8.18042170572010E-0001
1.646  3.00106641230902E+0000 -1.49763645050212E+0000  1.71268317546172E+0001
1.616  3.25733175173151E+0000  9.17193762477010E-0001  1.49488579616721E+0001
0.824 -2.93099897955326E+0000 -2.94938687479803E+0000  6.37029063139985E+0000
1.253 -8.27261316407660E-0001  3.65453774503627E+0000  3.79305186217912E+0000
1.209  2.26023207555461E+0000  3.04352267934923E+0000  7.07810210044100E+0000
1.120 -3.79896239364921E+0000 -7.88849131037370E-0001  1.05074397661594E+0001
1.038  3.61396024227674E+0000  1.62380224200870E+0000  5.98228052117043E+0000
0.652 -9.63535385181460E-0001 -1.20073422128183E+0000  8.22801516105228E+0000
1.351  9.66852518526330E-0001 -3.51857852628766E+0000  1.62551788242688E+0001
1.307 -1.86969881661763E+0000  3.18472507319988E+0000  1.14577038813920E+0001
1.559  1.10343839563979E+0000  3.25927953541040E+0000  1.95527263195728E+0001
1.426  8.24590777612130E-0001 -3.47757452624135E+0000  1.34821277812504E+0001
0.748  1.54412431476708E+0000 -1.18552233832268E+0000  2.03628177930514E+0001
0.857  3.31315975304470E+0000 -2.45922916184966E+0000  9.94633853503616E+0000
0.854 -4.06842967330569E+0000  7.61691908856650E-0001  1.49573576522035E+0001
1.455 -3.18781698319869E+0000  1.55075653260574E+0000  9.61108654020697E+0000
1.360  3.62610356323834E+0000  3.17760040211630E-0001  3.95149243795282E+0000
1.295  2.72777549017611E+0000  2.50724238005346E+0000  1.73298255230983E+0001
1.445 -2.63873934229730E-0001  3.54519285210592E+0000  6.42930766101618E+0000
1.436  1.68254896022082E+0000  7.81318884462499E-0002  5.94718586288463E+0000
0.953  2.14356594152996E-0002 -1.31162698091341E+0000  9.53000287161230E-0001
1.124 -3.71017776483533E+0000 -1.12158605118246E+0000  1.44343546695797E+0001
1.181 -1.37622568078618E+0000 -7.89948059681620E-0001  3.39802150008496E+0000
1.319 -2.94975936509552E+0000  2.20197164426205E+0000  3.77756447610653E+0000
0.962  5.43699917007300E-0001 -1.76456620592728E+0000  7.93948651052387E+0000
1.332 -9.49350612794104E-0002  1.26753465019853E+0000  1.10849872704931E+0001
1.244  1.24325423311654E+0000 -3.54427045068141E+0000  9.03935680829441E+0000
1.122 -1.19585634166984E+0000 -3.68901206353989E+0000  1.74423494914351E+0001
1.311 -4.47462313504390E-0001 -1.40719261776562E+0000  1.70515843708639E+0001
1.193  3.28189340813975E+0000 -1.92935818179420E+0000  1.99187264267971E+0001
0.898 -1.51425154836103E+0000 -3.81098743555648E+0000  5.82509511200884E+0000
R=5 h=2.11117266271802E+0001
