1.000 -3.37799565610758E+0001 -2.10917856154349E+0001 -2.58360582298919E+0001
2.000 -4.44495102029971E+0001  1.11672083610326E+0001  1.01254229656498E+0001
3.000 -2.64990573609571E+0001 -1.54425541172474E+0001  3.53625351678979E+0001
4.000 -2.02633787522647E+0001 -3.10802590239876E+0001  2.84308542277041E+0001
5.000  3.81074131468952E+0001 -8.15151379545096E+0000 -2.43997105760696E+0001
6.000  1.93398914235034E+0001 -3.71850881281310E+0001  1.97591350641637E+0001
7.000  3.44604041129714E+0001  1.03454067315897E+0001  2.87048609313124E+0001
8.000 -4.26763703729287E+0001  1.05834513768099E+0001 -9.14107299496191E+0000
9.000  1.15741236423399E+0001  4.34342692482247E+0001 -3.04111440370605E-0001
10.000 -8.70586003810701E+0000  2.22015771708482E+0001  3.83546260664741E+0001
11.000  3.96319273656666E+0001 -9.67492478472620E+0000  1.66604491458694E+0001
12.000 -2.79033213647224E+0001  5.11196572271039E+0000  3.25496710434940E+0001
13.000 -3.55927454657206E-0001 -2.90871735988301E+0000 -6.30069586616971E+0000
14.000  1.36831036465108E+0001  2.92895210870255E+0001  2.61465517353554E+0001
15.000 -4.31551024657089E+0000 -3.92289085460394E+0001  9.43706816611259E+0000
16.000  2.79666701470410E+0000  2.85415009663936E+0001 -2.72762531082786E+0001
17.000 -9.32512924964310E+0000 -2.94236985313116E+0001 -2.29097675854919E+0001
18.000  1.35409060392194E+0001 -2.79207292824930E+0000 -3.49423559814349E+0001
19.000 -2.23031955399642E+0001  3.95309144751099E+0000 -2.87211457830681E+0001
20.000  2.38033376942486E+0001 -2.56608669542759E+0001 -6.38187476117540E+0000
21.000 -3.06607772592614E+0001 -1.50143207273668E+0001  5.48979472099671E+0000
22.000  2.94165621711590E+0001  1.58489927177603E+0001 -3.31207674064061E+0000
23.000 -1.73211020876029E+0001  2.69104647954179E+0001  6.09462823884380E+0000
24.000  6.44989015962089E+0000 -7.82586044635750E+0000  2.99054617488440E+0001
 5.55781878497709E+0001
