1.199  3.17671494581906E+0000  3.80099980000000E+0000  1.19900020862905E+0000
1.501  4.55830826008541E+0000  1.50100020000000E+0000  1.50100020000000E+0000
0.744  7.60005448537050E-0001  4.23369695796762E+0000  2.12762411555587E+0000
0.878  9.12199980000000E+0000  4.12199974054716E+0000  2.96538874047113E+0000
1.520  8.47999968219940E+0000  1.52000022135499E+0000  3.68148225954148E+0000
1.043  5.92337350012074E+0000  1.05002395001669E+0000  4.15063307646539E+0000
0.708  9.29153028859698E+0000  2.23988900805824E+0000  1.73368100988971E+0000
1.521  7.36931641109154E+0000  3.34931254237078E+0000  1.52100020000000E+0000
0.755  1.18210283816501E+0000  3.69616755235296E+0000  7.71932402805960E-0001
0.949  8.60221340305754E+0000  9.50503456777900E-0001  9.51493073873700E-0001
1.199  3.58805802847420E+0000  1.19900021679554E+0000  4.00248230455656E+0000
1.501  2.20646470599162E+0000  3.49899980000000E+0000  3.70048231830368E+0000
0.744  9.25599973299074E+0000  3.50023911075643E+0000  4.45748229012594E+0000
0.878  6.77480673936210E+0000  8.87153961933220E-0001  8.82399828456910E-0001
1.520  5.23321683992782E+0000  3.47999980000000E+0000  3.68148231835890E+0000
1.043  1.11715809374161E+0000  1.11730898213327E+0000  4.09575345461542E+0000
0.708  9.27688972146189E+0000  4.23223863318690E+0000  7.40134306596640E-0001
1.521  1.52100021343611E+0000  1.52100020000000E+0000  1.52100020000000E+0000
0.755  6.64488117085867E+0000  7.77757658661220E-0001  2.51554160863054E+0000
0.949  7.62330055247892E+0000  4.00800124295024E+0000  4.18192557169523E+0000
 5.20148251835890E+0000
