0.845  3.49645477390064E+0000  8.98567636281300E-0001  3.76434814887835E+0000
1.326  1.32600025306494E+0000  1.32600020000000E+0000  3.30488621150962E+0000
1.447  1.44700022007941E+0000  5.67559279724154E+0000  3.18388621480682E+0000
1.486  6.25922861573960E+0000  3.25869328935879E+0000  1.48600028590412E+0000
1.647  1.65269705750844E+0000  8.35299980000000E+0000  1.64700020000000E+0000
1.107  8.85147597443540E+0000  3.52855189850253E+0000  1.11863905185669E+0000
1.245  8.74265640132133E+0000  4.45698910138703E+0000  3.37000302949189E+0000
1.166  8.82721975034145E+0000  6.99485238511605E+0000  3.45293208235606E+0000
1.391  8.60899980000000E+0000  8.60899915966801E+0000  1.39100025695020E+0000
1.501  3.88316458167010E+0000  4.01640797455644E+0000  3.12988602737157E+0000
1.499  3.82954823797845E+0000  1.49900023967872E+0000  1.49900022392061E+0000
0.634  6.75631907199051E+0000  9.25309740716359E+0000  6.91131326570600E-0001
0.879  9.05670108898510E-0001  3.46459201013273E+0000  3.73076016161315E+0000
0.797  4.03346740808726E+0000  3.88209991112853E+0000  8.16517043156110E-0001
1.191  5.66644781134042E+0000  1.19100031931463E+0000  3.43988618361326E+0000
1.589  6.32498633742664E+0000  5.91020682969323E+0000  3.04188609873064E+0000
1.253  8.73229919039249E+0000  5.89649372280887E+0000  1.27371303556485E+0000
0.897  9.26068702776450E-0001  5.96333345738452E+0000  9.06420711776230E-0001
1.261  3.33260667098461E+0000  5.97687617225713E+0000  1.26185021040978E+0000
0.971  6.99277601146667E+0000  9.71000678027880E-0001  9.71000999767360E-0001
1.137  3.77344463444451E+0000  6.75661833684855E+0000  3.49388588606198E+0000
0.917  6.93857660185147E+0000  7.08851328740185E+0000  9.17000323859940E-0001
0.735  8.49927391731330E-0001  9.12355794622017E+0000  3.82543482807506E+0000
1.605  8.39499977483092E+0000  1.63958251179257E+0000  3.02588538195117E+0000
1.582  4.88102171913364E+0000  8.34121013841149E+0000  1.58200026146908E+0000
1.221  6.96044111054514E+0000  8.77899962610237E+0000  3.40988618067450E+0000
0.999  1.02757020648471E+0000  1.00912989212662E+0000  1.00882632889752E+0000
1.445  1.55496361758224E+0000  3.36728483894633E+0000  1.44500020000000E+0000
1.021  3.36256984240490E+0000  8.96428584641358E+0000  3.60731384581800E+0000
0.928  9.07088797630016E+0000  9.06689733165774E+0000  3.69922733119042E+0000
 4.63088641480682E+0000