1.509  8.47850886088452E+0000  5.99099964570636E+0000  6.20451764863397E+0000
1.553  8.44699979676432E+0000  3.75563474850927E+0000  1.19630600697461E+0001
1.399  4.19390534134186E+0000  3.96231242345042E+0000  4.10330041606016E+0000
1.489  8.51099001004172E+0000  1.48900396316828E+0000  6.15540092655349E+0000
1.463  1.46300022227939E+0000  6.03699980000000E+0000  7.68825588884704E+0000
1.650  1.65000020780193E+0000  1.65000020000000E+0000  1.18660601600499E+0001
1.409  1.41095027630124E+0000  1.42233322534479E+0000  1.41112667717561E+0000
1.557  8.44299980000000E+0000  1.56063287254697E+0000  9.74967095207930E+0000
1.430  3.43460892175691E+0000  3.43299376680433E+0000  1.43000020000000E+0000
1.575  8.42499974895849E+0000  5.92499973670834E+0000  9.70967181412002E+0000
1.537  3.91722031203777E+0000  1.57842592847574E+0000  6.24660405930650E+0000
1.586  6.21468099415611E+0000  3.79687703694668E+0000  6.31630255966135E+0000
1.464  4.71852689383727E+0000  6.03294017028372E+0000  1.47741441843363E+0000
1.316  8.68399621218317E+0000  3.71054301796318E+0000  7.85918420664442E+0000
1.653  8.34699775840749E+0000  5.82604328788134E+0000  1.65300099496663E+0000
1.641  1.64100020000000E+0000  5.85899977359775E+0000  1.18750601371766E+0001
1.383  1.77577873130571E+0000  3.65265680901450E+0000  6.16615327601557E+0000
1.342  6.22667330222265E+0000  3.78458384864534E+0000  2.23256411851817E+0000
1.401  1.40100030115579E+0000  3.44566765988932E+0000  3.39947732260191E+0000
1.371  5.32941886607501E+0000  1.37100020000000E+0000  1.37100020595840E+0000
1.482  1.48200030232811E+0000  3.76574034020152E+0000  9.56283499039344E+0000
1.547  6.24454836925730E+0000  1.54700256294149E+0000  4.13619386170340E+0000
1.523  6.31022158382105E+0000  5.97699980000000E+0000  4.08522995208923E+0000
1.291  1.29100020000000E+0000  1.29100020000000E+0000  5.00950037809458E+0000
1.588  6.16341742788877E+0000  5.91199978345874E+0000  1.19280601427066E+0001
1.389  3.40966694112763E+0000  1.38900020000000E+0000  3.37119349319551E+0000
1.487  4.03667725724201E+0000  6.01299980000000E+0000  6.12788900642104E+0000
1.566  3.87754109984013E+0000  1.56600020000000E+0000  9.54794363504700E+0000
1.329  6.26813545906428E+0000  1.32900024581526E+0000  7.86677171201931E+0000
1.452  1.45200024498729E+0000  6.04799980000000E+0000  4.68469233811600E+0000
1.569  6.17404996793478E+0000  3.74307393500365E+0000  9.47058258204077E+0000
1.664  8.33599980000000E+0000  1.66400023619723E+0000  1.66400021868187E+0000
1.521  3.96328011552786E+0000  5.97899979629019E+0000  9.73243030628962E+0000
1.311  6.15336849264551E+0000  6.18899977009013E+0000  7.94927574632813E+0000
1.555  8.44499980000000E+0000  3.75969964975014E+0000  4.10492762600440E+0000
1.285  3.80819397496084E+0000  3.87710960304618E+0000  7.87996055360830E+0000
1.635  6.06802276603448E+0000  1.63500020000000E+0000  1.18810601556088E+0001
1.425  1.42500022447483E+0000  1.42500022829065E+0000  7.83994838692772E+0000
1.621  1.62100020000000E+0000  5.87899980000000E+0000  1.62100020000000E+0000
1.432  3.95959200201070E+0000  3.85306292961335E+0000  1.20840600446361E+0001
 1.35160603600499E+0001