0.979  8.45666144711868E+0000  9.79000209657440E-0001  9.79000200000000E-0001
1.446  1.44600039543153E+0000  1.44600110262565E+0000  3.30653500642924E+0000
0.686  7.45875440465536E+0000  3.25376553016393E+0000  3.97025982535353E+0000
1.437  8.48961895937162E+0000  5.77709370973538E+0000  3.31553635847187E+0000
1.454  2.54928045782139E+0000  4.40606489159576E+0000  3.29853600238427E+0000
1.444  8.42484242822886E+0000  3.58772855552618E+0000  1.44400020000000E+0000
0.665  5.58759322135611E+0000  9.21901070678501E+0000  4.01644648269359E+0000
0.972  9.02799968203614E+0000  5.92292861559104E+0000  9.72000240562510E-0001
1.197  3.96301893833644E+0000  3.61389081758089E+0000  1.19857624967962E+0000
0.616  6.79673322957030E-0001  5.23641887103389E+0000  3.99954728694623E+0000
1.198  1.61294245385888E+0000  6.88361420929755E+0000  3.54172124901663E+0000
0.751  6.51636975487438E+0000  8.12204978203630E-0001  3.94106778823106E+0000
1.458  1.45800053527965E+0000  8.54199942779994E+0000  1.45800060542968E+0000
1.293  1.29300065634610E+0000  5.80091284322470E+0000  1.29300048808719E+0000
0.681  3.50601439738306E+0000  9.10077395380953E+0000  7.69449366968090E-0001
0.886  3.77894608449453E+0000  6.31418138129573E+0000  3.86653604146119E+0000
1.518  5.61819613187793E+0000  4.39603146279873E+0000  3.23449802525362E+0000
0.502  5.11090272211950E-0001  7.99428885212630E+0000  4.23444305722891E+0000
1.434  3.67193355324214E+0000  8.56599303606608E+0000  3.31853619566425E+0000
1.252  1.25552029907214E+0000  3.19078800515984E+0000  1.25353864159586E+0000
1.254  6.76939023375402E+0000  5.95705292843438E+0000  1.25400255252769E+0000
0.543  2.54002108724347E+0000  4.54631795689814E+0000  5.99979707178930E-0001
0.526  9.44362273190215E+0000  2.09269971758955E+0000  5.72200057209500E-0001
0.921  7.20551202964382E+0000  9.06794522876594E+0000  3.82646757370381E+0000
0.872  9.11331134890415E+0000  3.61303653803730E+0000  3.86326032255547E+0000
1.660  6.00027030295437E+0000  1.66173995475073E+0000  1.66041965200405E+0000
1.185  3.95619034871093E+0000  2.18963347883590E+0000  3.56753620491444E+0000
1.310  6.05900175015225E+0000  7.19052253044950E+0000  3.41577349667219E+0000
0.468  4.84233128604980E-0001  9.51041652090624E+0000  2.83594662448865E+0000
0.928  1.40021905561169E+0000  9.04866928076383E+0000  3.81140389658750E+0000
0.622  7.05022302523400E-0001  3.42931233888465E+0000  3.98489742227143E+0000
1.498  4.04962117602408E+0000  6.29887824275182E+0000  1.49800054185838E+0000
1.642  8.35381116555740E+0000  8.35799980000000E+0000  1.64200021512958E+0000
1.285  5.47068151221817E+0000  8.71499825477913E+0000  1.28500045611489E+0000
0.974  9.74000276496970E-0001  9.74000892017260E-0001  9.74000891613910E-0001
0.640  5.01469886306144E+0000  6.89656876741150E-0001  3.97262846865824E+0000
0.590  5.99046609091816E+0000  2.31152210726383E+0000  4.05031980166529E+0000
1.243  3.15811758573842E+0000  1.24300224833034E+0000  1.24300087530266E+0000
1.421  8.57899980000000E+0000  1.43792156800551E+0000  3.33153636537676E+0000
0.790  9.08571865760640E+0000  9.00219320994426E+0000  3.91748318087013E+0000
 4.75253656537676E+0000