2.183  4.77250774040539E+0000  5.09728984759735E+0000  5.67233679892392E+0000
1.733  1.73300021181856E+0000  8.26699976922915E+0000  6.49565243044228E+0000
0.694  6.98438685194300E-0001  6.97839179690680E-0001  6.98438685256460E-0001
2.450  2.45000022871879E+0000  7.48207858310755E+0000  2.45000020000000E+0000
1.433  6.05998252656057E+0000  3.80524728078269E+0000  1.43300026147928E+0000
1.410  5.18572097342637E+0000  8.58999980000000E+0000  4.93755843923659E+0000
0.600  6.41257171437880E-0001  3.13951341166948E+0000  4.83002915042657E+0000
0.708  9.25354848611428E+0000  9.25384433557195E+0000  4.27481436004790E+0000
1.632  4.88520868052305E+0000  1.66428965974458E+0000  8.00048263878573E+0000
0.622  6.41006677870070E-0001  9.35902254693154E+0000  8.28255633506495E+0000
2.035  2.03500028098277E+0000  7.93410663400211E+0000  1.02367492187387E+0001
1.294  8.70599821548356E+0000  5.43677937842776E+0000  4.97634477037853E+0000
1.180  5.39972337790709E+0000  1.18000033910341E+0000  1.18000025830846E+0000
0.430  4.34812209024530E-0001  9.56526903204295E+0000  9.30275897015542E+0000
1.680  1.68000148104596E+0000  5.00047407673271E+0000  7.98530344742469E+0000
1.214  8.78599979115576E+0000  4.45805403093731E+0000  1.21400027159785E+0000
1.697  8.30299973184464E+0000  1.69700021206424E+0000  1.99963145959017E+0000
1.237  1.23700042526993E+0000  4.86288865066457E+0000  1.10347490056068E+0001
1.303  1.30750536789732E+0000  4.99433928816220E+0000  5.02283631484841E+0000
1.907  1.93332426853188E+0000  1.90700030482323E+0000  1.02207487639584E+0001
1.271  8.72899973308637E+0000  4.80892341979291E+0000  1.10007491892197E+0001
1.757  1.75700033474117E+0000  1.87336234112946E+0000  6.56114771183557E+0000
1.820  8.17999976730593E+0000  8.17999976936341E+0000  6.35296032513553E+0000
0.574  7.46395189005067E+0000  4.81394194284474E+0000  6.24272634633592E+0000
2.384  2.38400022417882E+0000  2.64897931069422E+0000  2.38400021756014E+0000
1.546  8.44112134594711E+0000  5.04207907651225E+0000  8.12139136239093E+0000
0.792  8.02976298902900E-0001  8.01433020142390E-0001  4.44071010611552E+0000
2.200  4.97164049567240E+0000  4.88711649127969E+0000  1.00717490418274E+0001
1.331  5.03726900803072E+0000  1.33100038043262E+0000  1.09407491985153E+0001
2.057  7.93190763852656E+0000  7.94299980000000E+0000  1.02147492199592E+0001
1.670  4.96068998736595E+0000  8.32999947165994E+0000  7.99830402830598E+0000
1.015  7.71477516341613E+0000  4.19960831391250E+0000  3.24843327864583E+0000
1.290  4.39108455807440E+0000  1.29000022205131E+0000  5.14499052244149E+0000
1.947  8.01426278257489E+0000  1.94700020604867E+0000  9.71464137092141E+0000
0.964  5.12023973533684E+0000  5.95990119895111E+0000  9.64000220981200E-0001
2.307  7.61549005691042E+0000  7.59376803189518E+0000  2.30700020000000E+0000
0.856  5.05036046114325E+0000  9.06199467581442E+0000  9.42157486896970E-0001
1.148  5.79869837327557E+0000  2.04629383726886E+0000  3.30366235492729E+0000
0.514  5.58138097404420E-0001  6.39883687190919E+0000  1.17091357964234E+0001
2.071  7.92899976702702E+0000  2.24566466721760E+0000  5.70866365565334E+0000
 1.22717494199592E+0001