0.495  6.77309214305332E+0000  4.38190762857739E+0000  2.74230619943641E+0000
0.468  4.68000565287970E-0001  4.53199971538042E+0000  2.83585288115072E+0000
0.905  6.31302985598188E+0000  4.09499921927113E+0000  9.05000268903110E-0001
0.813  6.45176482753441E+0000  8.58807623847510E-0001  8.59862312520160E-0001
0.904  1.85998936890001E+0000  9.04000218428990E-0001  2.44603289600887E+0000
0.495  4.95000353671810E-0001  2.17928489650224E+0000  4.95000353424580E-0001
0.468  9.53199980000000E+0000  1.40400064487642E+0000  4.68000294874450E-0001
0.905  1.69575057642828E+0000  4.05763598930067E+0000  2.44503326106379E+0000
0.813  2.87022292851848E+0000  8.27658073925270E-0001  8.54678824469750E-0001
0.904  5.54823063120292E+0000  1.08081077838315E+0000  2.44603346471870E+0000
0.495  1.43024331407264E+0000  4.50499973627683E+0000  4.95000254928190E-0001
0.468  9.53199919341990E+0000  2.91534339926316E+0000  2.88203348738945E+0000
0.905  2.75449435916170E+0000  2.47636863296319E+0000  2.44503302954237E+0000
0.813  5.41658767768266E+0000  4.17781599944728E+0000  2.48858539511124E+0000
0.904  5.55459780505434E+0000  2.45231561811535E+0000  9.04000203234810E-0001
0.495  9.48562058510467E+0000  1.48415032890333E+0000  1.46973885077001E+0000
0.468  9.53199960050893E+0000  1.97934288338868E+0000  2.88203310647798E+0000
0.905  8.30775443612933E+0000  9.05000311321580E-0001  9.10023524256980E-0001
0.813  2.00393029725036E+0000  2.22235150797125E+0000  8.13000473827810E-0001
0.904  7.36259164230798E+0000  2.44743790247033E+0000  9.04000574736140E-0001
0.495  7.64079057429445E+0000  4.47655914256573E+0000  5.04028806760160E-0001
0.468  8.13195453825238E+0000  3.51626696047856E+0000  4.76281494345870E-0001
0.905  9.07616457538310E-0001  2.43487464469998E+0000  2.29807361741302E+0000
0.813  9.18699457926843E+0000  4.18698731942716E+0000  8.13004321938580E-0001
0.904  4.50408241907478E+0000  4.08118793144139E+0000  9.04000214647300E-0001
0.495  5.32211281222630E-0001  4.42773573777232E+0000  1.66423177703467E+0000
0.468  4.68000206367610E-0001  4.53199976698560E+0000  4.68000266057770E-0001
0.905  8.31411202279368E+0000  2.44217871762751E+0000  2.44371204842839E+0000
0.813  9.07413517667799E+0000  2.54955602145734E+0000  8.13000205217160E-0001
0.904  2.63305132313218E+0000  3.91918911586561E+0000  9.04000216156350E-0001
0.495  4.95000490075390E-0001  4.95000259338930E-0001  2.17928507393568E+0000
0.468  7.54408271051496E+0000  3.53780666399726E+0000  2.87526229251740E+0000
0.905  9.05000300507590E-0001  9.05000230013570E-0001  9.05000358671680E-0001
0.813  9.18699968203190E+0000  4.18699980000000E+0000  2.53703348272122E+0000
0.904  3.56027127342318E+0000  4.09599980000000E+0000  2.44603349632111E+0000
0.495  7.91161149783721E+0000  4.48833748519916E+0000  2.84970329297160E+0000
0.468  9.53199978590931E+0000  4.68000218633830E-0001  4.68000223033440E-0001
0.905  7.34866741753794E+0000  9.05001133604490E-0001  2.44503311591260E+0000
0.813  9.06290710336944E+0000  8.38339040354640E-0001  2.53703346775263E+0000
0.904  4.62905952381231E+0000  2.63772780681193E+0000  2.44603349971565E+0000
0.495  4.95000455831800E-0001  1.21850910848648E+0000  2.85503344255499E+0000
0.468  9.53199980000000E+0000  4.68000303429710E-0001  1.40400065476677E+0000
0.905  3.67068036026974E+0000  9.10122223833070E-0001  2.44415328825075E+0000
0.813  7.83716604718221E+0000  3.90633752876983E+0000  1.67502697189497E+0000
0.904  3.70183959051929E+0000  2.46091713424862E+0000  9.04000207830920E-0001
0.495  9.50499977245173E+0000  3.07169277068885E+0000  1.93219365687750E+0000
0.468  4.68000343972490E-0001  3.59713918717119E+0000  2.88203340180458E+0000
0.905  6.45949372910929E+0000  2.78582702912536E+0000  2.44143342555525E+0000
0.813  8.62489703544170E-0001  3.37925584383460E+0000  8.63628331701170E-0001
0.904  4.62101053713784E+0000  9.04000212388370E-0001  9.04000232644630E-0001
 3.35003369971565E+0000
