0.963  1.02820200129559E+0000  6.32071119583134E+0000  9.63000200000000E-0001
0.898  5.65198593056966E+0000  3.43455939001599E+0000  9.67968815562200E-0001
0.496  4.33634480320973E+0000  6.94983811531134E+0000  5.10048297105880E-0001
0.860  7.78998574324844E+0000  1.01319750881649E+0000  9.77780925634970E-0001
0.814  4.64618160713771E+0000  5.30046598837615E+0000  9.37697500644000E-0001
0.487  3.99837750178757E+0000  4.12853551772652E+0000  5.19892163433510E-0001
0.599  3.72634663096943E+0000  3.36787158948933E+0000  1.29345588884002E+0000
0.617  6.00051533322261E+0000  6.67055503560756E+0000  6.60145996944410E-0001
0.837  8.74958355020840E-0001  8.75345814426080E-0001  1.03001232411515E+0000
0.470  2.97512237277333E+0000  2.37894834026997E+0000  1.42816109167866E+0000
0.540  3.68026730690747E+0000  6.15357887867280E-0001  1.05012962023519E+0000
0.759  3.97894882567727E+0000  1.99771316144105E+0000  7.89167412599930E-0001
0.572  6.90873926917968E+0000  2.35729614161252E+0000  6.83821038512610E-0001
0.756  8.17971298213750E-0001  4.46028103897480E+0000  8.85561005671810E-0001
0.936  6.62102857860317E+0000  5.11900809437731E+0000  9.60118122480610E-0001
0.933  9.01332302869469E+0000  2.59332189182560E+0000  9.62694436751790E-0001
0.720  7.90172818475081E+0000  3.94508695728888E+0000  8.50526795850680E-0001
0.743  9.11654678684336E+0000  5.17586015112015E+0000  9.17214848461610E-0001
0.574  9.33750396133379E+0000  7.49051125532990E-0001  8.91279083177270E-0001
0.530  6.36916161983477E+0000  6.42369874680590E-0001  5.94205820647790E-0001
0.419  4.48942778975862E+0000  5.10723207789840E-0001  4.58655832026670E-0001
0.910  1.81868424207634E+0000  3.01502439072161E+0000  9.43589535114230E-0001
0.764  2.46756617317621E+0000  1.14969357251168E+0000  8.21816721102130E-0001
0.567  5.89269148350900E-0001  2.22621599478510E+0000  6.12671218296500E-0001
0.881  2.63218881294393E+0000  4.66634480986393E+0000  9.57561078388670E-0001
0.725  7.50744881742127E+0000  6.68113357945154E+0000  9.01198629828790E-0001
0.942  3.01469842394983E+0000  6.48454401338560E+0000  9.65020436294240E-0001
0.569  4.98947515688535E+0000  6.72578415867097E+0000  1.34460645910092E+0000
0.621  5.32934629263247E+0000  6.57678832803580E-0001  1.26921050745658E+0000
0.641  5.41491443569399E+0000  1.84572188498504E+0000  6.97129089589620E-0001
 1.92600040000000E+0000
