0.496  2.96419672197851E+0000  5.22078624560180E-0001  5.10732195161900E-0001
0.797  7.97000236397920E-0001  8.03460471980230E-0001  7.97000232408110E-0001
0.896  7.63703206507390E+0000  3.04661430754302E+0000  1.53014168928467E+0000
0.943  9.05699980000000E+0000  4.05699980000000E+0000  9.43000240939590E-0001
0.847  8.47000205750500E-0001  2.24862229175118E+0000  1.57914177168445E+0000
0.657  7.49577810336937E+0000  4.33239505674405E+0000  6.61051253793960E-0001
0.627  1.79316854970415E+0000  6.27000209411390E-0001  1.79914178404334E+0000
0.554  1.59201116165702E+0000  2.91812128768841E+0000  5.69205176711070E-0001
0.716  2.29089717381420E+0000  2.99171905206468E+0000  1.69980138781425E+0000
0.785  5.39560430339681E+0000  1.86051037555618E+0000  7.85000261309820E-0001
0.645  6.90396178758170E+0000  2.00867690634810E+0000  6.45273950714470E-0001
0.460  4.66706659808750E-0001  4.66699628747270E-0001  1.96414465147274E+0000
0.644  6.34398786988357E+0000  2.24762229719791E+0000  1.78191081195650E+0000
0.551  4.89738209244979E+0000  1.25369862709029E+0000  1.87514172019309E+0000
0.464  4.98844652621790E-0001  3.01278461418790E+0000  4.97877868035450E-0001
0.497  5.56006981093983E+0000  5.26283398576920E-0001  5.11779764604670E-0001
0.956  3.88803268772921E+0000  4.04399980000000E+0000  9.56000299525410E-0001
0.777  6.11609773919867E+0000  7.77000261488580E-0001  1.64914177304743E+0000
0.759  4.31396795653128E+0000  7.59000249188620E-0001  7.59000347525120E-0001
0.625  8.34064491076774E+0000  6.25000209601450E-0001  6.25000200000000E-0001
0.496  9.48118020205902E+0000  3.08367221899357E+0000  1.92520725597242E+0000
0.797  5.26426352353125E+0000  3.19201338592281E+0000  1.62914172335522E+0000
0.896  9.09448265540504E+0000  2.21898208200742E+0000  8.96000483709580E-0001
0.943  3.82806271691934E+0000  2.22061609596089E+0000  1.48314176865700E+0000
0.847  2.25394268972081E+0000  1.65354334334734E+0000  8.47000200000000E-0001
0.657  6.34966708163693E+0000  3.18921084967946E+0000  6.58281411579880E-0001
0.627  7.06685730902953E+0000  6.27000211917940E-0001  6.27000200868680E-0001
0.554  7.91603454625171E+0000  4.43599150991635E+0000  1.86179475363234E+0000
0.716  3.15891263470750E+0000  7.16000370417950E-0001  1.71014159856319E+0000
0.785  7.70872989934686E+0000  1.37081575997482E+0000  1.64114179103919E+0000
0.645  5.43955000344149E+0000  4.33795611437118E+0000  6.50835117398870E-0001
0.460  4.27779837862937E+0000  4.60000286195220E-0001  1.96614141246476E+0000
0.644  2.55381016988390E+0000  4.35599919842941E+0000  1.78214167706665E+0000
0.551  2.86241773546712E+0000  2.87687857222114E+0000  5.51000525864850E-0001
0.464  9.47581080308641E+0000  5.12735791216770E-0001  4.77915331629790E-0001
0.497  5.00420613009337E+0000  4.47428796443245E+0000  1.88490141071006E+0000
0.956  9.56000842046890E-0001  4.04399980000000E+0000  1.45444618274228E+0000
0.777  6.45344152474988E+0000  4.22299979708100E+0000  1.64914163399322E+0000
0.759  9.24099978336704E+0000  7.61964356694910E-0001  1.66714177813964E+0000
0.625  2.29465922667660E+0000  3.90408443796580E+0000  6.25000300616450E-0001
 2.42614199103919E+0000