1.158 -2.09916425194269E+0000 -5.80138363953870E-0001  5.39370733241710E+0000
1.554  8.31674371118000E-0001  5.21613970804040E+0000  2.69584126289279E+0000
1.630  1.02677576802490E+0000 -5.10376671424701E+0000  4.29659474755896E+0000
1.679 -2.38582587944500E+0000  4.57195237119070E+0000  8.32099980000000E+0000
1.648 -8.11029720454890E-0001  5.12424049685100E+0000  5.44281863413208E+0000
1.674  3.63178498474520E+0000 -3.66833030939149E+0000  5.73529855251161E+0000
0.663  6.12687845166230E+0000  1.16178305032500E-0001  4.68288927027295E+0000
1.963  3.66059386990130E+0000  3.21658661794010E+0000  2.08896882082747E+0000
2.015 -2.03824292961592E-0002 -2.20724360629158E+0000  2.03273731921936E+0000
1.018 -5.32576846217220E+0000  2.33629828213030E+0000  1.02151383963908E+0000
0.471 -9.18266738854250E-0001  6.16592737458600E+0000  7.53756932314870E+0000
2.022  7.29968628334300E-0001 -4.75835994208852E+0000  7.97799979047615E+0000
2.418  4.25763886623900E+0000 -1.16539319591290E+0000  2.54710583612869E+0000
0.617  2.42806859039280E+0000 -5.67512414511949E+0000  6.07594183492694E+0000
1.480  4.26594615878920E+0000  3.23862846373910E+0000  8.51999964571973E+0000
2.300  5.81934231211900E-0001  1.36203836351940E+0000  4.38149653927276E+0000
0.565 -2.33504958194317E+0000 -2.32299141960285E+0000  6.35418219673000E-0001
0.852 -1.23514730138287E+0000 -5.81998328461434E+0000  3.24998084158011E+0000
1.121  2.15275500698040E+0000  2.75368823281190E+0000  7.08317691049713E+0000
2.379 -4.30620065125201E+0000  1.06630997103240E+0000  7.62099980000000E+0000
0.808 -4.60591718770286E+0000 -3.87547067674960E+0000  3.20812588249557E+0000
0.542  5.59642414232000E+0000 -2.70571749177251E+0000  4.85279462975556E+0000
1.278  3.85803766839560E+0000 -3.99812802898461E+0000  8.70994311540550E+0000
0.606  3.52730753998370E+0000  1.18359132952770E+0000  9.33487419329424E+0000
2.202 -2.46526201272745E+0000 -3.92385991241998E+0000  5.34431591499187E+0000
0.967  2.12956618132060E+0000  2.00709554675650E+0000  9.03299949331126E+0000
0.900 -7.31687969776839E-0001  5.87424848497890E+0000  9.08709898727300E-0001
0.850  4.13289175444510E+0000 -4.33032440515028E+0000  3.35176459724017E+0000
0.475 -1.41060342457745E+0000 -7.61121216754640E-0001  3.72984470943667E+0000
0.997 -1.75442763118396E+0000  2.78039148219420E+0000  6.22537860562589E+0000
1.325 -1.71319466157030E-0001 -5.49777974260416E+0000  1.33943074441221E+0000
1.216  5.46794119319999E-0001  2.89195896894380E+0000  1.21600020330160E+0000
2.134  2.18092309218840E+0000 -8.65478378788440E-0001  7.86599980000000E+0000
0.455 -1.84741418415927E+0000 -5.98791728120944E+0000  5.59224719991030E-0001
2.479 -4.29459856919880E+0000 -6.73736848858789E-0001  2.47900024528843E+0000
1.281 -3.65752189910141E+0000  4.14624999789390E+0000  5.64218082916746E+0000
1.712  9.73848161696900E-0001  5.03063197545630E+0000  8.28799966514726E+0000
0.642  5.33271115370160E+0000 -3.04669680826973E+0000  7.26487993799951E+0000
0.745 -4.97137139288240E-0001 -6.06496314174265E+0000  5.85922738442523E+0000
1.227 -5.05861645037653E+0000  2.42313206634090E+0000  4.36582804477537E+0000
1.243 -5.24273156044398E+0000 -1.94825626892251E+0000  5.84499663669806E+0000
0.799 -5.99103993406149E+0000  6.80871141599800E-0001  4.94496818945022E+0000
0.749 -3.58565566144540E-0001 -8.83415174859460E-0001  6.32790392348935E+0000
1.161  5.29667678581320E+0000 -2.03044410997576E+0000  8.83099840684688E+0000
1.000 -2.71766766463731E+0000  1.56127352195480E+0000  4.66627301017904E+0000
1.812  4.62917703281520E+0000  1.95231712660660E+0000  5.51155554224980E+0000
0.960  5.69500825759000E+0000  1.44725912715730E+0000  9.60000253011820E-0001
1.149  1.41694529760210E+0000  4.86279289621599E-0001  1.15024055017416E+0000
2.247 -2.64605983844197E+0000  3.74933653904950E+0000  2.24700020977747E+0000
1.665 -4.04910946262561E-0001  1.87786122944510E+0000  8.33499808010849E+0000
1.553  2.56572613268610E+0000 -4.61816087049362E+0000  1.55300022426684E+0000
1.431  5.37712320910620E+0000  5.48496620610800E-0001  8.56899910577611E+0000
1.557  2.57828209757520E+0000  4.60657852646840E+0000  5.19706599317692E+0000
1.409  5.31156974662060E+0000 -1.11347864569244E+0000  6.22575608477048E+0000
1.256 -1.02117991062564E+0000  8.08469904377899E-0001  1.25600025846012E+0000
1.561 -4.47843102931546E+0000 -2.78665679384343E+0000  8.43456198882339E+0000
1.641 -1.47045679431523E+0000 -1.69049593052885E+0000  8.35633609487187E+0000
1.283 -2.52752220750407E+0000 -4.91504131803521E+0000  8.70236821369561E+0000
1.267  6.45918446546499E-0001 -2.39068255517499E+0000  5.24171145815124E+0000
1.596 -2.86622138524894E+0000 -4.38664387714459E+0000  1.59600024601821E+0000
h=10.0 R= 6.83602593011607E+0000
