0.866  9.13121680710606E+0000  2.74634321818973E+0000  8.67131469562150E-0001
0.903  9.03358987715450E-0001  1.02337293512324E+0000  9.60467804531790E-0001
0.858  2.65397701662648E+0000  8.58088467406400E-0001  8.58562697780340E-0001
0.706  6.98001458914298E+0000  2.96856676553415E+0000  1.16196129978018E+0000
0.811  6.14930457199034E+0000  4.18869410827865E+0000  8.11418342120010E-0001
0.773  5.94837289069293E+0000  7.73112240154020E-0001  1.09479131743738E+0000
0.628  7.91129595611121E+0000  1.96507896042384E+0000  1.23822687976506E+0000
0.853  4.35812477220277E+0000  1.01271966924782E+0000  8.53902481590900E-0001
0.711  7.11027365674970E-0001  2.61010010525587E+0000  7.11090964647820E-0001
0.934  9.06589384563484E+0000  9.48415393339750E-0001  9.34000200000000E-0001
0.866  3.73292811473823E+0000  2.61456488331765E+0000  8.66141052892750E-0001
0.903  5.48651418940875E+0000  2.40314623300276E+0000  9.64756352930860E-0001
0.858  8.75954287326520E-0001  4.14183554161373E+0000  1.00917501398779E+0000
0.706  7.45994833518427E+0000  7.06029127927930E-0001  1.16194678107026E+0000
0.811  7.81005619758786E+0000  4.18892876990402E+0000  8.11076046975660E-0001
0.773  2.12650286948413E+0000  2.38332660083946E+0000  1.09493787685250E+0000
0.628  6.83213014569185E+0000  1.75502723637960E+0000  6.28026501464790E-0001
0.853  4.49801818645800E+0000  4.14688443890847E+0000  1.01428232519555E+0000
0.711  9.28895090625348E+0000  4.28877913691025E+0000  1.15681121832660E+0000
0.934  2.66609793997214E+0000  4.06382996049094E+0000  9.34000200000000E-0001
 1.86800040000000E+0000
