1.000 -3.39571654784231E+0001  2.73218572814898E+0002  2.43945154299016E+0001
2.000  5.11181433041124E+0001  2.14618158910395E+0002 -1.66231519446961E+0002
3.000 -1.01430251183146E+0002 -4.98390485659991E+0001  2.49389926613456E+0002
4.000  1.34757752016439E+0002 -5.75588666621442E+0001 -2.27707543450577E+0002
5.000 -1.53249131736719E+0002  1.95168423496763E+0002  1.16789096577983E+0002
6.000  8.88963982254229E+0001  5.08814910895514E+0001  2.54407455447757E+0002
7.000  5.15070652036985E+0001  8.89667489882065E+0001 -2.52462660506007E+0002
8.000 -4.59225736298708E+0001 -6.01274375069070E+0001 -2.58606357432620E+0002
9.000 -1.14788575371968E+0002  1.41098350711894E+0002 -2.06190683775115E+0002
10.000  2.63118439439214E+0002 -4.30734630489380E+0001  5.80809592243598E+0001
11.000 -2.33886651668700E+0002  7.64666951243788E+0001 -1.04751569596406E+0002
12.000 -1.75811532926323E+0002 -8.53662665431146E+0001 -1.95736839991306E+0002
13.000 -1.01244144844950E+0002  2.56628498419730E+0002  3.16632267661815E+0001
14.000 -1.00224487048764E+0002  9.14328653778199E+0001  1.17612361020187E+0002
15.000 -7.39676742046537E+0001 -2.05552273579248E+0002 -1.52023035667986E+0002
16.000 -1.88812220996090E+0002 -1.41122536311510E+0002 -1.31779251148817E+0002
17.000 -1.53075695345538E+0002 -2.17262454512028E+0002  5.93241258963013E+0001
18.000  2.28205696876193E+0002  1.45398518963707E+0002  3.32395009930401E+0001
19.000  1.57454817593907E+0001 -2.43763384275012E+0002  1.19160250845759E+0002
20.000  9.72222626106347E+0001 -1.57111176378786E+0002 -1.99694527402244E+0002
21.000  1.67890195250317E+0002 -2.07817677879452E+0002  5.02501976503268E+0001
22.000  6.55886090541497E+0001 -6.05283602843934E+0001  1.39546091073666E+0002
23.000 -2.33456483112486E+0002 -6.11897626855763E+0001  1.32123118155480E+0002
24.000  2.10397820454164E+0002 -2.73497631045338E+0001 -1.77187393827230E+0002
25.000 -2.23386078504626E+0002 -1.33097628656066E+0002 -8.52291832622178E+0001
26.000  1.20344028975623E+0002  7.76978439502814E+0001  1.94731438471877E+0000
27.000 -9.35702523948945E+0001  3.07361743833540E+0001  2.54059770535826E+0002
28.000 -7.63770231367140E+0001  5.13067025651209E+0001 -8.55111709418681E+0001
29.000  2.24596728370836E+0002 -1.94550010422203E+0001  1.49771463154078E+0002
30.000  6.20747491730785E+0001  2.14238139295458E+0002  1.50555666248452E+0002
31.000  1.14748724705758E+0002 -2.09817745847269E+0002  1.19993949072822E+0002
32.000  4.78793955782410E+0001  9.41407949412664E+0000 -2.63864670616829E+0002
33.000 -5.77481772462265E+0001 -2.60332812952395E+0002  2.21503931634220E+0001
34.000 -1.48804612941669E+0002 -3.32976922210295E+0001 -2.17705172894133E+0002
35.000 -1.75277625826887E+0002  5.97035686830495E+0001 -1.89490436084476E+0002
36.000 -2.42218812140246E+0001 -2.52011627749492E+0002 -7.70221006907866E+0001
37.000  2.59095713900310E+0002  3.34879798899837E+0001 -3.47015231368748E+0001
38.000  6.04308591364412E+0001 -7.81267791879982E+0001  3.55833010713494E+0001
39.000  1.18597651459517E+0002 -2.10966369690630E+0002 -9.89254558278853E+0001
40.000  1.18306870324622E+0002 -9.59376883015109E+0001 -1.58988537275897E+0001
41.000 -1.38784195499410E+0002 -5.98427971256457E+0001  1.28213839578936E+0001
42.000  1.74205257728985E+0002  1.10570206436612E+0002  1.56434662333541E+0002
43.000 -4.32300584122819E+0001  5.53071379590401E+0001  1.26499814929238E+0002
44.000  2.83168459264887E+0001  2.33319920462387E+0002 -1.03222688891558E+0002
45.000  1.08887969693502E+0002 -8.56111041510046E+0001  2.15280057095031E+0002
46.000 -1.44783048922378E+0002  1.37877165261371E+0002  1.58266002749338E+0002
47.000 -2.28516597602462E+0002 -1.10708176090821E+0002 -5.93759857910129E+0000
48.000  4.05247586142158E+0001  1.44576180233190E+0002 -2.03616995193127E+0002
49.000  1.18885452095799E+0002  2.14692919122055E+0002 -5.72068751144842E+0001
50.000  1.15155744778024E+0002  1.69334466799973E+0002 -1.45125593404336E+0002
51.000  2.23889296387113E+0002  5.80245700467373E+0000 -1.11064741511665E+0002
52.000  1.85006690727811E+0002 -1.65439566064465E+0002 -1.92956999158942E+0001
53.000  3.63780466057753E+0001  2.45244292925443E+0002 -5.60122919146792E+0000
54.000 -2.30270955032592E+0002  8.78606087968711E+0001 -1.61343707682748E+0001
55.000 -2.07205976658629E+0002  9.73774231626967E+0001  8.99714187780936E+0001
56.000 -4.31044460826101E+0001  1.83955805181451E+0002 -1.55957757749023E+0002
57.000 -6.20489891174842E+0001  1.06121080683384E+0002  2.10760076434426E+0002
58.000  1.29636208580166E+0002 -6.46232729568510E-0001 -3.57781501713688E+0001
59.000 -8.97653947130840E+0001 -1.20237316773289E+0002  1.89777749149639E+0002
60.000 -1.63554772321193E+0002  1.76040530262837E+0002  1.83356093302392E+0001
61.000  2.30960615518375E+0002 -6.14641656149821E+0001 -2.17943694673339E+0001
62.000 -7.26429774625689E+0001 -2.04931271233631E+0002  9.92109689359600E+0001
63.000 -6.98340356690400E+0001  2.22724411857904E+0002 -4.64405458988625E+0001
64.000  1.43482843959774E+0002  1.41132556892728E+0001  1.88090905292273E+0002
65.000 -2.30755304842610E+0002 -1.24845316770837E+0001  4.78313974752683E+0001
66.000  4.39654675129646E+0001 -7.83181342164842E+0001 -2.17149816780129E+0002
67.000  2.28503686334926E+0001 -1.85314494450382E+0002 -1.41025361118488E+0002
68.000 -1.73707004937707E+0002 -1.23306116213567E+0002  9.43729289121862E+0001
69.000  6.14961940838705E+0001  1.18827855291340E+0002  1.89520312642662E+0002
70.000 -8.44348759647858E+0001 -1.11612151884412E+0002 -1.83766937474441E+0002
71.000  3.26469163743565E+0001 -1.57022675524255E+0002  1.64845031547577E+0002
72.000 -4.35390017497211E+0001 -7.53165577171094E+0001  7.55767953476183E+0001
73.000  1.87384996075337E+0002  1.13874374282390E+0002 -6.24447932464096E+0001
74.000 -1.51313176694258E+0002  1.30884129818304E+0002 -1.07231281791810E+0002
75.000  2.11265383965649E+0002  4.50652698187550E+0001  6.63924521446656E+0001
76.000  6.14042495279409E+0001  2.90429569582365E+0001  7.56622174223796E+0001
77.000  1.52622883220305E+0002 -1.03027697541765E+0002 -1.27528356287628E+0002
78.000 -1.01149100458506E+0002  5.28817605001393E+0001  2.01055347671559E+0001
79.000 -1.48492865405752E+0002  3.13438396785614E+0000  1.64984895282390E+0002
80.000  1.22587061375223E+0002  1.72178160205812E+0002  6.45297037046211E+0001
81.000  1.18065580075004E+0002  4.32396967287490E+0001 -1.80518292915279E+0002
82.000  2.07909403779354E+0000 -1.69699440842236E+0001  2.18322523119402E+0002
83.000  3.94352114333742E+0000 -5.43027714986064E+0001 -7.04671459190671E+0001
84.000  1.63133462507470E+0002 -1.02811404802786E+0002  9.95105552472856E+0001
85.000  2.89810920998102E+0001  1.11975506710965E+0002 -5.84717929000219E+0001
86.000 -4.02214307352577E+0001  1.88374759230237E+0002  9.54897090352597E+0001
87.000 -1.86822488156173E+0002 -2.60296454099523E+0001 -1.01054101411582E+0002
88.000 -1.15010689441074E+0002 -1.74283478331000E+0002 -4.19874392321947E+0001
89.000 -5.12807150596448E+0001  4.29161601488352E+0001 -2.01168198987205E+0002
90.000  5.19210297065101E+0001 -2.04144096749077E+0002  1.21064256958013E+0001
 3.00990928597351E+0002