100 1 
0 0 0 100
12,17816115443351 8,11212017508201 16,97836915443351 100
9,53199966054548 -1,0590198185423 37,53997966054548 99
-31,484896736702 -28,9970219936552 -11,489806736702 98
-11,1602933134617 -17,6279362914271 11,3602133134611 97
10,1879194037481 17,4885631520711 11,1879104037481 96
-7,3229133291464 29,32962753767728 -7,3222133211464 95
3,7935794812648 -22,4798393398291 29,7935794892648 94
3,0688215051848 -1,0911796565376 -31,9688215051848 93
-27,5804203658169 12,3945910284984 7,5804273658169 92
-8,1256869375727 15,6392236221748 -28,6256899375727 91
-3,3176698413068 -2,11229256095629 13,3976698413068 90
-1,514879641468 -38,5404675049832 -11,5148796414685 89
2,6084284477268 -29,2156890069287 9,6089284477268 88
-31,3800886934055 39,76540449526833 -21,3809886934055 87
-19,67683850914 3,05142634510373 -2,67683850914 86
32,7168882892284 -14,831298632768 2,7168882892284 85
-11,534879641468 38,5944675047832 -11,5148796414685 84
30,6084284477268 -29,2956890069287 29,6084284477268 83
-1,3809826934055 9,76540447526833 -21,3900886934055 82
-13,97683350914 0,95142634510373 -19,67683850914 81
2,17836615443951 -8,71282097508201 2,17819915443351 80
6,53197566054548 -9,9505198185423 11,53597966054548 79
31,484562736702 -28,1200219936552 12,484851736702 78
-16,3603123734617 13,6270562914271 31,3602133734617 77
-3,8875193337481 -2,1985631550711 -12,8049194035481 76
7,3521933261464 19,32990703767728 -7,3229533211464 75
-3,7998799812648 -2,4298393398291 23,7225794812648 74
28,9688288051848 22,0911396565376 -21,0223215051848 73
23,5854288658169 -7,3965916288984 37,1488273658169 72
-5,1256839375027 -3,9362239221748 -8,1906899375527 71
2,17836915443351 -8,71212097508201 2,17836915443351 70
7,53197966054548 -21,0500198185423 7,53197966054548 69
21,484806736702 -28,9270219936552 21,484806736702 68
11,3602133734617 17,6270362914271 11,3602133734617 67
1,8879194037481 27,4885631520711 1,8879194037481 66
-27,3221133211464 9,32960753767728 -27,3221133211464 65
-23,7935794812648 -22,4798393398291 -23,7935794812648 64
31,9688215051848 -12,0911796565376 31,9688215051848 63
27,5804273658169 12,3945916284984 27,5804273658169 62
-28,1256899375727 -15,0392239221748 -28,1256899375727 61
33,3176698413068 -2,11229256995629 33,3176698413068 60
-11,514879641468 -38,5444675047832 -11,5148796414685 59
29,6084284477268 29,2156890069287 29,6084284477268 58
-21,3800886934055 9,76540447526833 -21,3800886934055 57
-19,67683850914 0,95142634510373 -19,67683850914 56
32,7168882892284 -14,831298632768 32,7168882892284 55
-11,514879641468 -38,5444675047832 -11,5148796414685 54
29,6084284477268 29,2156890069287 29,6084284477268 53
-21,3800826934055 9,76540447526833 -21,3800886934055 52
-19,67683350914 0,95142634510373 -19,67683850914 51
2,17836615443951 8,71282097508201 2,17819915443351 50
3,53197566054548 -1,0505198185423 1,53197966054548 49
11,484566736702 28,1270219936552 2,484856736702 48
16,3603133734617 13,6270562914271 -11,3602133734617 47
-13,8875194037481 20,1885631550711 12,8849194035481 46
37,3521133211464 19,32920753767728 -7,3221533211464 45
-33,7938794812648 -2,4798393398291 23,7935794812648 44
38,9688235051848 22,0911796565376 -11,0283215051848 43
23,5804273658169 27,3945916284984 -27,9854273658169 42
-25,1256899375727 -13,9392239221748 -8,1956899375727 41
-33,3176698413068 -2,91229256995629 -13,9176898413068 40
-19,594879641468 -3,5444675047832 -17,9148796414685 39
-29,9084284477268 29,2136890069287 -29,6084284477268 38
21,3800886934055 -9,56540447526833 -21,3800886934055 37
-17,67683850914 -0,95142634510373 -19,67683850914 36
-32,7168882892284 14,891298632768 32,7168982892284 35
6,914879641468 -31,5444675047832 -14,5144796414685 34
22,9084284477268 -29,2156890069287 9,6086284477268 33
-26,3890826934055 -19,76540447526833 -21,3890886934055 32
-14,67663350914 10,95142634510373 -19,67583850914 31
-32,7168882892284 14,931298632768 -9,97683850914 30
14,7169852892684 -0,831298832768 -25,7168882872284 29
-17,7168952892684 0,891298832768 21,7118982872284 28
22,6084284474268 33,2156890569287 35,6084274477268 27
-19,6082284474268 -1,2156890529287 9,6984274437268 26
2,7168882892284 -14,131298635768 -4,17683850914 25
-11,7968802892684 0,831298832768 25,7168882872284 24
11,1168952892684 -6,831298832768 -5,7168882872284 23
-29,6084284474268 23,2156890569287 15,6084274477268 22
19,6082284474268 1,2156890559287 7,6084274437268 21
-13,3176691413168 -22,91229256995629 13,9176898413068 20
-19,594879641468 3,5444675047832 0,9148796414685 19
29,9084284477268 29,2546890069287 -29,6084284477268 18
21,3800886934055 -9,56540447526833 -21,3800886934055 17
-17,67683850914 -0,95142634510373 -19,67683850914 16
7,7168872897284 17,897298632767 2,7168982892284 15
-7,914879741768 3,5444675047832 -4,5144796714685 14
25,9084584575268 -9,2156890060287 -9,6081284477268 13
-22,3890726934755 -7,76547447526833 -11,3890886934055 12
-14,67663350914 11,15142634510373 -9,67583850914 11
32,7168882892284 34,131298632768 -9,97683850914 10
4,7169852892684 -20,831298832768 -2,7168882872284 9
17,3165952892684 11,811298831768 -21,7118982872284 8
35,6084284474268 33,2156890569287 -35,6084274477268 7
-19,6982284474268 -1,2156990529287 9,6984279437268 6
22,7168882892284 14,131298635768 -34,17683850914 5
-1,7968802892684 10,831298832768 5,7168882872284 4
-11,1968952892684 -16,831298832768 -35,7168882872284 3
29,6084284474268 -23,2156890569287 -15,6084274477268 2
27,6982284974268 -1,2156890559287 7,6084274437268 1
