2.361  2.52606953723163E+0000  2.36100020345211E+0000  9.87130975305200E+0000
2.392  2.63851303857342E+0000  2.39200020000000E+0000  2.39200036786863E+0000
2.275  7.70271206112647E+0000  2.27500020000000E+0000  1.69837323379526E+0001
2.251  2.25100023678856E+0000  2.25100025053527E+0000  1.68721164860233E+0001
2.498  7.49712378770464E+0000  5.00199980000000E+0000  2.08956038982317E+0001
2.311  2.31100049310371E+0000  5.18899980000000E+0000  6.15866224287050E+0000
2.264  2.26400020000000E+0000  5.23599980000000E+0000  1.34846635568895E+0001
2.453  2.45300024344824E+0000  5.04699979968862E+0000  2.09406037462999E+0001
2.167  7.82033321632082E+0000  5.31721317943666E+0000  1.35356417942650E+0001
2.306  7.69399976551210E+0000  5.19399980000000E+0000  6.25961805604426E+0000
1.517  8.48299980000000E+0000  5.98299980000000E+0000  1.71291844260347E+0001
1.432  8.49881561242244E+0000  1.47918756193654E+0000  6.17453781782900E+0000
1.498  1.49800023173962E+0000  6.00199980000000E+0000  1.49800024462214E+0000
1.866  5.11926729196054E+0000  5.63399975238034E+0000  1.05273079118870E+0001
1.773  4.89875179418251E+0000  1.77300020000000E+0000  1.98643576469425E+0001
1.925  5.00625639146460E+0000  1.92621652386949E+0000  6.38068433917559E+0000
1.987  4.93735585386609E+0000  5.51080865556747E+0000  1.72342680072995E+0001
2.043  5.15442715127722E+0000  2.04300020000000E+0000  1.35055794542464E+0001
2.427  7.45725927308908E+0000  2.42700020000000E+0000  2.42700020000000E+0000
2.339  7.66099980000000E+0000  2.33900020000000E+0000  9.92348443782356E+0000
 2.33936040982317E+0001