0.654  4.90884362561554E+0000  5.25037399521880E+0000  1.73766941918209E+0000
0.859  7.59245712118439E+0000  3.48333322731670E+0000  8.59000237067420E-0001
0.635  4.80134242507678E+0000  9.36499980000000E+0000  1.87774804944198E+0000
0.896  8.96000766745660E-0001  8.96000241116040E-0001  8.96000257385960E-0001
0.683  3.29949542539350E+0000  3.69550456368559E+0000  6.83000408316570E-0001
0.669  8.29280344000342E+0000  4.13421249209350E+0000  2.05091322078213E+0000
0.993  5.84869652125571E+0000  5.85656203608123E+0000  2.94672819992565E+0000
0.842  3.78261821353018E+0000  9.09862075366843E+0000  8.42000251964790E-0001
0.874  6.09161754059368E+0000  5.78552697155246E+0000  8.74000302822840E-0001
0.903  9.09699926494143E+0000  9.03000287821660E-0001  2.99593510224645E+0000
0.779  1.02067944471710E+0000  3.74798566483027E+0000  3.16072813634572E+0000
0.752  9.21175600985911E+0000  2.50131608877969E+0000  7.52000425402540E-0001
0.912  6.13691892231489E+0000  9.12000418888910E-0001  9.75163918440410E-0001
0.722  4.70541326707687E+0000  7.22004347569780E-0001  3.21772814946439E+0000
0.835  8.50476154222390E-0001  7.21979518305069E+0000  8.35000213378960E-0001
0.901  7.59860190930694E+0000  5.13780963840454E+0000  3.03872818975456E+0000
0.695  7.32066265544390E+0000  1.96210042673575E+0000  6.95000495446450E-0001
0.798  9.20199976971407E+0000  7.37166835069756E+0000  3.14172821365457E+0000
0.832  8.32000269789940E-0001  2.33383028753619E+0000  1.85231308382506E+0000
0.904  3.96249687275459E+0000  2.33546865665740E+0000  3.03571302131822E+0000
0.687  4.04498953516518E+0000  6.87000410068940E-0001  1.97358279303010E+0000
0.699  7.69769248605105E+0000  1.69791057826313E+0000  3.23968382300508E+0000
0.705  9.29499975153402E+0000  5.74960201995246E+0000  7.05000417349130E-0001
0.879  2.75305474171381E+0000  4.47193393473433E+0000  3.06072820834545E+0000
0.737  8.88306789367426E+0000  2.51578408950027E+0000  3.20272821041230E+0000
0.654  6.54000258428120E-0001  6.40198001527307E+0000  2.06369783844637E+0000
0.859  9.08187722598505E+0000  9.14099978551878E+0000  8.59000307018610E-0001
0.635  6.35000362532290E-0001  2.39524260363117E+0000  3.30472824780739E+0000
0.896  2.43692648168954E+0000  7.88657585888955E+0000  1.02192721594878E+0000
0.683  9.31699974062273E+0000  3.16800247919412E+0000  2.01836524670409E+0000
0.669  6.69000266956690E-0001  4.45346371377679E+0000  1.94609726541760E+0000
0.993  3.86609715667890E+0000  5.97274225393607E+0000  2.94628411127702E+0000
0.842  7.33852716100910E+0000  9.15460294296644E+0000  3.09772822464443E+0000
0.874  2.95289428673558E+0000  8.74000255021990E-0001  8.74000280870600E-0001
0.903  1.17209544070946E+0000  9.09699967991309E+0000  3.03672822423422E+0000
0.779  9.22099980000000E+0000  4.07532727039841E+0000  3.16072821363538E+0000
0.752  8.27627973495247E+0000  2.18016604912967E+0000  1.88503848828271E+0000
0.912  7.78777338496542E+0000  5.23857246707555E+0000  9.91021962109580E-0001
0.722  9.27799971775132E+0000  5.77341324582139E+0000  3.21772823126390E+0000
0.835  1.15747881619446E+0000  7.34000317368228E+0000  3.10472823998626E+0000
0.901  2.26955414454674E+0000  2.51196973171326E+0000  9.01000316951180E-0001
0.695  2.21389412633693E+0000  6.14740075493830E+0000  3.24472755173167E+0000
0.798  9.15468456096840E-0001  3.57413622754195E+0000  7.98000208768640E-0001
0.832  9.16799944901882E+0000  4.09835905926685E+0000  8.32000221940790E-0001
0.904  9.04001380014420E-0001  9.04000868546790E-0001  3.03572712250287E+0000
0.687  2.00850919016134E+0000  6.72185753838937E+0000  2.00466960739148E+0000
0.699  4.22332393185021E+0000  5.78125968616684E+0000  6.99000319044510E-0001
0.705  1.94232730591577E+0000  5.29518127178657E+0000  1.97719570878681E+0000
0.879  2.93431025926345E+0000  8.79000493180110E-0001  3.06072820010588E+0000
0.737  7.09261627002641E+0000  6.50304506950384E+0000  1.93300940369641E+0000
0.654  7.64776370902210E+0000  6.54000239805470E-0001  6.54000374444730E-0001
0.859  8.60036152182360E-0001  5.51011473573989E+0000  8.59000303321430E-0001
0.635  2.34466008033657E+0000  9.36499979556116E+0000  6.35000259844430E-0001
0.896  7.79792443082246E+0000  7.97563995878713E+0000  1.90623883185586E+0000
0.683  6.21523643914001E+0000  4.25078286459577E+0000  3.25672820507892E+0000
0.669  6.45232288173801E+0000  9.33099941277542E+0000  1.88667554106797E+0000
0.993  4.15270585896328E+0000  2.29571436777805E+0000  1.03170978441355E+0000
0.842  4.94254891377128E+0000  6.79291326857512E+0000  1.65468705777225E+0000
0.874  8.74000270272210E-0001  9.12599959240983E+0000  8.74000302437630E-0001
0.903  2.87643308480412E+0000  7.58742590181900E+0000  3.03672797845909E+0000
0.779  7.69114575037229E+0000  7.79001397339370E-0001  2.08087943269965E+0000
0.752  5.60179728744039E+0000  9.23956424153434E+0000  7.52000220863970E-0001
0.912  2.15342236606541E+0000  2.49477233903594E+0000  3.02536649863362E+0000
0.722  7.81721566003171E+0000  6.87330924121392E+0000  7.22000248258090E-0001
0.835  4.69636165946890E+0000  7.59858260358188E+0000  3.10472822675848E+0000
0.901  7.43580221512725E+0000  3.26508667907426E+0000  3.03837049931931E+0000
0.695  4.56947802860251E+0000  6.95001479692320E-0001  6.95000297830730E-0001
0.798  7.42712347475501E+0000  9.20199822324631E+0000  7.98000461329190E-0001
0.832  8.66330743724789E+0000  6.41048970377381E+0000  1.94054209574380E+0000
0.904  6.31089562988642E+0000  9.04159373035730E-0001  3.03572806986125E+0000
0.687  9.31299947490879E+0000  5.03948684954613E+0000  2.01547642123940E+0000
0.699  3.29275604595368E+0000  3.39530998343733E+0000  2.03410857935409E+0000
0.705  6.83255462207330E+0000  2.02977513149130E+0000  2.01115005501587E+0000
0.879  6.36011631805995E+0000  7.51783638174576E+0000  8.79000361427330E-0001
0.737  9.26299944814882E+0000  7.21895696842936E+0000  7.37000289483420E-0001
0.654  9.34599975079306E+0000  8.03681728105174E+0000  1.85909566292309E+0000
0.859  4.79581495546883E+0000  4.02386035403225E+0000  8.59000320608330E-0001
0.635  6.35000241461700E-0001  8.12229909054019E+0000  1.97515727605778E+0000
0.896  3.84409059755455E+0000  9.10399872255825E+0000  3.04372822263122E+0000
0.683  5.43886314033091E+0000  8.21270807975817E+0000  1.93175459226620E+0000
0.669  1.95743637724129E+0000  1.34591369982061E+0000  1.95437608707704E+0000
0.993  4.58434541647362E+0000  4.12193014774482E+0000  2.89262706118098E+0000
0.842  2.70705226827789E+0000  6.01610950916767E+0000  8.42000264798860E-0001
0.874  6.29180831328718E+0000  4.25894470770101E+0000  1.70163315108131E+0000
0.903  9.09699961473237E+0000  9.03001853024120E-0001  1.16582483192857E+0000
0.779  2.51481777078282E+0000  9.22099967104292E+0000  2.03131962267153E+0000
0.752  2.13443695557251E+0000  4.53043237139475E+0000  7.52000374889850E-0001
0.912  9.08799966805640E+0000  9.08799064404107E+0000  2.99083368365605E+0000
0.722  1.90264102688454E+0000  3.69725671786766E+0000  1.94723178912257E+0000
0.835  5.58583009520268E+0000  9.16499971074295E+0000  3.10472823281203E+0000
0.901  6.43824843160780E+0000  7.65423583918986E+0000  3.03636828328789E+0000
0.695  3.78294558797203E+0000  7.10386649297836E+0000  6.95000263810370E-0001
0.798  3.52629417661508E+0000  4.82400993390020E+0000  1.61488079360901E+0000
0.832  9.04073503500770E-0001  5.37452630199474E+0000  3.10772825789720E+0000
0.904  5.74644735037153E+0000  2.62939760971929E+0000  3.03572789897280E+0000
0.687  5.15808335683567E+0000  1.48194720711607E+0000  2.10381137387417E+0000
0.699  4.85208413685952E+0000  7.99838569851769E+0000  6.99000516675870E-0001
0.705  3.88953904782657E+0000  7.91433322377115E+0000  1.83156662864691E+0000
0.879  5.96596416980759E+0000  2.73919079608161E+0000  8.90961022452290E-0001
0.737  7.79746397155619E+0000  6.75540154606676E+0000  3.20272815712512E+0000
a=10 b=10 h=3.93972845789720E+0000
