0.692  6.92000364177830E-0001  4.10206342225771E+0000  5.78250088468466E+0000
0.612  9.38799980000000E+0000  2.43468909607685E+0000  6.12000200238210E-0001
1.119  5.47609987176780E+0000  4.18703182549513E+0000  1.11900068288211E+0000
1.393  1.39350337128704E+0000  1.39300021114998E+0000  1.45391538310484E+0000
1.664  5.57039171110661E+0000  1.66400044734059E+0000  4.81050105444210E+0000
1.254  4.27255380346543E+0000  6.24599980000000E+0000  5.19493923743217E+0000
1.353  8.61411562916924E+0000  6.14699980000000E+0000  3.28007245543780E+0000
1.284  6.83421043918485E+0000  6.15797484987312E+0000  1.33192753701197E+0000
1.086  3.44733669241016E+0000  5.28217342211097E+0000  3.21941154754672E+0000
0.977  8.92834695130620E+0000  4.63365160863940E+0000  5.21730290941475E+0000
0.958  9.58000210461450E-0001  3.64945940787467E+0000  9.58000200210120E-0001
1.521  1.54980050565197E+0000  5.97899977019501E+0000  1.56500694878404E+0000
1.165  3.17380529469619E+0000  1.68888100454006E+0000  3.30750458519926E+0000
1.035  1.30167985084034E+0000  2.52308499089390E+0000  5.43950108328407E+0000
0.729  7.98136200458180E-0001  7.76860485882510E-0001  5.70630804753715E+0000
1.411  6.61540316629839E+0000  4.24353536469841E+0000  3.42727918442652E+0000
1.062  2.80564589492722E+0000  1.06200027989731E+0000  5.41250106103602E+0000
1.256  4.29680283573376E+0000  6.24399974007257E+0000  1.25600078867931E+0000
0.950  9.04732451588358E+0000  9.50000200000000E-0001  9.57665395395470E-0001
0.971  4.41654541279500E+0000  3.40744137018489E+0000  3.05325057079078E+0000
0.692  7.37883945083258E+0000  6.92183304114220E-0001  3.65355846855330E+0000
0.612  6.12000257590380E-0001  6.88799969321776E+0000  3.25140570933877E+0000
1.119  8.88099728844726E+0000  3.15344631734490E+0000  3.73407210256329E+0000
1.393  1.39300022651713E+0000  3.60538332146999E+0000  3.26798617780893E+0000
1.664  6.65272665477854E+0000  1.72459060939629E+0000  1.66400031152997E+0000
1.254  3.14854289568131E+0000  3.73224086087840E+0000  1.25400022510975E+0000
1.353  3.41385214975138E+0000  3.75084221737333E+0000  5.12150108272436E+0000
1.284  8.46938149267219E+0000  1.28695188869688E+0000  5.19050106248456E+0000
1.086  1.08600021562899E+0000  1.08600022311796E+0000  3.89453748884277E+0000
0.977  7.44641330751919E+0000  3.39127660924901E+0000  5.49749445925291E+0000
0.958  9.04199980000000E+0000  6.54199974241971E+0000  5.51650109515068E+0000
1.521  1.52100041216549E+0000  5.97899961936662E+0000  4.95350104508140E+0000
1.165  3.92488848992469E+0000  1.16500026196206E+0000  1.16500021391498E+0000
1.035  8.96499964636803E+0000  1.03500081919058E+0000  2.93913562232735E+0000
0.729  9.27099588342721E+0000  3.04807848667607E+0000  5.74549904953700E+0000
1.411  8.58536009164929E+0000  4.11096443359865E+0000  1.41100020000000E+0000
1.062  5.48976279565984E+0000  6.43799800990855E+0000  3.23397045463787E+0000
1.256  6.86104410546039E+0000  6.24198807645743E+0000  5.21369199231204E+0000
0.950  5.55859136506302E+0000  4.48670611642999E+0000  5.52450109255027E+0000
0.971  9.02899979773678E+0000  6.52899874131186E+0000  9.71000752415520E-0001
 6.47450129515068E+0000