1.213  1.21300029320368E+0000  1.36730381755804E+0000  1.21300022915225E+0000
0.832  5.67599614912734E+0000  7.48602816869167E+0000  8.32000558300970E-0001
0.665  7.59736728262730E-0001  8.86280027364719E+0000  7.83007416037930E-0001
1.119  3.52983807510269E+0000  1.11900026774921E+0000  1.11900025525445E+0000
1.213  8.78699914694101E+0000  1.21300095921857E+0000  1.26399797218517E+0000
0.832  5.45782321579808E+0000  1.36354392471557E+0000  8.40505329892500E-0001
0.665  4.11939857554205E+0000  7.54150476905190E+0000  7.19454569190700E-0001
1.119  7.31667751069552E+0000  7.03268345473405E+0000  2.34292075036533E+0000
1.213  8.68005554566389E+0000  3.42749212661831E+0000  2.24892024966079E+0000
0.832  8.32000644447230E-0001  3.34004450604115E+0000  8.32000366226570E-0001
0.665  9.19004225257573E+0000  6.85568526624551E+0000  2.71627227902673E+0000
1.119  6.58922210037410E+0000  2.98984808808096E+0000  1.11900020666470E+0000
1.213  3.05099128283536E+0000  5.97958698546830E+0000  1.21527726281092E+0000
0.832  8.32000660592570E-0001  2.79180486029675E+0000  2.62992058777999E+0000
0.665  4.54153737732983E+0000  7.14243155624150E-0001  2.70945278391753E+0000
1.119  5.05248610655768E+0000  6.42077717423280E+0000  2.34292065638244E+0000
1.213  4.91088786024713E+0000  8.74657603255737E+0000  2.24892051460379E+0000
0.832  3.35927162959250E+0000  7.43971857209555E+0000  2.62449667094563E+0000
0.665  7.72791242008650E-0001  5.97687607411022E+0000  7.26952290304140E-0001
1.119  6.83273163344540E+0000  4.84763373396536E+0000  2.34292075414427E+0000
1.213  1.21300022913460E+0000  7.19054600324528E+0000  2.24892071032440E+0000
0.832  3.74560966418643E+0000  4.66713792983099E+0000  2.62788471351003E+0000
0.665  6.60804397334089E+0000  9.33499976989506E+0000  2.79692076081455E+0000
1.119  8.88099980000000E+0000  8.79181810395334E+0000  2.34292067923868E+0000
1.213  8.78699978207854E+0000  5.61859070222140E+0000  1.21300034285710E+0000
0.832  9.16799354040855E+0000  7.59133380804543E+0000  8.32001129316720E-0001
0.665  7.09354589725756E+0000  6.65000440127650E-0001  6.65000270250500E-0001
1.119  4.98310599945996E+0000  4.54838528176675E+0000  1.11900024751168E+0000
1.213  2.94524366235019E+0000  3.41855910597074E+0000  1.21300021386006E+0000
0.832  6.53445552945564E+0000  6.05402295861319E+0000  8.34939342000560E-0001
0.665  9.28284821062102E+0000  9.29486848429271E+0000  6.71989444197600E-0001
1.119  4.77584448937738E+0000  2.51833326526110E+0000  2.34292072461076E+0000
1.213  1.21300024095046E+0000  4.76454556641804E+0000  2.24892070937342E+0000
0.832  2.64122033891769E+0000  1.97566866860865E+0000  2.62992073409456E+0000
0.665  1.93746642143611E+0000  6.65000227394570E-0001  2.79692072656426E+0000
1.119  7.00944664758051E+0000  8.88099980000000E+0000  1.11900020000000E+0000
1.213  2.71755405422442E+0000  8.78699975678311E+0000  1.21300022341740E+0000
0.832  8.36866562137340E-0001  9.16610532777029E+0000  2.62504660349923E+0000
0.665  7.35297657412374E+0000  4.53685185905239E+0000  6.65000211301350E-0001
1.119  6.69214237243008E+0000  1.11900021015555E+0000  2.34292074761741E+0000
 3.46192096081455E+0000