1.000 -1.55500814760823E+0002  2.09290404772429E+0001 -1.75256264183267E+0002
2.000  1.13413714579164E+0001 -2.26240806496713E+0002 -6.00310523720751E+0001
3.000 -2.08708305635784E+0002 -3.71645530185558E+0001 -9.05641476189017E+0001
4.000 -5.11127180839441E+0001  8.89087126824160E+0001  1.41783938286496E+0002
5.000  1.78500217493117E+0002 -1.50737861650814E+0002 -1.01664965056321E+0001
6.000 -2.19143759896608E+0001  1.14072153589037E+0002  2.05838603045742E+0002
7.000  2.77718538412915E+0001 -2.11418126777719E+0002  1.00330711412553E+0002
8.000 -1.31313016418424E+0001 -1.38760620334694E+0002 -1.92069785209039E+0002
9.000 -3.91559264212123E+0001  1.96366971002380E+0002  1.18250897792061E+0002
10.000  1.52254610987879E+0002 -1.72750424005478E+0002  2.22525969905361E+0001
11.000  4.06706467616114E+0001  1.94358763851162E+0002 -1.24749387663019E+0002
12.000  1.60140545313601E+0001 -4.12068964160606E+0001  2.28688510441739E+0002
13.000 -1.05448216054159E+0002  1.23022918729853E+0001 -2.04061825512217E+0002
14.000 -3.16548677891767E+0001  9.69186075520470E+0001 -2.08296846069520E+0002
15.000  1.32200681438660E+0002  4.38061429619228E+0001 -1.90087370352629E+0002
16.000  1.85875024001333E+0002  1.18975618720685E+0002  5.53919274043848E+0001
17.000  1.53098019242039E+0002  7.05854213874532E+0001 -1.53489074208174E+0002
18.000 -8.08766258186300E+0001 -2.93031252966051E+0001  2.17233835532166E+0002
19.000  2.20575643425748E+0002  1.40419507751138E+0001  6.96246725932733E+0001
20.000  4.76492766021209E+0001 -1.78880071178454E+0002 -1.41971410203860E+0002
21.000 -1.20360982570410E+0002  1.66277915856200E+0002 -1.00040297201379E+0002
22.000 -2.20404657120397E+0002 -2.36636765852423E+0001  6.82530837045418E+0001
23.000  1.44753992958187E+0002 -1.14670167161209E+0002 -1.43191196812890E+0002
24.000 -1.49925815458460E+0001  5.97756173321395E+0001 -7.45734900267408E+0001
25.000 -1.94212155711324E+0002 -9.95026040733109E+0001  7.46241162877701E+0001
26.000  1.76997487300564E+0002 -2.32672100838451E+0001  1.45016261683704E+0002
27.000  7.77649883264618E+0001 -4.55994915052673E+0001 -2.02729277922504E+0001
28.000  2.25286639420575E+0002 -2.31857746201715E+0001 -2.79910280879730E+0001
29.000 -1.82997744831967E+0002  7.49433993226302E+0001  1.13709307913816E+0002
30.000 -6.02060150826154E+0001  1.33520816421439E+0002  1.73753167844808E+0002
31.000 -3.19496160048968E+0001  1.61779595507462E+0002 -1.55109840899144E+0002
32.000 -9.34158469024781E+0001 -2.02806416288204E+0002 -3.00047066615787E+0001
33.000  1.88928456268099E+0002 -1.10939339187956E+0002 -5.10883619561832E+0001
34.000  1.24598683967441E+0002 -1.28479328793644E+0002  1.34808482083464E+0002
35.000 -5.51451273715122E+0001 -1.03026512865221E+0002 -1.89863712742989E+0002
36.000  4.75662433505018E+0001  3.06457539153681E+0001  1.06604334071371E+0002
37.000 -1.01144254735720E+0002 -1.32801513411843E+0002  1.45470722933075E+0002
38.000  1.27729000433818E+0002  1.58868736458182E+0002  8.26655375371806E+0001
39.000 -1.05087274591117E+0002  7.91674923922491E+0001  1.75600720934866E+0002
40.000  7.82306967491601E+0001  6.03229814031064E+0001  1.94806800299151E+0002
41.000 -2.06295374287049E+0001  2.07937196812998E+0002  6.00773999194331E+0001
42.000  7.68066864136708E+0001 -1.08692605223913E+0001 -2.02043302064328E+0002
43.000  4.86279594154635E+0001 -1.44000102679461E+0002  1.52664170658606E+0002
44.000 -8.10798411419849E+0001 -8.09146610376968E+0001 -2.98399755853120E+0001
45.000 -2.94056896418797E+0001  4.15789459783778E+0001  8.38713626040207E+0001
46.000 -1.44675408123444E+0002 -1.43669695001996E+0002 -5.95950073507267E+0001
47.000  1.47395683555356E+0002  1.51572123334957E+0002 -2.78509098532140E-0001
48.000 -3.07576825850445E+0001 -1.72193377877998E+0002  1.16326080590909E+0002
49.000  8.70974893538002E+0001  1.76901810967013E+0002 -7.05532278086538E+0001
50.000  1.55486422774229E+0002  1.07444316142467E+0002 -8.78625454483202E+0001
51.000  6.38334264591739E+0001  1.95671707425047E+0002  2.57325825351971E+0001
52.000 -1.88309200208718E+0002  3.59495458926578E+0001 -7.65357407355127E+0001
53.000  8.68059047507963E+0001 -1.72759019274110E+0002  6.94093187727294E+0001
54.000 -1.53345890456162E+0002  1.29119126701734E+0002 -4.00255035586731E+0001
55.000 -1.93803987563943E+0002  5.47719476612150E+0001  2.86523074812519E+0001
56.000 -2.78041582145244E+0001 -8.75189294049341E+0001  1.80395194765630E+0002
57.000  5.49631430491812E+0001 -1.00356307346287E+0002 -1.65767545315547E+0002
58.000  1.92253949615030E+0002  5.66372994646619E+0001  6.24069439302843E-0002
59.000 -1.04581183727155E+0001 -1.98651471553018E+0002  1.40621162626017E+0001
60.000 -2.50247807304045E+0001 -1.25768625990102E+0001 -1.96436400334588E+0002
61.000  6.17208979583452E+0000 -3.67732143316148E+0001 -7.91613995641481E+0001
62.000 -1.89705328492428E+0001  2.94429501402863E+0001  1.93274955583430E+0002
63.000 -1.86744024300569E+0002 -5.69253096505068E+0001 -8.73594023222040E+0000
64.000 -1.17460733951512E+0002 -1.47657224617305E+0002  4.69106837576352E+0001
65.000  1.44410650592597E+0002  6.10166653534114E+0001  1.13291559607994E+0002
66.000  8.47458461852108E+0001 -4.22357288187601E+0001  1.67513837840316E+0002
67.000 -8.27304579735862E+0001  2.90632370221191E+0001 -1.47727368082142E+0001
68.000 -3.96032955640048E+0001 -1.55758775772389E+0002 -1.02135653555868E+0002
69.000 -1.27214283105743E+0002 -5.40562809170609E+0001 -1.29520298470283E+0002
70.000 -9.51274282083523E+0001  8.16370334783721E+0001 -1.40674746309016E+0002
71.000  3.06775969413133E+0001  1.34301514711672E+0002  1.27080129830341E+0002
72.000  9.18046112172357E+0001 -1.53028772612550E+0002 -5.39224766578822E+0001
73.000 -1.04357285333030E+0002  1.32465587042386E+0002  7.70980197845341E+0001
74.000 -3.39985074084703E+0001  1.74476367961226E+0002 -4.91317803871814E+0001
75.000  4.91667896895689E+0001  9.09654020847918E+0001 -1.51498875058299E+0002
76.000  4.78031663996717E+0000 -7.04798759409105E+0001  5.36200968117834E+0001
77.000  5.74868532922278E+0001  6.45231481534077E+0001 -7.40460701689472E-0001
78.000  1.60687298979009E+0002 -6.67904983529529E+0001  4.76557532963858E+0001
79.000  1.45506317959786E+0002 -2.06799369072866E+0001 -1.02921597255520E+0002
80.000 -1.30600043936007E+0002 -2.26011447090485E+0001  1.19446951181491E+0002
 2.58422976550960E+0002