1.517  6.29646133560507E+0000  1.51700059761442E+0000  5.32524453032865E+0000
1.087  8.82952517862524E+0000  6.03348513892505E+0000  3.42287132990172E+0000
1.532  1.53200025928197E+0000  1.53200022968223E+0000  5.31024488554904E+0000
1.517  6.28717089136269E+0000  1.51700053576929E+0000  1.51700052702432E+0000
1.087  6.21820128472328E+0000  3.57086902054418E+0000  3.41050093427173E+0000
1.532  4.59600061787996E+0000  8.46799980000000E+0000  1.53200026039582E+0000
1.517  8.48299948899674E+0000  3.58256275669988E+0000  1.85897910726066E+0000
1.087  8.88205123776985E+0000  1.10983070959549E+0000  5.71373387704343E+0000
1.532  1.53200020468997E+0000  8.46799980000000E+0000  1.53200020000000E+0000
1.517  8.48299941816433E+0000  3.57548347811290E+0000  4.89297197604947E+0000
1.087  8.88112781261858E+0000  1.10181037782708E+0000  1.11849092742815E+0000
1.532  8.46799883662060E+0000  8.46799951369691E+0000  1.93980096232721E+0000
1.517  3.68310394779284E+0000  6.19163769580686E+0000  3.41923273645961E+0000
1.087  8.74163219051440E+0000  1.18781284609786E+0000  3.41307357888186E+0000
1.532  6.42236439982130E+0000  6.03487675938668E+0000  4.94636885291466E+0000
1.517  1.51700020180799E+0000  4.98605328465681E+0000  5.32524491112345E+0000
1.087  6.35451261649445E+0000  8.91299845523379E+0000  3.42112396378295E+0000
1.532  1.53200020422903E+0000  8.46799980000000E+0000  5.31024490516678E+0000
1.517  1.51700020118458E+0000  4.98605328152166E+0000  1.51700020000000E+0000
1.087  2.01400019995061E+0000  3.28073008813467E+0000  3.42112255451193E+0000
1.532  8.38686574714286E+0000  8.46339592869452E+0000  5.04015561725262E+0000
1.517  4.32654652866935E+0000  3.84079875270353E+0000  1.51700020000000E+0000
1.087  1.08700020378545E+0000  6.70949059505021E+0000  3.42112255110208E+0000
1.532  6.41769788134708E+0000  6.02940318750589E+0000  1.88237688416693E+0000
1.517  4.33012296083808E+0000  3.84961197579928E+0000  5.32524490971198E+0000
1.087  8.91299980000000E+0000  6.03204597420681E+0000  1.08700020880052E+0000
1.532  1.53200032295263E+0000  1.53200022276881E+0000  1.53200021994218E+0000
1.517  3.92973551873832E+0000  1.51700020000000E+0000  3.42688493189527E+0000
1.087  8.91299980000000E+0000  5.99465794071067E+0000  5.75524489891045E+0000
1.532  4.59600061729870E+0000  8.46799980000000E+0000  5.31024485085970E+0000
 6.84224511112345E+0000