0.654  1.86656558657034E+0000  6.54000344353230E-0001  2.01867278968132E+0000
0.859  8.59000250179010E-0001  8.61970960423030E-0001  3.12805578912646E+0000
0.635  8.29434543638469E+0000  6.35000226476080E-0001  1.99315660179424E+0000
0.896  4.31783848505715E+0000  8.96000243389070E-0001  3.09105579421844E+0000
0.683  6.83000239251730E-0001  2.38847343164270E+0000  6.83000341756870E-0001
0.669  5.97581345102312E+0000  6.69001225626840E-0001  6.69000304767050E-0001
0.993  9.93309964774100E-0001  4.00637671915957E+0000  2.99405443223827E+0000
0.842  2.81390076741733E+0000  4.15799980000000E+0000  8.42000218581240E-0001
0.874  7.73738866894848E+0000  4.12599954127934E+0000  8.74000248005500E-0001
0.903  4.02942938523677E+0000  2.74749862566138E+0000  3.08405582360925E+0000
0.779  2.64872319658027E+0000  8.18587034900290E-0001  3.20805559240294E+0000
0.752  1.10232685917589E+0000  1.97879300503388E+0000  1.99279190697978E+0000
0.912  5.95219690293549E+0000  4.08799978449202E+0000  9.12000316252570E-0001
0.722  5.46527312138866E+0000  7.22000267818840E-0001  1.96183520766015E+0000
0.835  7.44453232320905E+0000  9.47078519926930E-0001  8.35000238108430E-0001
0.901  9.05035018334773E+0000  2.73938287010709E+0000  9.01000240237030E-0001
0.695  9.30499960835506E+0000  4.30499970403673E+0000  6.95000230324770E-0001
0.798  2.63956478064828E+0000  7.98000223563700E-0001  7.98000211062920E-0001
0.832  9.16799977897655E+0000  8.36331082626370E-0001  8.32000204091460E-0001
0.904  5.77485963376033E+0000  2.27981946436990E+0000  3.08305559951606E+0000
0.687  5.90484472599349E+0000  6.87001628115090E-0001  3.30005575811068E+0000
0.699  4.36323654149646E+0000  4.30099937113354E+0000  3.28805578069036E+0000
0.705  4.36191583023313E+0000  4.29499703321191E+0000  7.05000250635250E-0001
0.879  7.73527094879854E+0000  4.12099912123755E+0000  3.10805568560618E+0000
0.737  7.43256155359065E+0000  2.54212282895385E+0000  7.37000432085700E-0001
0.654  3.03191814060256E+0000  3.21759993089642E+0000  1.98486230624619E+0000
0.859  8.60691806986540E-0001  8.59358603614750E-0001  8.59370329908860E-0001
0.635  9.36499980000000E+0000  1.70830934669256E+0000  1.99515764632809E+0000
0.896  2.24662211796778E+0000  2.44288004521736E+0000  8.96000245588050E-0001
0.683  6.83000217373700E-0001  2.38375131981623E+0000  3.30405565488680E+0000
0.669  4.72033955966261E+0000  1.89670622788257E+0000  1.95712158799367E+0000
0.993  9.93000344961670E-0001  4.00316300872713E+0000  1.00805512076915E+0000
0.842  2.81745069978821E+0000  4.14089146350704E+0000  3.14482436188974E+0000
0.874  4.30791668288258E+0000  8.78075313681270E-0001  8.74000425156040E-0001
0.903  5.82255988541061E+0000  2.27765734306570E+0000  9.03000200329920E-0001
0.779  6.91132746343557E+0000  3.21084338073174E+0000  1.99373685520035E+0000
0.752  8.00432591486011E+0000  1.99133631438740E+0000  1.99670006657450E+0000
0.912  5.94499951996109E+0000  4.08778532513250E+0000  3.06922161676435E+0000
0.722  8.86325893780972E+0000  3.92991782006281E+0000  1.98808529643133E+0000
0.835  7.41238524392893E+0000  8.35000232445290E-0001  3.15205583083740E+0000
0.901  2.25068476798716E+0000  2.44618979963080E+0000  3.08605581642583E+0000
0.695  3.83012470314505E+0000  4.30499978714896E+0000  2.00002898294504E+0000
0.798  3.27470321366941E+0000  1.64933152354438E+0000  1.98923971354182E+0000
0.832  9.16799957690301E+0000  8.32000316166550E-0001  3.15505580153784E+0000
0.904  9.00771012975644E+0000  2.73658175091771E+0000  3.08305579309237E+0000
0.687  6.64586429959525E+0000  1.48946951287726E+0000  2.01161694637969E+0000
0.699  9.30099980000000E+0000  4.30099974276327E+0000  3.28805581086282E+0000
0.705  5.09158634216105E+0000  3.22648685310734E+0000  1.97587787071790E+0000
0.879  4.00336974913116E+0000  2.75536787462845E+0000  8.82059951505190E-0001
0.737  7.39090438932539E+0000  2.51089318884646E+0000  3.25005534313802E+0000
 3.98705603083740E+0000
