1.509  1.96186848835533E+0000  2.88758575761482E+0000  1.42188748551376E+0001
1.553  1.74274791929429E+0000 -2.97399344867127E+0000  6.73686907170242E+0000
1.399 -3.97920987163070E-0001  1.17227675263206E+0000  7.94880532609109E+0000
1.489  3.05600610453978E+0000 -1.72856740939379E+0000  4.20209417495169E+0000
1.463 -3.15910548251255E+0000 -1.59072834622766E+0000  8.63780233967418E+0000
1.650  1.89549786676809E+0000 -2.76217059846886E+0000  2.08798728830326E+0001
1.409 -1.00704950094410E+0000  1.34673042107526E+0000  1.06843847346325E+0001
1.557 -3.77855676670920E-0001  6.93435489701720E-0001  1.43413955220082E+0001
1.430 -2.86521480238911E+0000 -2.12965783028182E+0000  3.93013258073213E+0000
1.575  1.88921277046406E+0000 -2.78926058170113E+0000  1.57500022575756E+0000
1.537  3.05796328953129E+0000 -1.62518553046636E+0000  1.56239208256027E+0001
1.586  1.08712449592097E+0000  4.42243286284150E-0001  2.09438728073287E+0001
1.464 -1.68765131452562E+0000  3.10727010119819E+0000  1.46400020717648E+0000
1.316  1.32779704536299E+0000  1.15846149952826E+0000  1.20767474036248E+0001
1.653  1.81764308759831E+0000  2.81044145584516E+0000  9.65890197313398E+0000
1.641 -1.83703246047852E+0000  2.81215066358443E+0000  5.83187967756950E+0000
1.383  3.87441877689990E-0001  3.59618912693573E+0000  1.87012246182931E+0001
1.342  1.51828341259945E+0000  3.32802901835846E+0000  2.11878632623731E+0001
1.401 -1.95939764458776E+0000 -3.01886740046317E+0000  6.46441347542547E+0000
1.371  3.57981210652010E+0000  5.95470233325330E-0001  1.07234402318538E+0001
1.482 -2.46860020718080E-0001 -1.14963773977940E+0000  1.19286281248234E+0001
1.547 -7.10896023647710E-0001  3.37902860435129E+0000  1.28210362399351E+0001
1.523 -1.33851734696161E+0000  3.20903394748431E+0000  2.10068728987136E+0001
1.291 -1.09202991898924E+0000 -3.54459449692938E+0000  1.71890840924378E+0001
1.588  1.86968502757167E+0000  2.85412336853408E+0000  6.41861383133713E+0000
1.389 -3.55220502511858E+0000  6.48967614033730E-0001  4.56355842506537E+0000
1.487 -1.06280562178808E+0000 -4.51147209376400E-0001  5.49308323619349E+0000
1.566 -6.37709390836410E-0001  3.37426751311790E+0000  1.59331726036018E+0001
1.329 -3.59331396832110E+0000  7.51221718484850E-0001  1.88076505348101E+0001
1.452 -3.09657126407898E+0000 -1.73192042006396E+0000  1.76582091767897E+0001
1.569 -3.10990057155996E+0000  1.44923355067716E+0000  1.60368205446029E+0001
1.664 -3.03333671592038E+0000 -1.38843903734496E+0000  2.08658728846638E+0001
1.521 -4.12067533070130E-0001 -1.56334381945315E+0000  1.90651553075071E+0001
1.311 -2.20161360991399E+0000  2.96000286899021E+0000  1.83143176896595E+0001
1.555  6.23320176344740E-0001  9.28707731960960E-0001  1.74061577966282E+0001
1.285 -1.70986777853053E+0000 -3.29811698793737E+0000  1.28772779357496E+0001
1.635  5.22794246029370E-0001 -3.32414039306852E+0000  1.47590179564147E+0001
1.425  2.81252058185844E+0000  2.20688728222657E+0000  1.89727020996059E+0001
1.621 -3.07520072859137E+0000 -1.40027856706871E+0000  1.46032309054675E+0001
1.432  3.54404329900041E+0000  4.12770485270910E-0001  1.35202514074354E+0001
1.589  2.73746634860142E+0000 -1.99514883543368E+0000  1.18831031809698E+0001
1.108  7.58618728126020E-0001  3.81734986624938E+0000  1.10800020676997E+0000
0.964 -1.41051486424396E+0000  5.84380897774030E-0001  2.15600819291156E+0001
1.094 -3.69799178668616E+0000 -1.25765298992166E+0000  6.14748874675250E+0000
1.534  4.43312381257290E-0001  3.43753235109908E+0000  3.70347449458417E+0000
0.729 -1.19898645001544E+0000  7.64536605856290E-0001  7.43933932986610E-0001
1.226 -8.29308337424020E-0001 -1.18967491847797E+0000  1.63401894043452E+0001
1.370  3.50445152251227E+0000  9.46423739057760E-0001  7.98001937234357E+0000
0.960  3.13102811940269E+0000  2.54877255732608E+0000  1.19821958635641E+0001
1.656  3.34264324439547E+0000  9.52399095433201E-0002  1.65600031479430E+0000
0.701  2.22716265374063E+0000 -3.67711104746831E+0000  3.64325781546238E+0000
1.324  6.82234998673170E-0001  1.39616513297201E+0000  1.32400021779747E+0000
1.346 -3.54813631452499E+0000  8.73179759041050E-0001  7.32676699008398E+0000
1.412  3.36563125097174E+0000  1.24349046698691E+0000  1.62343648676076E+0001
0.992 -2.15716675227083E+0000 -3.37616811765657E+0000  1.92053134912187E+0001
1.504 -6.72413425828510E-0001 -9.46114064038320E-0001  2.14633964439094E+0000
0.776  2.78270116020118E+0000 -3.17759361402805E+0000  1.39310668527898E+0001
1.591 -3.36335079792024E+0000  5.56009189421470E-0001  1.59100086481808E+0000
0.785  1.55910751255172E+0000  3.83261866300019E+0000  1.19877509615408E+0001
1.646 -4.92314506185201E-0002 -3.35363830372276E+0000  4.11422091581740E+0000
1.616 -3.11453290498567E+0000  1.32330620512562E+0000  1.28543138852914E+0001
0.824 -2.57636528730213E+0000  3.23300725028026E+0000  1.44056289212224E+0001
1.253 -3.00043293218828E+0000 -2.24441703711023E+0000  1.25300021840811E+0000
1.209 -1.31547728522639E+0000  1.34885058243560E+0000  3.44247904182165E+0000
1.120  3.70307601744088E+0000 -1.15828598781392E+0000  6.66440264593573E+0000
1.038 -3.02460512310720E-0001 -3.95043791935581E+0000  7.99264104771532E+0000
0.652  4.23598185976536E+0000  9.80591576260620E-0001  1.80873278345459E+0001
1.351 -3.57955665810810E-0001 -1.56860243598137E+0000  8.16900180335011E+0000
1.307  1.50877660653635E+0000 -1.29138907540950E-0001  6.53697680842864E+0000
1.559  2.95985299668820E+0000 -7.52311016181720E-0001  1.85943451584306E+0001
1.426  1.56756368569214E+0000 -3.21188708226586E+0000  1.76340100529815E+0001
0.748  9.77717738186770E-0001 -1.37037664882607E+0000  4.98356795973461E+0000
0.857 -3.03820958480907E+0000  2.72639150025426E+0000  3.45748722877018E+0000
0.854 -1.73909942811021E+0000  1.97862957033660E-0001  1.76434841028806E+0001
1.455 -1.33610568797627E+0000 -3.28357164394835E+0000  1.01629282454960E+0001
1.360  1.43258241211727E+0000 -3.34623752022170E+0000  9.60929019608709E+0000
1.295 -8.47615828535280E-0001 -3.60673965015766E+0000  1.29500020000000E+0000
1.445 -3.23657282355857E+0000 -1.47058474096781E+0000  1.15422873229914E+0001
1.436  1.19004429944876E+0000  5.15091811175420E-0001  3.88982213684612E+0000
0.953 -8.19997210805798E-0002 -4.03574548196578E+0000  1.91455605578181E+0001
1.124  2.72322468777772E+0000  2.75815460245332E+0000  1.12400024778904E+0000
1.181 -2.41054744829620E-0001  3.81138438711045E+0000  7.93380117815596E+0000
1.319 -3.59403860582191E+0000  7.95390279371390E-0001  1.00004462850549E+0001
0.962  1.39675042284898E+0000 -1.03166043214853E+0000  1.38381071141646E+0001
1.332  3.33668245663534E+0000 -1.52340809767829E+0000  9.06288163748085E+0000
1.244  3.71563930738044E+0000 -5.49143801513780E-0001  2.12858728841045E+0001
1.122 -7.16068180466140E-0001  3.81131587841138E+0000  1.01872814721204E+0001
1.311  1.16786081915946E+0000 -8.53261356370600E-0002  9.76838344686524E+0000
1.193  5.46195162012640E-0001 -3.76761437338562E+0000  1.19661037842149E+0001
0.898 -5.32777518758670E-0001 -1.35624317930536E+0000  2.15910072020500E+0001
1.124  2.01642346880368E+0000  3.31019798998854E+0000  1.68171654129989E+0001
1.181 -1.18218079166466E+0000  9.96195998195930E-0001  1.94607405349469E+0001
1.319  3.58773400263446E+0000  8.23361470109870E-0001  5.24602465599855E+0000
0.962 -2.55231994861456E+0000  3.11920885222937E+0000  1.10599547794115E+0001
1.332 -9.67951705353020E-0001 -3.53633413343046E+0000  2.11969255446971E+0001
1.244 -3.46189950947926E+0000  1.45697841289602E+0000  2.12858728004384E+0001
1.122  3.43643909034611E+0000  1.79715568262731E+0000  2.14078728937231E+0001
1.311 -2.40932886121424E+0000  2.79353788437605E+0000  8.76725075644654E+0000
1.193  2.94992960943175E+0000  2.40648343440372E+0000  3.40290862250374E+0000
0.898 -1.96687762813483E+0000 -3.59519099212807E+0000  1.51714790136213E+0001
R=5 h=2.25298730987136E+0001