1.897  8.10299980000000E+0000  5.00000003381422E+0000  5.07448694525930E+0000
2.169  7.82110592645975E+0000  2.16900020000000E+0000  1.23455247185192E+0001
1.897  4.99194061774090E+0000  1.89701029015532E+0000  5.08531128012804E+0000
2.169  7.82110592645556E+0000  7.83099980000000E+0000  1.23455247185194E+0001
1.897  1.89700020000000E+0000  5.00000003379545E+0000  5.07456695751359E+0000
2.169  7.82741718132565E+0000  7.83099980000000E+0000  2.16900020000000E+0000
1.897  8.10253178735835E+0000  8.10299980000000E+0000  7.25756522488021E+0000
2.169  2.17173796645077E+0000  2.16900020000000E+0000  2.16900020000000E+0000
1.897  4.99193776621415E+0000  8.10299043915043E+0000  5.08531365277983E+0000
2.169  2.16900052230285E+0000  2.16900052135975E+0000  8.00752297182342E+0000
1.897  8.10253331692843E+0000  1.89700020000000E+0000  7.25756521705722E+0000
2.169  2.16900020000000E+0000  2.16900020000000E+0000  1.23455246851672E+0001
1.897  4.99505305966265E+0000  5.00000002830904E+0000  1.16166732857776E+0001
2.169  2.16900020000000E+0000  7.83099980000000E+0000  1.23455246851648E+0001
1.897  4.99957764870722E+0000  4.99999997183843E+0000  2.89088834987770E+0000
2.169  2.16900052255324E+0000  7.83099953501587E+0000  8.00752297085302E+0000
1.897  4.99239063583846E+0000  5.00000002781338E+0000  7.26842132363344E+0000
2.169  7.82741729440004E+0000  2.16900020000000E+0000  2.16900020000000E+0000
1.897  8.10299980000000E+0000  5.00000002831050E+0000  9.44064349667391E+0000
2.169  2.17173807949934E+0000  7.83099980000000E+0000  2.16900020000000E+0000
 1.45145249185194E+0001
