0.701  7.34419107173659E+0000  4.21968685179985E+0000  5.62631010882083E+0000
0.587  6.65326813428881E+0000  6.49070266250940E-0001  5.93747756797997E+0000
1.567  8.38423278325982E+0000  1.66429274531047E+0000  4.99851921704308E+0000
1.004  6.70186140817368E+0000  3.94544396374971E+0000  1.02424130563992E+0000
1.661  1.66100020000000E+0000  1.66100020000000E+0000  1.66100020000000E+0000
0.819  6.47724487299027E+0000  8.74341031062330E-0001  3.48547267367571E+0000
1.104  8.86469658899208E+0000  3.82764746519108E+0000  3.35081477598081E+0000
1.486  4.86533325482523E+0000  1.48600020000000E+0000  5.11322985879810E+0000
0.975  4.84848187495817E+0000  3.97994099424910E+0000  5.57154876891833E+0000
1.492  1.49200020887876E+0000  1.49200020512540E+0000  5.10722983265168E+0000
0.701  6.48522741469830E+0000  2.95340604013849E+0000  5.81386556607000E+0000
0.587  9.36963510187679E+0000  6.34047546424690E-0001  3.31772134084905E+0000
1.567  4.88626214662653E+0000  1.56700022381939E+0000  1.56700022400666E+0000
1.004  1.10475476722032E+0000  3.96634087739109E+0000  5.44944728971955E+0000
1.661  8.11022050673488E+0000  1.66100020000000E+0000  1.69831370234211E+0000
0.819  9.02034193701352E+0000  3.99633968028932E+0000  5.61057117136860E+0000
1.104  3.44258179127634E+0000  3.83322264441271E+0000  1.12295257434550E+0000
1.486  6.27792350225091E+0000  3.51399980000000E+0000  3.46259585560834E+0000
0.975  9.02499980000000E+0000  4.02499980000000E+0000  9.75000200000000E-0001
1.492  3.19005335056803E+0000  3.50799980000000E+0000  3.70843767966445E+0000
 6.59923005879810E+0000
