0.978  7.52310068934462E+0000  9.78000242779780E-0001  1.42780973283355E+0000
0.936  4.54274263900633E+0000  9.36000253993270E-0001  9.36000220784790E-0001
0.808  4.76462185815165E+0000  5.14513700285552E+0000  1.59780977713440E+0000
0.531  1.94500705029491E+0000  1.56330355815307E+0000  5.42840146171580E-0001
0.660  9.48608292162300E-0001  5.53571797763782E+0000  1.74580970993252E+0000
0.819  8.19000243910840E-0001  6.68099921469999E+0000  8.19000284777460E-0001
0.590  2.29275018023058E+0000  4.02771601971118E+0000  1.81580975314482E+0000
0.759  6.63130632882167E+0000  3.22750262966738E+0000  7.59000214876330E-0001
0.874  2.35364293630973E+0000  6.62599961455409E+0000  1.53180977064394E+0000
0.691  9.28891357089855E+0000  3.90367258801438E+0000  6.96215792214940E-0001
0.738  2.04093943756504E+0000  3.29388807962924E+0000  7.38000272352430E-0001
0.730  7.30000220624010E-0001  7.30000282176880E-0001  7.30000225753630E-0001
0.621  7.70624138863456E+0000  2.34632780278727E+0000  6.21000200379560E-0001
0.888  7.92670775559117E+0000  3.91373600180711E+0000  1.51780929935050E+0000
0.534  8.68211578849665E+0000  6.95132279826106E+0000  1.86760769076196E+0000
0.523  5.02823897710653E+0000  4.39662509931455E+0000  5.25098019629710E-0001
0.884  5.93691268964668E+0000  1.94867916045950E+0000  1.52180978472535E+0000
0.446  9.53845834058089E+0000  1.21519690270321E+0000  1.95274412034582E+0000
0.627  7.29355210923161E+0000  2.56235897414900E+0000  1.77880981897112E+0000
0.974  3.60805325117220E+0000  3.94150233382630E+0000  9.74000297516490E-0001
0.582  3.36341934756970E+0000  5.82000270211820E-0001  1.82380981850352E+0000
0.435  8.77934189990146E+0000  4.66926172997490E-0001  1.95328680739962E+0000
0.584  7.91938514196021E+0000  5.05159929077980E+0000  5.84000224780840E-0001
0.771  1.92468654241511E+0000  8.13943581353110E-0001  1.63480980902439E+0000
0.661  6.10036265024354E+0000  6.65991060125900E-0001  6.65186470450270E-0001
0.985  3.09669024799980E+0000  2.10396256602969E+0000  1.42080946133848E+0000
0.562  7.62634876013779E+0000  5.29431975581775E+0000  1.84380922172398E+0000
0.849  2.06922477256317E+0000  5.06984772542055E+0000  8.49000321259260E-0001
0.963  7.55182271139052E+0000  6.53699856946157E+0000  9.63001059755600E-0001
0.497  9.45736472207297E+0000  3.86609222236337E+0000  1.89166754990984E+0000
0.657  2.95356756225421E+0000  6.57490943253970E-0001  6.57000200179240E-0001
0.494  5.12386508793000E-0001  3.23665332987850E+0000  5.02217222064560E-0001
0.741  9.25899827235735E+0000  6.75899967678060E+0000  7.41000562560490E-0001
0.476  3.38496284469868E+0000  5.36135020049501E+0000  5.02483869762760E-0001
0.897  5.77492173830583E+0000  6.60299976255884E+0000  1.50880975861469E+0000
0.914  9.08599980000000E+0000  5.29428675907666E+0000  1.49180978441045E+0000
0.605  6.05000709789100E-0001  5.11061294563473E+0000  6.05000344113920E-0001
0.557  5.68868301469828E+0000  5.61021316181350E-0001  1.84075523258043E+0000
0.501  5.21909216159899E+0000  5.76120853924664E+0000  5.11961223166660E-0001
0.809  9.19099943273794E+0000  8.09002221804830E-0001  8.09000747160440E-0001
0.949  9.49000367282370E-0001  2.22760823583400E+0000  1.45680971431662E+0000
0.972  6.41729297792723E+0000  4.93196491905218E+0000  9.72000356238110E-0001
0.926  4.04783667875249E+0000  6.57399967916120E+0000  9.26000247663320E-0001
0.472  5.27766077039340E-0001  5.36869563028270E-0001  1.91684137124497E+0000
0.856  8.71424090495490E-0001  4.02854172247017E+0000  1.54980921117767E+0000
0.956  9.04399980000000E+0000  2.44834414020111E+0000  1.44980976956393E+0000
0.683  3.29232751633510E+0000  5.39092288670197E+0000  1.72057096313350E+0000
0.830  5.30963705307306E+0000  3.58364224665026E+0000  1.57386100393398E+0000
0.538  4.55995678494767E+0000  2.11027594944314E+0000  1.86387355581710E+0000
0.701  4.56089522297045E+0000  2.56469010759511E+0000  7.03756367572840E-0001
 2.40581001897112E+0000
