1.612  4.47912635959327E+0000  8.37797862488686E+0000  1.66778571300759E+0000
1.300  5.09783509650023E+0000  1.30000022255140E+0000  5.10188164784745E+0000
2.114  2.11400020000000E+0000  7.79888113590421E+0000  5.00387293963232E+0000
1.273  1.28822963734616E+0000  8.72106341055212E+0000  1.31392633632045E+0000
1.608  2.26557384192810E+0000  6.02429149854154E+0000  1.63796840520003E+0000
2.296  7.70399955429391E+0000  2.30326353629164E+0000  7.36740367834117E+0000
1.251  1.25100023276526E+0000  4.57028328881246E+0000  4.61066190844928E+0000
2.154  7.84599980000000E+0000  6.74873119645109E+0000  7.50940404186312E+0000
1.539  4.52710142703233E+0000  5.25041879269223E+0000  8.12440404648147E+0000
2.229  7.75145809625404E+0000  2.23848795678422E+0000  2.23939628507696E+0000
1.612  4.21540703411112E+0000  8.38639465528240E+0000  8.03651573592199E+0000
1.300  8.66459534338271E+0000  4.65469420370865E+0000  4.80569913719867E+0000
2.114  4.97672320052541E+0000  4.66635216727779E+0000  4.54653898636481E+0000
1.273  8.71026608696187E+0000  8.71690237385375E+0000  4.82476535495827E+0000
1.608  5.78412767996914E+0000  8.39199980000000E+0000  4.82593644112177E+0000
2.296  2.29600020000000E+0000  2.29600020000000E+0000  7.12399110025726E+0000
1.251  1.25100051352058E+0000  8.74899980000000E+0000  8.41240372426999E+0000
2.154  7.84599980000000E+0000  6.73004712502465E+0000  2.15400020000000E+0000
1.539  1.53900020000000E+0000  5.98888848995646E+0000  8.12440397328743E+0000
2.229  2.22900020000000E+0000  2.22900020000000E+0000  2.22900020000000E+0000
 9.66340424648147E+0000
