0.931  2.48743933934805E+0000  9.06898592633992E+0000  2.22352183819814E+0000
0.900  7.75319532828634E+0000  7.58600612689925E+0000  9.05373615145380E-0001
0.920  3.79252162034739E+0000  7.74459494798022E+0000  2.23222190613026E+0000
0.840  8.94740405750030E-0001  8.78916910272770E-0001  2.28786465867542E+0000
0.991  3.39274842193275E+0000  2.45094506171958E+0000  2.16352196926398E+0000
0.931  7.53544075418727E+0000  9.31001091631460E-0001  2.22352193872771E+0000
0.900  9.09550691701423E+0000  4.96647833915044E+0000  2.24998665533334E+0000
0.920  4.84567383041100E+0000  2.48571582035815E+0000  9.22551419460640E-0001
0.840  2.34975811220356E+0000  3.94826351683421E+0000  2.31451977000861E+0000
0.991  1.01387952827307E+0000  9.00899980000000E+0000  9.91000224055510E-0001
0.931  3.82775074680148E+0000  9.06899916013069E+0000  9.31000433454540E-0001
0.900  6.27406273662925E+0000  4.91577519474117E+0000  2.25452178375643E+0000
0.920  5.09105089682243E+0000  7.71616673748034E+0000  9.20020323784220E-0001
0.840  8.40000344152510E-0001  7.75575655816987E+0000  2.31452197899576E+0000
0.991  9.00899977438881E+0000  9.91000287358730E-0001  9.91000241150450E-0001
0.931  2.27069206759659E+0000  5.06676555947689E+0000  9.31000609126800E-0001
0.900  6.33775039206629E+0000  7.61108502770016E+0000  2.25452198111764E+0000
0.920  5.01353511538330E+0000  6.36270381554813E+0000  2.23451128309656E+0000
0.840  2.16269926324967E+0000  2.85772383243906E+0000  8.52291320827030E-0001
0.991  2.44216857810288E+0000  9.91000218993940E-0001  1.21838454893768E+0000
0.931  2.47079842296789E+0000  7.72804864843726E+0000  9.31259926687010E-0001
0.900  3.62786197624138E+0000  3.83807052311358E+0000  9.00000231248110E-0001
0.920  9.07999795222235E+0000  7.55967724022023E+0000  2.23452194736931E+0000
0.840  8.40000539642930E-0001  3.92416246354869E+0000  8.40000217916200E-0001
0.991  9.00899963655934E+0000  9.00899979001718E+0000  9.91000262824740E-0001
0.931  7.53507566941953E+0000  2.27131840861061E+0000  9.31003563779400E-0001
0.900  7.67304565074001E+0000  6.38692151058380E+0000  2.25197694875608E+0000
0.920  9.70164352864510E-0001  2.85834446467825E+0000  2.23452197306809E+0000
0.840  4.22726995334490E+0000  8.40000241389380E-0001  8.40000208229630E-0001
0.991  6.49658826911733E+0000  9.00899980000000E+0000  9.91000218911560E-0001
0.931  6.33535204322752E+0000  6.34583922388235E+0000  9.31000222267490E-0001
0.900  5.09262158155351E+0000  9.09998482962553E+0000  2.25452130874832E+0000
0.920  3.70074418342458E+0000  5.07344736831804E+0000  2.23451937674286E+0000
0.840  4.84905873064312E+0000  1.35143513203232E+0000  2.31452198211168E+0000
0.991  9.00899980000000E+0000  3.50341111426409E+0000  9.91000225704270E-0001
0.931  9.31000781335620E-0001  5.02599234743391E+0000  2.22352196603761E+0000
0.900  4.92359098549099E+0000  3.72458717229012E+0000  2.25403751337113E+0000
0.920  2.43950947518253E+0000  6.41338426169017E+0000  2.23451852340049E+0000
0.840  9.15999950195710E+0000  2.24720570426202E+0000  2.31452195346269E+0000
0.991  6.06188174241348E+0000  9.91000370342240E-0001  9.91000235113130E-0001
0.931  6.28417515899698E+0000  3.65056077907920E+0000  9.31003326010450E-0001
0.900  7.60360902900643E+0000  3.56877237963489E+0000  2.25452196755808E+0000
0.920  3.72602258169575E+0000  6.36285800141239E+0000  9.20003504885340E-0001
0.840  7.75279393382869E+0000  9.15999895889085E+0000  2.31452189150452E+0000
0.991  9.91000343166520E-0001  6.49955128048790E+0000  9.91000216533720E-0001
0.931  5.01431410101860E+0000  5.03362566766078E+0000  9.31000637990200E-0001
0.900  6.24704006078406E+0000  2.38567381961852E+0000  2.25452144052958E+0000
0.920  9.07999980000000E+0000  6.27218569146863E+0000  9.20000278297430E-0001
0.840  8.40000217808230E-0001  1.79252651089137E+0000  8.40000223126910E-0001
0.991  7.67978363069773E+0000  4.97361861919329E+0000  9.91000249380030E-0001
 3.15452218211168E+0000
