0.692  5.10306965945375E+0000  2.43969539249576E+0000  4.25763337519746E+0000
0.612  7.25898265656586E+0000  4.03961377513440E+0000  2.38888688638338E+0000
1.119  5.24245999757363E+0000  6.30789528644101E+0000  3.83063331962596E+0000
1.393  3.62762614903560E+0000  4.40332663306728E+0000  3.55663331379750E+0000
1.664  4.04190065506727E+0000  7.65719482183782E+0000  1.66400072876571E+0000
1.254  1.25400039762241E+0000  4.28301532630850E+0000  1.54574978623703E+0000
1.353  3.50175793916203E+0000  1.35300020077531E+0000  3.59663337258865E+0000
1.284  1.28400022925386E+0000  5.69326527736711E+0000  3.65566544742619E+0000
1.086  8.91399911413394E+0000  8.91399911383516E+0000  3.86363330437753E+0000
0.977  1.03576618491031E+0000  1.02235908790862E+0000  3.94745791246877E+0000
0.958  3.12624642496565E+0000  5.30389341785403E+0000  9.58000399155050E-0001
1.521  1.52100023703943E+0000  8.47899972365675E+0000  3.42863269481617E+0000
1.165  6.12857915518475E+0000  3.90336590262878E+0000  3.75320356765003E+0000
1.035  6.31755628465520E+0000  8.96499974002303E+0000  1.03500042280533E+0000
0.729  5.06875969623561E+0000  2.48093591231997E+0000  7.29000270370560E-0001
1.411  6.78394074898925E+0000  1.41100025342991E+0000  3.52341986011984E+0000
1.062  4.02110653198742E+0000  1.06200117012810E+0000  1.06200110642011E+0000
1.256  8.73824255991815E+0000  3.22298596013013E+0000  3.68125340373757E+0000
0.950  9.04999972637961E+0000  9.50000477424510E-0001  3.99963311203824E+0000
0.971  1.05647197992593E+0000  9.00551937113019E+0000  1.00079637007290E+0000
0.692  5.08800843382445E+0000  7.01175250678170E-0001  2.47032850369278E+0000
0.612  2.58059147946020E+0000  2.88223683896238E+0000  2.77558855512648E+0000
1.119  3.47292681469478E+0000  3.27288096339308E+0000  1.22016908726944E+0000
1.393  8.60699973989272E+0000  1.42466686562728E+0000  1.39300026093647E+0000
1.664  7.95550281081742E+0000  6.01215024284446E+0000  3.28563338572370E+0000
1.254  1.25690226236642E+0000  6.77452292065541E+0000  1.25436807893950E+0000
1.353  8.64689517626766E+0000  8.64699980000000E+0000  1.45405030283780E+0000
1.284  5.27356828211148E+0000  4.98213737086920E+0000  1.52472798010308E+0000
1.086  6.16861097048074E+0000  1.08600042233875E+0000  1.10143749537659E+0000
0.977  3.94244976115319E+0000  8.98623054103146E+0000  3.95965191412090E+0000
0.958  3.22325303318141E+0000  6.76703913911694E+0000  3.99163326100504E+0000
1.521  1.52100020000000E+0000  1.52100021808503E+0000  1.52100020000000E+0000
1.165  1.16500033670721E+0000  3.25055937624501E+0000  3.78463318350557E+0000
1.035  6.64643124997867E+0000  3.15204469191128E+0000  1.14404890425048E+0000
0.729  7.15285362227650E+0000  5.17456884064672E+0000  7.52735077078840E-0001
1.411  6.29636466253680E+0000  8.58899980000000E+0000  3.53610148051636E+0000
1.062  6.61107785953255E+0000  6.87962074108131E+0000  1.06968865099107E+0000
1.256  8.74399901175220E+0000  4.06657335829615E+0000  1.25600066110384E+0000
0.950  9.04999979673184E+0000  6.43628706231155E+0000  9.50000200000000E-0001
0.971  5.05396662813507E+0000  2.62347046610527E+0000  2.42295031400891E+0000
 4.94963358572370E+0000