1.158  4.00957209588307E+0000  3.82942744052288E+0000  2.50934057014692E+0001
1.554  1.55400021110336E+0000  3.44599980000000E+0000  2.69833589256356E+0001
1.630  4.17098422120082E+0000  1.63215398203376E+0000  2.68231568534345E+0001
1.679  8.32099980000000E+0000  3.32099970685906E+0000  1.91695811535594E+0001
1.648  5.24528026516944E+0000  1.64800020000000E+0000  2.36927037286515E+0001
1.674  5.01938351929028E+0000  3.32599980000000E+0000  4.31449712143729E+0000
0.663  8.66156181001290E-0001  4.02753709133241E+0000  7.90813854730265E+0000
1.963  1.96300020000000E+0000  1.96300020000000E+0000  6.22385717892737E+0000
2.015  7.98499980000000E+0000  2.01500020000000E+0000  6.07379354711678E+0000
1.018  6.29291182804206E+0000  1.02293141596248E+0000  3.71669088702060E+0000
0.471  6.35923750459772E+0000  6.36746918129410E-0001  2.76803991652708E+0001
2.022  7.97507201467436E+0000  2.96009456517139E+0000  2.06750125951885E+0000
2.418  2.41800020000000E+0000  2.41800020000000E+0000  1.98007535015694E+0001
0.617  8.96427840933038E+0000  7.55306497980700E-0001  3.56967366452887E+0000
1.480  5.89301909033520E+0000  3.51999980000000E+0000  2.11806982158567E+0001
2.300  7.69999980000000E+0000  2.30000020628618E+0000  1.04026043789660E+0001
0.565  7.33760924447200E-0001  7.24124696936560E-0001  8.41797677240989E+0000
0.852  1.00546185834377E+0000  4.05528916402472E+0000  4.36073040937129E+0000
1.121  4.92345151401082E+0000  1.12100020000000E+0000  6.02937349213915E+0000
2.379  2.51501936265492E+0000  2.62099980000000E+0000  1.50090323848101E+0001
0.808  9.03319169032072E+0000  4.08220671960212E+0000  7.96391094014938E+0000
0.542  7.72275028422770E-0001  4.28237175751785E+0000  7.72295129452460E-0001
1.278  6.13937449207188E+0000  1.29373687749481E+0000  1.95397235448841E+0001
0.606  9.18124350760475E+0000  7.88508011881720E-0001  2.00170473690796E+0001
2.202  7.79799980000000E+0000  2.79799980000000E+0000  2.63353589263990E+0001
0.967  4.89622934530915E+0000  1.00665372079943E+0000  9.08818931790485E+0000
0.900  9.01678687510515E+0000  9.87061671904960E-0001  1.79726622020225E+0001
0.850  9.06945620563576E+0000  4.10632552962131E+0000  2.15571365036506E+0001
0.475  9.27615954958490E+0000  6.90820078517420E-0001  2.47100270040869E+0001
0.997  5.07452782162640E+0000  3.99935071864244E+0000  2.75314477560503E+0001
1.325  4.90118943969957E+0000  1.32500020000000E+0000  1.24898665755739E+0001
1.216  4.83541974818326E+0000  1.21600023023117E+0000  1.73682161719591E+0001
2.134  2.13400020000000E+0000  2.13400020000000E+0000  2.13400020000000E+0000
0.455  3.42565913062653E+0000  4.19698752572302E+0000  2.78454667216917E+0001
2.479  7.52099950521384E+0000  2.49186868079308E+0000  1.51743954784688E+0001
1.281  5.50464953285401E+0000  3.69192851449395E+0000  1.81512792163781E+0001
1.712  8.28799980000000E+0000  1.71200020000000E+0000  2.22688483949951E+0001
0.642  7.20503965029919E+0000  7.33612239318940E-0001  1.78758429033886E+0001
0.745  9.05006919256807E+0000  4.11766493481862E+0000  4.48720720341565E+0000
1.227  4.93517917042408E+0000  3.76770945864213E+0000  1.23487111326092E+0000
1.243  5.29270276966645E+0000  1.25590675449596E+0000  1.26621093918550E+0000
0.799  9.10257553743325E+0000  4.11364004197968E+0000  1.26475701325563E+0001
0.749  8.68176203712430E-0001  4.13313718187478E+0000  1.74227879309360E+0001
1.161  5.01019053797234E+0000  3.81830074053366E+0000  1.22025390400180E+0001
1.000  8.98360454967897E+0000  3.98461236335172E+0000  2.35923400656831E+0001
1.812  1.81200020000000E+0000  1.98039744491770E+0000  2.39641861314859E+0001
0.960  1.05548406494929E+0000  9.89848129639690E-0001  2.74306975727190E+0001
1.149  3.78129814772274E+0000  3.84869364465518E+0000  2.27730961073164E+0001
2.247  2.24700020000000E+0000  2.47318372293312E+0000  1.03931688879453E+0001
1.665  4.96997465180112E+0000  3.33499980000000E+0000  7.71988809141160E+0000
 2.85373591263990E+0001
