87.257095671382
-78.4525351652891 20.9298581491496 0 6.06067275574443 
73.0977479779749 44.1126537048181 0 0.999999991274928 
-1.30422924547905 20.0684125478282 0 4.03505190017128 
20.3631399003231 -42.8151218594509 0 1.99325550738511 
23.2518526993052 47.3867758733914 0 1.00674446133556 
22.9725925778284 -31.0445779327202 0 10.0630684604151 
-16.020427274468 -35.2117572868253 0 12.0328862664519 
-46.6598966332481 63.5407005004657 0 8.42457423302061 
80.0204266994977 13.2685772642682 0 6.14406533579338 
-51.5342821109825 -50.4016683687652 0 15.1730455545833 
3.46952480353731 -22.5446719109099 0 11.2117536303818 
34.9012449841446 -56.1592924863768 0 17.7405578381815 
42.7716578066801 -29.7928063558052 0 9.77552816401783 
-18.5573559957696 -65.9173720722096 0 18.7773520756145 
-55.9279615696162 35.7290952855306 0 20.8906506903128 
-55.9279615696147 35.72909528553 0 20.8906506903169 
83.096619915106 -23.747886145128 0 30.9999988605117 
6.08606111787028 -46.3208159662847 0 12.7079304903581 
-68.5929737696087 -1.72048875999829 0 18.642549018518 
-68.5929737696085 -1.72048875999821 0 18.6425490185176 
-8.0266121530539 55.6815454368878 0 30.9999988605117 
30.9971044660635 8.46640425239342 0 30.254551810209 
-24.4436502230228 1.490332935934 0 25.62337631456 
68.9587528083289 28.4670010680932 0 12.6536131220676 
49.1436594641418 62.2962155219256 0 26.5516629873003 
42.4522769842999 -70.5670828704136 0 30.9999988605117 
-8.02661215305372 55.6815454368876 0 30.9999988605117 
30.9971044660636 8.46640425239338 0 30.2545518102091 
-50.7992320165304 -39.3618634155664 0 22.9926564156527 
-18.3808955568828 -82.5389211942743 0 30.9999988605117 
