124.08621176302
-49.6937203790647 -111.514913381846 0 1.99999985470476 
101.743472396607 -69.2710612250211 0 1.00000012107938 
88.334150110678 -76.8521799836011 0 7.00000004843174 
-112.398201828558 47.6622070133436 0 1.99999985470474 
42.0361327242917 -115.685684698436 0 1.00000012107938 
19.6443308153234 -110.351343106553 0 12.0000009169531 
-108.068579412505 29.7405621563598 0 11.9999998805171 
-112.099390786948 -30.1618163340925 0 7.99999992025432 
-18.7137742217859 -64.4680502918931 0 12.9999993620237 
92.3148322970806 70.3845176010805 0 7.99999992025176 
-96.6007080156772 -48.486413271163 0 16.0000005034308 
6.19318331213329 6.7642716071247 0 18.0000006297431 
-70.9762924026772 82.8381943329596 0 14.999999850257 
-91.0492016342879 54.4456369873159 0 17.999999155977 
11.672515244764 109.465634738658 0 13.999999860592 
95.0077497247572 42.5143151529964 0 19.9999998785318 
93.6014600631533 -38.1731412736904 0 23.0000008297792 
104.025853357865 3.54414807276984 0 20.0000015609374 
50.4973789361905 -29.3392246468116 0 20.9999979508441 
10.566899570976 -45.2940553440731 0 21.9999997799076 
-90.4627047266845 -3.93484785735021 0 26.000000946775 
-13.8315671748683 -100.13545827375 0 22.9999997702618 
-47.8791923403994 38.5601063677986 0 27.9999985120356 
-32.4566678320933 93.6196612852415 0 24.9999997517143 
5.65555402192641 54.9927226988695 0 28.0000010192134 
49.0034672133347 -80.3173397797594 0 30.0000019956703 
56.9963386557046 77.3561731502679 0 27.9999997203925 
-35.5260003535871 -19.1321664077918 0 30.9999988605117 
-59.5961920955626 -74.0923856424538 0 28.9999997098154 
51.1530495017131 20.6564737926772 0 28.999999711762 
