124.442895484464
-18.7129067839193 -77.6962346014925 0 1.99999985470475 
108.656906045721 -53.3820972274749 0 1.99999985470475 
95.3796760964258 -66.6220689705253 0 7.00000004843174 
28.8509346483536 118.785824958065 0 1.00000012107938 
69.9683392518716 -100.390748687275 0 1.00000012107937 
46.024588920427 102.592114624024 0 11.9999998796979 
80.1400380264875 -82.5674066898546 0 7.99999992307864 
-110.773493267077 35.8912399858039 0 7.99999992249118 
-5.07745848308171 54.6753825169039 0 12.9999993822787 
-70.3029883251056 -0.209665980465108 0 12.0000008924536 
3.93131567716927 18.4414315838846 0 18.000000626022 
68.1918060029994 44.3016755832561 0 14.999998532487 
103.62033653268 -31.9794851673421 0 15.9999998376953 
7.72207867217516 -62.1814920667308 0 17.9999998220081 
95.8692977435082 54.4760751209797 0 14.0000011817876 
-103.267899472752 8.91595219179899 0 20.0000016306492 
-88.1830816616655 54.0756614112607 0 20.9999979549333 
30.5648030210876 49.612852376397 0 23.0000008283386 
69.4503853982972 -48.6052005204544 0 21.9999997800236 
67.9682003094644 79.3009596470043 0 19.9999998060553 
95.7767495543965 11.3157582852996 0 27.9999997240866 
-47.7170184841288 87.2466342624953 0 25.000002102631 
42.650825547395 -6.39402104609058 0 28.000001014203 
42.9086412799293 -88.5993944243621 0 25.9999973677611 
-4.40406180472085 -101.34725118614 0 22.9999997913182 
5.6830646099155 95.2735486457997 0 29.0000000041571 
-51.8723832753978 -80.1161794170608 0 28.9999997182684 
-25.5419584956531 -26.2022795560724 0 30.9999988605117 
-41.9484067569075 32.549984429601 0 30.0000013847918 
-89.0873314928015 -36.9415622064736 0 27.9999997234528 
