87.3194970581445
83.1385068809351 -9.98117005095674 0 3.5839912333304 
-51.9597008887989 -44.7146012178311 0 0.999999990012151 
-16.6548202923947 -41.9165323692927 0 2.95660379757296 
73.6891684135804 -34.5072633201337 0 5.95092437051058 
-31.1344450404719 79.9011225944832 0 0.999999990012158 
-46.9816218275206 -57.993466530504 0 12.6836154768591 
76.0017389025416 -20.012576492452 0 8.72708395857534 
-68.1427359748518 -51.4515794664426 0 16.2377342583202 
67.4745320319675 -44.9799701588827 0 6.22689538081754 
-7.75771367648524 -66.1781539366744 0 6.7472708621838 
-22.7081703451776 -55.3065023079318 0 11.7381007529376 
-69.3104931998815 18.8344941571404 0 15.4955281318626 
-21.0089503350069 80.1633426265545 0 4.44889098755587 
-7.96464588548334 78.1675730818761 0 8.74720596030426 
28.7662277234285 68.7632637058944 0 29.1684650864147 
-99.7305562775638 -16.3287511633442 0 30.9999988605117 
-77.3079661995427 -5.20218762001538 0 9.83669729833809 
49.0108801526654 -27.4114946166396 0 19.259527938441 
18.5593086119708 62.6407575302778 0 21.98717484306 
53.8667015067962 42.8474077678634 0 18.4898394719403 
7.47474936832827 -75.7229129704216 0 11.2285561127812 
67.2298785084517 7.04940055448408 0 19.7210466737208 
-28.6250763053594 -97.6330354628592 0 30.9999988605117 
-37.7391132976774 -15.2988038110746 0 30.9999988605117 
-37.7391132976784 -15.2988038110748 0 30.9999988605117 
9.29171132873194 -41.8136258368784 0 22.9901318916576 
-31.885363836567 46.4242341206689 0 30.9999988605117 
49.6585376706546 -77.6668486094735 0 30.9999988605117 
17.5673020670246 10.5950933715075 0 30.0679424339437 
-31.8853638365671 46.4242341206694 0 30.9999988605117 
