128.262938830541
-115.653249300176 45.8641884958198 0 1.99999985470475 
-45.6290752410468 69.3548339045408 0 1.00000012107938 
31.907544139119 -121.159299838641 0 1.00000012107937 
57.2224742655753 -55.731996190673 0 7.00000004843174 
19.222045078715 64.5074326524124 0 1.99999985470476 
86.0526546818679 -78.1793556770424 0 11.9999996235425 
74.0086821157607 94.3606384942967 0 8.0000000491104 
106.608590058605 43.1641058256692 0 11.9999998853532 
8.74582516314061 -111.722508937055 0 13.0000003928834 
-116.75900417112 -22.5104621433117 0 8.00000004911048 
-75.0614244173458 -83.4790394383018 0 15.9999998795047 
-58.7668077406492 7.74349074524873 0 18.0000006295959 
46.8482119214995 69.936085637157 0 17.9999997799735 
52.6628432133696 101.403372141221 0 14.0000011082147 
-95.7938712387436 -60.4320102408786 0 14.9999986027112 
106.783555643381 10.1296565165077 0 21.0000016276231 
84.760374791935 67.3538627864045 0 19.9999998005938 
-85.9415255052088 -26.8473236729673 0 19.9999998004304 
43.6074849488072 -21.1054164479885 0 21.9999979416853 
-104.58820490485 11.8993071694276 0 23.0000008296674 
60.419176887525 25.9835091098386 0 28.0000010179709 
49.733175642332 -89.3550205878263 0 26.0000009487677 
-43.9699378005316 -43.0764883234718 0 24.9999997503698 
-42.2040719729292 96.4318549452721 0 22.9999997702715 
7.50532016212392 -55.6978049634475 0 27.9999985126201 
9.74271793527974 98.7836551747013 0 28.9999997102499 
-79.0638056207992 58.3482606090841 0 30.0000013810651 
-9.10440997201447 29.9457604328611 0 30.9999988605117 
-32.5512550686596 -94.8318129750301 0 27.9999997211932 
91.8685275401835 -37.59394458029 0 29.0000000174283 
