87.3194959820306
81.0989713335572 -27.3104584807576 0 1.74552712599743 
48.4619829089266 42.2724560888074 0 3.07276413136204 
-42.1331887715857 -43.0089985195003 0 5.60004214329887 
59.7700938602395 54.3257832251051 0 1.06507381554076 
-56.8268362440257 -24.4555000006304 0 2.93806678503992 
22.8949882099005 64.1988201475637 0 11.1302838250449 
78.3846572281411 -31.1631341658918 0 2.96728633164977 
-43.7111112464794 50.6714661246915 0 20.3997036150291 
-68.6930130059396 44.9427974338458 0 5.23061163196416 
78.3846572284358 -31.1631341650962 0 2.96728633188711 
-49.4949049951656 -51.5073920397368 0 5.64351415167534 
-55.6272125663502 14.4504011916302 0 9.27052059483331 
24.950020176864 -70.1821835832013 0 12.8343144399119 
-56.9218339820294 -37.5553573631833 0 10.1621350208583 
-79.9456046287738 -71.2490681804301 0 30.6466895535766 
58.7173446624081 86.3735698288091 0 30.9999988605117 
73.0442791307685 34.660365089258 0 22.6611282462977 
46.2539876402441 58.1835425501632 0 12.9907944818433 
3.33658093559747 58.1911808434662 0 9.3299953761632 
63.6693068054503 -9.90914633437608 0 22.8837008180295 
63.6693068075078 -9.90914633222823 0 22.8837008190994 
-70.5083413282071 28.5696171886953 0 11.2428958318414 
-27.5682724646037 -11.6029878505305 0 29.018945320071 
68.2865129122706 -63.5946615095448 0 30.9999988605117 
-1.93313888040052 97.9112893056548 0 30.7381586005947 
21.8674055651156 -32.7318268805249 0 24.7426962176017 
-33.8830601802277 46.6985615327988 0 29.623592177099 
-18.5917736669809 -70.6535856231399 0 30.7100311293053 
21.2313326204427 22.5544821506458 0 30.5472717259297 
-87.567774098543 -10.0754074813296 0 30.9999988605117 
