87.3194980215256
17.2225049387169 -48.6814314014511 0 1.99999988613202 
72.2874002084729 45.3187359453994 0 1.9999998860837 
-44.6783139268284 73.8569924200261 0 1.00000009074663 
18.7903767209308 -51.2399672414268 0 1.00000009068211 
-11.0989973548271 79.5487441919011 0 7.00000003919935 
37.6457239354219 -73.4904683398984 0 4.74801801457647 
-58.30065648309 33.8195564516936 0 9.61449946001623 
-34.4417746235686 -70.9802182669563 0 8.42445967899213 
55.4557891459978 55.4045875791565 0 8.92936645973045 
66.0409000561791 21.4924822556606 0 17.8693206029628 
43.7888029326289 -44.4935997632649 0 24.8924240399963 
4.94510006704176 -67.0912314776476 0 20.0462698401225 
72.3454686690093 -21.2796475198734 0 11.9093521973616 
9.29376272703618 -36.9361135706546 0 10.4207943636328 
-47.0298548317067 46.4133076707735 0 7.28619694903172 
-77.4816344057395 69.6193830993353 0 30.9999988605117 
-66.9958030792785 5.39891581906882 0 20.1065097197034 
52.6779046053214 -9.92540544557354 0 10.8003789400359 
-58.3006564831036 33.8195564516852 0 9.61449946003403 
16.8462728316533 -1.2355119749766 0 26.0699354276997 
-29.7824746630417 63.6181220646109 0 17.0752020238093 
43.7888029326311 -44.4935997633369 0 24.8924240400593 
3.14872123127396 -82.8647704186815 0 30.9999988605117 
93.4955896940165 -18.9358547921358 0 30.9999988605117 
-26.7608323718535 22.8892304298907 0 23.7656223169642 
-83.7540413356893 2.17050114800666 0 30.9999988605117 
59.5831069294296 23.4544634643698 0 23.286238161532 
16.5010201904856 54.8625346860095 0 30.0291735912114 
-31.7877213472268 -31.64519621707 0 30.9999988605117 
-31.7877213472029 -31.6451962170392 0 30.9999988605117 
