87.3195061621018
-86.5114851259699 2.63192735993978 0 0.767995781428623 
-82.8918202401521 -16.7684261826805 0 2.74862564362825 
-8.09950615380329 -23.8712505232771 0 5.93023370029987 
-85.9268611054361 4.58471048465287 0 1.27042203326376 
-34.9276528477873 -37.8320697563406 0 3.75147913066529 
-54.8214894072634 -10.9747031428029 0 7.71630096410609 
-74.2075036486784 -3.6010477495341 0 13.0246812218122 
-74.2075036486785 -3.60104774952801 0 13.0246812218144 
-0.435707474244433 77.0437338874309 0 10.2745411237522 
0.0263690782806437 57.7965504744446 0 8.97818813946903 
-41.0460757361843 -71.0585887653322 0 5.25792424131704 
9.5997122747864 -23.0865657098633 0 11.7863704677991 
58.4088927446984 -47.4975588212385 0 12.0359308341813 
41.3474750654812 -86.0609898627162 0 30.133135872649 
-0.435707474243913 77.0437338874315 0 10.2745411237491 
96.855104407427 -28.158994237883 0 30.9999988605117 
53.625086675277 -23.4466764574342 0 12.4860948366199 
31.3110218757225 -12.4793158524092 0 12.3775430011723 
31.0184471415663 -40.9756335821805 0 16.1202766371982 
58.9167105325733 15.5902160951102 0 26.9078166627006 
-47.9224228296334 15.0445637788289 0 19.2020825458903 
-30.4559856984139 -17.1409297248357 0 17.4173442402127 
-93.570692628652 35.9367746002383 0 30.9999988605117 
36.5023515068874 65.7433384209939 0 28.3534168730265 
-18.3307127000256 -99.3189725607428 0 30.9999988605117 
-68.3818427576949 -47.2385792885603 0 30.9999988605117 
1.62200235543403 18.3951483113385 0 30.4555098608893 
-10.0281208578506 -58.1038408923981 0 28.3566413113589 
58.6671909834961 15.3825902161069 0 26.6691700235321 
-38.8746120075613 63.7970378942104 0 30.3828608649119 
