87.3193979997187
84.8993599807488 8.41655000441442 0 1.99999985734526 
55.4202225576226 -32.2878459728669 0 1.00000011874367 
13.6276550399193 61.880616651839 0 1.00000011877082 
-1.98704645913595 23.2168025680568 0 1.99999985726522 
22.5889860593121 53.3035991545957 0 7.00000004761446 
-61.2218869318281 -26.990719524731 0 10.5826387449842 
68.6584052303923 -29.8188391270217 0 12.465275809563 
76.1613263651278 17.5023108584085 0 9.17287956611214 
56.1949795338864 12.2946024520476 0 11.461442082685 
-79.1694115734277 17.9894101042936 0 6.13187173764289 
21.4299817825388 72.2404480005351 0 11.9673822444526 
-0.0165835439035783 -47.4412186953692 0 17.3609486277307 
17.4552545293744 -20.5800944839777 0 14.6825392118321 
40.0641925143672 -50.5240900678369 0 22.838214235498 
21.429981782539 72.240448000572 0 11.9673822445137 
-57.8888706150136 27.5981271307114 0 17.2174079702155 
73.9929775352237 -4.73988641344155 0 13.1747617617601 
40.0641925143169 -50.5240900677722 0 22.8382142355959 
-0.0165835438948006 -47.4412186952985 0 17.3609486279459 
-101.071866774706 -38.8690566819415 0 30.9999988605117 
46.5486272821314 -12.808229993939 0 15.4310160408138 
-71.4117427873864 -2.58952856020123 0 15.8607210709547 
9.51249011484814 -94.8540655010184 0 30.9999988605117 
-44.9723913467752 -65.2669481838059 0 30.9999988605117 
-17.2842139879064 53.6015927944316 0 30.9999988605117 
60.5772807331553 54.5292972076414 0 30.9999988605117 
-17.2842139878254 53.6015927943687 0 30.9999988605117 
22.0911691974792 16.7475133009836 0 22.9318463161246 
-25.4761036909763 -7.14925049382957 0 30.3006696100399 
-79.265588165471 55.1211565766717 0 30.9999988605117 
