87.3194971823975
-32.6725846885341 -62.937364808774 0 1.53095994656089 
-63.221160929401 59.5490291355588 0 0.46904003359578 
-4.29153342872356 61.4883667933217 0 2.96443030761887 
79.2544124047236 15.2740285313078 0 6.60668722739106 
-11.8158850688243 60.2468916305293 0 1.99999997990024 
55.4170941616664 41.7550232681111 0 17.9326384033474 
-49.7536078079668 -15.8339579943318 0 3.16550397902477 
-56.2870784014111 38.2915164417798 0 14.0768535426598 
-72.8583463868409 -4.50783370359411 0 5.47281029083236 
11.4179440347684 -81.4945425532763 0 5.02897666654234 
79.0687456601579 -52.0936290974097 0 29.5286815261097 
-5.02960963715194 -74.1757336272209 0 12.9734394442613 
-81.6376289272771 -10.2846603640751 0 5.03659160349185 
-5.02960963715883 -74.1757336272172 0 12.9734394442686 
-27.501031683349 -72.7521271622281 0 9.54303150582568 
27.1409761703168 -58.5362381856089 0 22.7972246339757 
51.0203171526717 32.8381510002868 0 26.6448169878329 
52.2191520929404 64.1008447438332 0 4.64085425504858 
-53.4749780555301 43.1551459382296 0 18.6031252033896 
-51.103489641181 5.95866037226116 0 18.6688816579171 
-39.364589860757 80.0713205646369 0 30.9999988605117 
70.0228083764462 -6.45275644795475 0 17.0000003495742 
-66.6168118842782 -25.1659949803724 0 16.1076526373179 
-98.206215316376 21.7171805196926 0 30.9999988605117 
22.0591795177098 82.0490259594587 0 30.4556007572772 
30.1949102715696 -12.5486075100208 0 23.2916969003962 
60.2046182213481 -38.0575373224672 0 16.0946975916593 
-6.38339585514745 27.5714097354888 0 30.9999988605117 
-20.1453690261583 -32.8819432694907 0 30.9999988605117 
-68.0409789408026 -72.2521140337699 0 30.9999988605117 
