125.291447695676
-100.716193664368 72.8324871461174 0 1.00000013432492 
97.35237169236 73.9325840224893 0 1.99999985422656 
74.3908425103562 12.9359094170743 0 7.00000004859114 
-92.3071453697718 82.7375638242574 0 1.00000010863082 
-2.60335889806435 122.225910236859 0 1.99999985422656 
-15.8059326748165 -116.221408320045 0 7.99999999691791 
72.1704492509202 86.0660232556957 0 12.000000172982 
-19.5559595112766 -58.8597280215378 0 11.9999997830975 
-0.533374058237604 58.2603826946217 0 13.0000000351364 
27.4107714139224 -114.043537384837 0 8.00000001186615 
-56.3830421814706 -15.0927264929786 0 15.9999998094289 
16.1985224566858 -1.8581734705636 0 17.999999851937 
-74.4083950180648 81.4100388167605 0 14.9999987605901 
5.6018106038728 -111.150373639175 0 14.0000010248433 
2.39203724459805 -79.3117566364629 0 18.0000005532007 
-91.6340349810459 49.7986932067151 0 20.9999989165114 
87.968577227237 -57.8603347767278 0 19.9999999039383 
23.1247754297268 -41.25394807506 0 22.0000004364813 
-18.3857241902965 -23.8792970829973 0 23.000000070175 
54.2826542943264 -13.0901836508048 0 20.000000672894 
99.2664907850477 -14.3016693108993 0 25.0000019849697 
48.0899014570417 -84.5753344531052 0 27.9999997862776 
96.6070716590834 33.6246040816617 0 22.9999998112833 
-40.0688248743248 -90.8475719831912 0 25.9999974943399 
-32.6456728512965 91.6508894588971 0 28.0000009231295 
24.3341897897653 93.1659280288587 0 28.9999997208636 
-39.3284693731772 32.1396762874371 0 30.9999988605117 
43.7453411087572 37.4505140617872 0 30.0000014656307 
-97.2849360605119 1.12562877362697 0 27.9999997660573 
-80.220904597726 -53.2602040012149 0 28.9999998972359 
