86.937827817886
67.2763808310686 -4.33655864280956 0 2.40187286739833 
-77.3131783420345 -30.1462780241609 0 3.95514601488815 
-0.245417703681215 45.2251235799282 0 3.05003908818099 
43.4102595763393 -28.6336981026674 0 3.62344735270248 
-27.5261926610818 -62.2478013725141 0 2.79993442726865 
-38.6643217290243 16.6356025607947 0 6.09495962790093 
27.5182833798194 -69.8704971858069 0 11.8436058954328 
2.74257039382295 -73.6656937048478 0 13.2210997789425 
-54.4034840873595 24.4124465316243 0 11.4606814562165 
75.6582778245306 -13.5739633255592 0 10.0715325408934 
10.1951686942658 80.1140270560306 0 6.1776974632831 
-19.6485719800034 1.91430049903338 0 17.9532310083069 
-51.9687390984719 -66.7808374184068 0 2.31850412594386 
-15.3963855209813 -59.8875614268741 0 9.55736923716291 
-34.9777056423346 -93.63373268105 0 29.4584246404492 
-45.5261893901021 -36.6525822741577 0 28.4908808844217 
-74.0523543125487 60.7636409014628 0 29.8610735054917 
2.74257039382382 -73.6656937048479 0 13.2210997789421 
-48.589634782405 2.7182924272263 0 10.9989972150446 
49.8518199685286 -10.1370258288902 0 15.9627872387004 
47.1011610434536 75.6275077130241 0 30.9999988605117 
77.0063353619697 24.6100598821218 0 28.1362793219159 
-23.8180892288764 95.1233379178684 0 30.9999988605117 
-25.4102633540941 41.8003172443522 0 22.3467865993811 
4.95261751858209 61.0433952856828 0 13.6004050475496 
-90.5853234743483 2.19119773702897 0 30.9999988605117 
21.0627843009696 22.8687610921158 0 27.8343650066404 
-45.5261893901023 -36.6525822741579 0 28.4908808844219 
11.4408704034216 -32.7491961349304 0 28.6097524275097 
67.22137765693 -53.7696028005806 0 30.9999988605117 
