123.928693930568
103.427416608351 62.1427977137937 0 1.99999985439188 
67.1658290014772 101.413874025726 0 1.0000001213401 
120.168172685734 6.06116769093651 0 1.99999985439189 
-40.5603355646945 71.2921744321778 0 7.00000004853603 
52.3345919390445 110.121104880435 0 1.00000012134009 
63.8507595350007 -49.779027815771 0 12.9999993602851 
-57.3107942946984 62.3243338390758 0 11.9999998799819 
110.250372777638 -18.7110019311423 0 12.0000009196616 
35.1991460962325 -91.8644866365482 0 7.99999992003571 
43.998142790168 -107.016058546117 0 7.99999992003571 
-83.0467144491051 70.4890339201952 0 14.999998520176 
43.240120663691 33.6511886729008 0 17.9999998199761 
-59.1717687832218 90.2624217885709 0 15.9999998400055 
20.288009574241 -108.040335435535 0 14.0000011898657 
94.7556427613123 -47.3524680331036 0 18.0000006299767 
-100.154079628245 -23.7376302709563 0 20.9999997899766 
98.5292327449296 33.0630270594866 0 19.9999998000567 
62.8591522237116 -82.764125352689 0 19.9999998000224 
8.55443301044558 55.8821185673901 0 22.0000016198113 
-34.8777994665618 35.4587301059175 0 22.999998990133 
-50.5989255721933 -13.0577213575558 0 27.999999721483 
-18.7519129035751 97.135224382034 0 25.0000021699456 
23.2693630585459 -55.6228528616409 0 28.0000010185054 
69.6344981923846 68.8554012502288 0 25.9999973200534 
29.2450914066166 96.5987884682065 0 22.9999997700127 
6.7011135798767 1.00305194246179 0 30.9999988600791 
-19.9258597190608 -92.813884203122 0 28.9999997099971 
68.682313711118 -7.05132952508571 0 30.0000019998829 
-70.0034819179853 -65.5883136869022 0 27.9999997200441 
-90.9471929495106 27.2041372040745 0 28.9999997099969 
