127.850092861897
122.310401011197 -24.8847851007617 0 1.9999998547048 
125.393082781783 -11.3658953002456 0 1.00000012107935 
-38.8889789396325 -114.412758345791 0 7.00000004843173 
-52.0584938088664 -114.936436608441 0 1.00000012107933 
-7.41835154096139 -124.444741895349 0 1.9999998547048 
62.2395924614295 42.514583136445 0 8.00000004621133 
7.39677580480075 -115.613716944699 0 11.9999998963699 
-99.5745203367958 -66.7005212689126 0 7.99999998085349 
-44.9461350247794 -55.9607187357532 0 13.0000001082593 
21.1085311811148 -95.9163102473239 0 11.9999999683059 
-78.6777657135341 -76.309147781166 0 15.0000002815252 
18.9603232155799 53.3705516973399 0 17.9999997304419 
-55.6264336840251 -97.0368133383862 0 15.999999418748 
-42.3936830860655 105.662760560653 0 14.000000079482 
-48.9488122318828 -5.22016091180816 0 18.0000004898028 
106.735642590412 4.94419178336365 0 20.9999982863363 
95.1593670906843 46.3566263639534 0 21.9999997674007 
-107.504659148113 8.62497755547285 0 20.00000136101 
-55.6719656171323 35.2248585785682 0 23.0000007262866 
-96.9673228249837 47.21208316511 0 19.9999998589664 
-8.30460023960397 16.3216132833123 0 27.9999988113775 
-15.3390176608422 -85.1656656811375 0 26.0000004866366 
56.5126694849593 5.3088127384645 0 28.0000009452776 
94.9536901363009 -39.5213621889858 0 24.9999998784066 
-68.4662779264383 79.409762878492 0 22.9999998783017 
0.906395737130365 97.8458921997154 0 30.0000016928588 
15.8968212228007 -37.4862949006394 0 30.9999988605117 
-85.0105416352742 -33.7780280173279 0 27.9999999253835 
58.6949690091741 -79.5376733963562 0 28.9999996640057 
57.3113518809336 80.5403614886935 0 28.9999996014905 
