122.906354880063
-19.5114188562324 -119.698978394554 0 1.00000011786699 
-10.6680783797742 -61.0393426310946 0 7.00000004714679 
-111.852588147834 46.4021716155337 0 1.000000117867 
90.9027100669554 79.1434756014332 0 1.99999985855959 
-56.5152162605661 57.4347457529625 0 1.99999985855963 
90.6367032318769 63.9156288568433 0 11.9999998145521 
44.3419033083017 -106.005952600462 0 7.99999996810584 
14.276216231881 1.05229028195556 0 12.0000005614323 
64.8564178267127 -32.5290770344704 0 7.99999995669728 
-62.1891217595721 -7.78247127050203 0 12.9999996992124 
-33.7600488975077 -103.541553181856 0 13.9999998995443 
-4.89588893527534 -17.9590334899563 0 15.0000000767259 
7.16649577146702 -46.5159747333601 0 16.0000000858225 
-32.2969257554817 0.430723211570562 0 17.9999993411232 
-55.6093927572998 28.2200226057817 0 18.000000596784 
42.5529293341441 16.033196221336 0 19.9999998582274 
-60.8462381659192 -82.9906812375561 0 19.9999998276093 
-83.029312532593 57.3430561122893 0 21.9999980593282 
-34.2769617857859 -42.5293172360775 0 23.0000008132527 
36.9658919948032 -24.5843510488292 0 21.0000014415824 
-96.256772244906 11.2016007597072 0 25.9999976172507 
-41.5833334195465 85.3114436690762 0 28.0000007351058 
-85.2697098238113 -41.6688466176994 0 27.9999999358285 
10.0214891706376 97.3921130878296 0 25.0000018967858 
95.6409631360293 -28.8805459909106 0 22.9999998150292 
63.1625208919815 -69.490283190138 0 28.9999997798237 
50.6407468875139 63.3469065989836 0 27.9999997473255 
-3.61021764081985 40.1556856423558 0 30.9999988605117 
8.82837309616936 -92.4859466120522 0 30.0000014459001 
91.0668559843007 22.9178856371343 0 28.9999998762384 
