124.776189896173
122.074182757691 2.70169504072172 0 1.99999985470474 
-121.579380452541 -14.8045284595546 0 1.00000012107938 
110.069487956475 -51.4601233923325 0 1.99999985470476 
59.6590080596071 -99.990630485499 0 7.00000004843174 
48.8920645875847 -112.427659659072 0 1.00000012107937 
33.6413630358206 -110.605857213968 0 8.00000004967731 
-45.7566477999912 -101.469325462329 0 13.0000003974177 
111.635243083795 16.0012980239688 0 11.999999861353 
61.2749565655455 -22.3887525813141 0 11.9999996418747 
-84.7755818578136 80.1386757492595 0 8.00000004967717 
88.8810931242735 32.3184230713464 0 15.999998525508 
-12.5444023820511 0.135364690966568 0 18.0000006247646 
22.8803881876237 107.365261822372 0 15.0000011627432 
91.6732901534268 62.1881994309689 0 13.9999998651891 
-93.1582809388545 52.1793968607377 0 17.999999821795 
-53.530319611675 46.7365438001738 0 21.9999997706925 
-57.8056872020665 3.9496177744753 0 20.9999979768695 
-70.9259108212177 -77.1204589180898 0 19.9999998041394 
-101.072153197912 11.9504187206804 0 23.0000008272472 
-55.8110130546282 88.6745761196992 0 20.0000016210514 
98.0613700237052 -18.4188986903664 0 24.9999997441719 
51.8765260320612 75.6127158100578 0 28.0000010123745 
-91.9095224815575 -36.1852892073587 0 26.0000009395933 
-14.5363186533798 100.73275688841 0 22.9999997776601 
72.0576927786665 -64.6012393558397 0 27.9999985262003 
21.563735326449 -36.0642414125457 0 30.0000013882698 
-2.45403676125996 -94.831440519377 0 29.0000000109543 
48.2506830441865 15.4314569778949 0 27.9999997274818 
-0.562119875616234 48.5722195259025 0 30.9999988605117 
-37.1763408788988 -41.5962913588662 0 28.9999997036887 
