124.876941457691
-48.2750923444264 -112.780083000931 0 1.99999991705981 
-90.0512067013684 76.0641405677444 0 7.00000002764672 
-84.491043992077 90.5911699895494 0 1.00000006911672 
-56.8129945793177 -26.1064247748361 0 1.99999991705986 
18.0043355945804 122.561578378969 0 1.00000006911689 
9.4303030948778 -116.495874805513 0 7.9999999200646 
33.5547830323181 111.956669884172 0 8.00000017992614 
112.719682307964 5.95627067985016 0 11.999999879461 
62.008996716509 36.4407097440264 0 13.0000003999628 
108.912535299521 29.6523802266073 0 11.9999996205855 
106.752999234857 -21.4006041951277 0 15.999998510293 
22.3487619300305 -6.7842309611663 0 18.0000006299786 
26.177728355274 -100.731237234706 0 15.0000011797344 
54.8466259431928 -96.3615265585476 0 13.9999998600532 
-61.5079245557145 -87.4039808629074 0 17.9999998199408 
-92.1536271234028 47.9387976553079 0 20.9999983343544 
-59.1842221527271 -1.06693710370718 0 20.0000012554888 
27.5828860267494 42.752836349598 0 22.0000001643152 
89.3247548110607 54.9569019264699 0 19.9999998001693 
21.1892611701908 -55.345227475988 0 23.0000004456724 
-101.754221059943 4.99897430627527 0 22.9999997700094 
71.5788548690634 -0.334526628711651 0 25.0000021699486 
-25.8250265411525 -35.5801850904504 0 28.0000010199159 
-15.62209343314 -90.6428788031521 0 27.9999997200692 
53.152913064809 83.3751636562338 0 25.9999973200569 
0.867098134399517 96.8730611740546 0 27.9999997201403 
-53.4511206509658 79.5950102710474 0 28.9999997098947 
-22.0101705471042 30.8562516763164 0 28.9999997103446 
75.1821992134045 -56.218478036834 0 30.9999988605117 
-83.6304978078712 -44.8059535925326 0 30.0000019991039 
