124.446949247134
-104.898331006395 -63.1632329598463 0 1.99999982787047 
116.076556227301 -17.8890672089708 0 7.0000000573765 
-121.2657749706 23.1032359929701 0 1.00000014344128 
-10.3985036968234 122.004610432283 0 1.99999982787047 
-33.1284802751308 -118.918675939596 0 1.00000014344128 
-69.3792309141013 93.522258560829 0 7.99999992001424 
-87.2736638962538 -69.3089476853029 0 12.9999993601132 
-106.680946684603 35.545633154755 0 11.9999998802571 
-4.46295259330354 -54.4478636100195 0 12.0000009196012 
89.6967529669369 -74.2588959695428 0 7.99999992001424 
98.4956584881778 45.3800186718939 0 15.9999998400182 
16.9353068746863 76.5925435873384 0 17.9999998200338 
-47.2608636817792 -99.8245398785562 0 14.0000011898871 
10.4429793876973 108.947598435839 0 14.999998520139 
64.5562871365907 43.350461031005 0 18.0000006299219 
-11.6453484365156 -15.8531605736811 0 22.9999989901201 
-104.383914164656 3.62818305076017 0 19.9999998000638 
102.167782670383 7.55786094698938 0 22.0000016198534 
24.0231227451358 -39.8689899269531 0 19.9999998000319 
-96.7361629046226 -36.6522323771429 0 20.9999997899308 
6.61853081424385 31.7643830394869 0 27.9999985102779 
-55.4542097726704 12.34277442612 0 28.0000010199659 
-79.1264311703704 60.2387222171279 0 24.9999997503844 
90.4020602597443 -38.9778030413114 0 26.0000009493366 
57.3135607868316 83.7056707048013 0 22.9999997700351 
53.0483129451607 -79.3473167132467 0 28.9999997100906 
-30.6511623848573 88.2770566061922 0 30.9999988605117 
52.0858508675844 -0.926940106080738 0 27.9999997200367 
-2.68332191283628 -95.4092233497549 0 29.0000000203286 
-46.4401348551954 -55.8321910422763 0 30.0000013790526 
