87.3194970615798
-74.7089187599205 -41.6050595965665 0 1.00000030034313 
49.1936824392313 46.8468968371806 0 1.9999996741607 
12.8241084109327 -63.4466925703002 0 1.00000030034701 
-70.5428536425714 -46.3484236102062 0 1.99999967416207 
-60.648870952026 -52.3791945433886 0 7.0000001002745 
-17.4147728327942 55.1019287536057 0 3.91494421032108 
42.2197327742465 -24.4521423595596 0 11.1719293268389 
21.9737507402733 -63.8699283709895 0 6.87134904663599 
-36.480930550588 -59.2957533491491 0 17.700214257938 
41.1823205071882 66.4014510726938 0 9.18412676502547 
-36.4809305505615 -59.2957533481456 0 17.7002142604228 
-1.76203627306385 4.67243996237212 0 8.8295950989388 
8.69957448981391 63.2755816713924 0 23.4486764862612 
75.5873032185191 18.220283926794 0 9.56720436971592 
-61.7180008291031 33.4938099125874 0 17.0987963641424 
51.8595746389952 -39.1673303120616 0 6.41963989205503 
83.245515648506 -20.6307714803826 0 30.0314411101284 
38.3349255619002 -42.8023486934457 0 7.58498404695883 
-61.7180008297531 33.4938099124466 0 17.0987963652019 
80.5778073544731 58.4793558400427 0 30.9999988605117 
-17.4536124621585 -1.67412350666324 0 8.09684667273125 
-54.5348082468149 -14.0655832345587 0 30.9999988605117 
-1.7252975060183 -93.4096326385185 0 30.9999988605117 
2.67525915574694 -33.2343254752091 0 29.3359974738528 
8.69957448882125 63.275581670571 0 23.448676489566 
57.812402088223 -76.1104383711525 0 30.9999988605117 
-22.1230744446346 28.8365631556301 0 22.76908723087 
35.6290687065309 16.6174914138946 0 30.4231625823681 
-54.5348082424286 -14.0655832330694 0 30.9999988605117 
-43.6954385711908 78.088443916805 0 30.9999988605117 
