87.3478971220477
80.5200554507431 12.4527972988696 0 5.87059146452357 
54.3215492265098 -67.1141305739657 0 1.00000001726609 
-31.2167705043144 -8.64692405115669 0 4.30536364067618 
-75.0323404995683 42.7274665535733 0 1.00000001726585 
-18.3902027482151 -62.9333336604799 0 1.99999992703394 
27.7909314223211 58.859032556444 0 4.7853598349104 
59.4047651812313 -43.5751202375114 0 2.81490261923461 
-61.9351093203725 -31.4731929620512 0 17.8747403698859 
-49.6237327551762 58.2421419476392 0 10.8321353204805 
-49.6237327551664 58.2421419475783 0 10.8321353204635 
-20.5890023626892 22.6113725197827 0 4.5415879617771 
36.5103678042183 -50.9903471760188 0 6.19405554548881 
42.9982929679282 91.2523663907168 0 30.9999988605117 
85.2327814195711 -13.7214458847134 0 1.01768840275163 
22.9186116711663 -66.0498255998515 0 17.4347932735664 
52.8530341259897 -55.4478773680271 0 10.7456114290032 
35.3048431418358 -67.9315035025639 0 10.7899388815355 
48.1409990374407 29.6668081329203 0 30.7999070002226 
-54.7501165612175 16.5321109316918 0 30.1562382219229 
74.3583665521347 -5.18151282277271 0 12.8092185166457 
-15.3054032517717 -95.7963179651741 0 30.9999988605117 
-56.1274868368192 16.9871492496791 0 30.9323619870311 
18.8972880253908 -77.0727679316789 0 7.99224894222486 
-7.86314567593134 55.7965648577788 0 30.9999988605117 
9.02107637611318 -49.4552409955617 0 21.3380655557914 
93.1998697038707 -44.7320541382884 0 30.9999988605117 
-0.474568867558484 -1.89402135212131 0 27.1617992586624 
-7.86314567613557 55.7965648559061 0 30.9999988605117 
44.2038167083012 -23.4184139421842 0 22.4311196738714 
-40.904569798592 -41.2463141530424 0 29.2579483170733 
