0.708  7.58216116016537E+0000  4.21464107657903E+0000  7.91022863611340E-0001
0.527  3.62957006797957E+0000  2.39822686966580E+0000  1.37081953100154E+0000
0.698  5.63954780991769E+0000  4.25184697185850E+0000  8.06318747036750E-0001
0.834  5.07743363856147E+0000  2.47008699141018E+0000  9.21447982933620E-0001
0.817  4.05651929208613E+0000  1.05527631487155E+0000  1.10095435054042E+0000
0.988  1.43343894906473E+0000  1.57798415847309E+0000  9.88000200000000E-0001
0.480  5.06835774585690E-0001  5.03919906670360E-0001  1.42977917862947E+0000
0.821  9.13696620719863E+0000  3.98384208095190E+0000  9.90517613322550E-0001
0.760  8.01617797285158E+0000  8.04594674244430E-0001  8.22557396276520E-0001
0.614  2.72603985523619E+0000  6.41030418111600E-0001  6.61460615154030E-0001
0.708  2.56729300757840E+0000  2.87042165392877E+0000  7.64815096607520E-0001
0.527  9.26574776555161E+0000  7.49159705405530E-0001  1.30571787863695E+0000
0.698  2.12698442606072E+0000  4.26753826512530E+0000  8.48809639376960E-0001
0.834  6.55032575359297E+0000  1.47636850921144E+0000  1.06804512012497E+0000
0.817  8.22276507283727E+0000  2.46898837757612E+0000  9.53979492825300E-0001
0.988  3.91057451612679E+0000  3.97805508354049E+0000  9.88000200000000E-0001
0.480  5.60846504006660E-0001  4.48964639004257E+0000  5.41515067791220E-0001
0.821  8.77905958645340E-0001  3.32150163374374E+0000  1.10684675140663E+0000
0.760  6.60443580841781E+0000  3.11928405349616E+0000  1.13817193435883E+0000
0.614  5.39218625155297E+0000  6.46723721882660E-0001  6.61816577710560E-0001
 1.97600040000000E+0000
