1.518  5.93229605239570E-0001  1.53966461291411E+0000 -3.55060755337342E+0000
1.463  1.06510819517800E+0000  2.32359117356106E+0000 -1.55190341804790E-0001
1.513 -3.42173056846878E+0000 -1.15895221505065E+0000  1.52219254654415E+0000
0.780 -3.64090813758556E+0000  7.83221301225520E-0001  2.76314171827852E+0000
0.567 -1.61414763266484E+0000 -1.54378364463294E+0000 -4.31599276276146E+0000
0.829  2.45210335212702E-0002  1.21464826268026E+0000  1.56998217806365E+0000
0.600  4.53238952537700E+0000  8.73572852512440E-0001  1.42089850521007E+0000
0.673 -2.56296608196085E+0000  3.41371906990350E+0000  2.06030082899709E+0000
1.327  6.92182528758250E-0001  3.21162049418820E+0000  2.46328888853932E+0000
1.422 -1.36372237915940E+0000 -1.08345735338156E+0000  3.61339605091870E+0000
0.764 -2.96434420926257E+0000 -3.37561710601252E+0000  1.27261770980326E+0000
1.367 -2.05256612224044E+0000 -2.35544271536417E+0000 -2.60257091085185E+0000
1.598 -3.33160754304306E+0000  1.80687013064032E+0000  5.87257552014320E-0001
0.916 -1.72794352239823E+0000 -4.04773522083768E+0000 -1.01771035882971E+0000
1.080  1.20369142303525E+0000 -2.43364184832390E-0001 -1.67877993483109E+0000
1.480 -1.61762834051130E+0000  1.76898696823367E+0000  3.14360792115710E+0000
1.104 -3.24527505692101E+0000 -2.82328979765691E+0000 -4.89656218510780E-0001
1.348  2.57555063292770E+0000 -2.13165996285037E+0000 -2.34775582539932E+0000
1.266 -5.41573866513920E-0001  3.66643043537710E+0000 -1.90527747332372E+0000
1.495  3.82692597669490E+0000  7.46711013766090E-0001 -5.54069654185970E-0001
1.141  3.85704981153850E+0000 -1.86914655314849E+0000 -2.30217163273860E-0001
1.316  7.61257089467570E-0001 -3.98933411861233E+0000  6.76443002108570E-0001
0.619  1.07050144356329E-0001  2.42816522902995E+0000  4.15237610963190E+0000
1.360 -1.98275313460551E+0000  1.99806038629400E-0001 -3.55250008572233E+0000
0.532 -3.43634065995368E+0000 -1.09726986072070E+0000 -3.25804795096382E+0000
0.698  4.18081255572840E+0000 -8.79723479017810E-0001 -2.00788853805677E+0000
1.431 -3.73704375535023E+0000 -4.88807948907490E-0001 -1.34673586415186E+0000
1.241  1.55305361152388E+0000 -1.58666185239426E+0000  3.04320030394810E-0001
1.247 -1.18718090344568E+0000 -3.34900256459074E+0000  2.21350160326995E+0000
0.903 -7.18622448623220E-0001 -7.23354102109250E-0001 -1.76008440239319E+0000
0.936  7.19334856716998E-0002 -7.90130118280230E-0001  1.76596062687975E+0000
1.426  1.32840517521377E+0000 -2.45376684891237E+0000  2.87620294285731E+0000
1.147  2.71207506722167E+0000  2.46358279780081E+0000 -2.22428865976768E+0000
0.746  1.26879925669596E+0000  3.55704519046210E+0000 -2.77633209702696E+0000
0.779  1.47333843377888E+0000  4.18886809974440E+0000 -1.35482849013191E+0000
1.350 -1.15062665823867E+0000  3.86597160197520E+0000  6.35117340783100E-0001
1.191 -1.04674445011348E+0000  1.31428150753285E+0000 -1.40622624692986E+0000
0.912 -2.56379088415949E+0000  3.55673225305990E+0000 -1.10384347151139E+0000
0.939  2.98422192409974E+0000 -3.07984301666460E+0000  1.27182292371464E+0000
0.780 -1.77538075001982E+0000 -1.95524720849340E-0001 -3.60851625946960E-0001
0.567 -5.99830510345990E-0001 -3.17815990818688E+0000 -3.62058239280261E+0000
0.829  2.19294138839027E+0000  3.90337110668780E+0000  1.06730027964919E+0000
0.600  2.60697906659264E+0000 -1.15025327078766E+0000  3.86965806316170E+0000
0.673  5.03005372477950E-0001 -1.42178031860030E+0000  4.51236937837780E+0000
1.327 -9.63266719992090E-0001 -2.11793778343351E+0000 -3.72409144540198E-0002
1.422  3.40094473127820E+0000 -7.04498793913310E-0001  2.00686473047656E+0000
0.764 -1.25944938745731E+0000 -4.46351618092633E+0000  5.41149244229650E-0001
1.367  3.06697351841160E-0001 -3.56407105770320E+0000 -1.93335085194216E+0000
1.598  1.17284705895485E+0000  5.56214364201700E-0001  3.60892161973830E+0000
0.916 -1.64172442290796E+0000  2.49383924823353E+0000 -3.38771447134295E+0000
0.903  1.53863426677354E+0000  3.94219083144910E-0001  1.13542175066558E+0000
0.936 -1.44236647783669E+0000  2.60039838071470E-0001  1.26493285818042E+0000
1.426  3.01445154586940E-0001 -1.38312253418476E+0000 -3.74890351624938E+0000
1.147 -3.18452113497132E+0000  1.89695007440321E+0000 -2.15231885913840E+0000
0.746 -9.84851569755310E-0001  1.76740786126559E+0000  4.85791514715200E-0001
0.779  8.62301331691240E-0001  4.54922776501000E+0000  2.11219888368670E-0001
1.350  3.01770475709190E+0000  2.03635431237729E+0000  1.84926331810935E+0000
1.191  2.93906509211493E+0000  2.82178223801030E-0001 -3.04615940163299E+0000
0.912  3.32174990012850E+0000  3.06388997633070E+0000 -1.42814835486070E-0001
0.939  2.62681781747608E+0000 -3.58360886238196E+0000 -5.58107779928670E-0001
ro=1 R=5.43326558087181E+0000
