1.591  4.86484286287406E+0000  5.90899975531831E+0000  1.34703361321455E+0001
0.865  3.14414205900089E+0000  8.82388731440900E-0001  1.01690767309127E+0001
1.169  8.83099976166240E+0000  6.33099980000000E+0000  1.72814655157229E+0001
1.235  8.76499979846651E+0000  1.23500026446733E+0000  1.17894134450447E+0001
1.245  5.46577700704108E+0000  1.24500020189870E+0000  2.06238113822989E+0001
1.467  1.46700022848844E+0000  6.03299980000000E+0000  1.40002977355630E+0001
1.948  2.03763647089296E+0000  1.95303488169584E+0000  4.87190086878570E+0000
2.303  2.30300023932375E+0000  2.45569706623166E+0000  1.95658114180145E+0001
0.920  6.31561699733161E+0000  6.56854187790892E+0000  4.67325219753068E+0000
1.462  8.53799980000000E+0000  6.03799980000000E+0000  1.46832997702489E+0001
1.465  4.39099926032964E+0000  6.03499980000000E+0000  2.04038113590190E+0001
1.991  4.90607738574561E+0000  2.04500001958437E+0000  1.99100020000000E+0000
2.103  7.70207554629294E+0000  2.57248812937654E+0000  1.46570893698972E+0001
1.723  4.89247311917164E+0000  4.30385180696488E+0000  4.93968939191805E+0000
1.088  5.63378859810198E+0000  4.42365773885012E+0000  8.87786871450097E+0000
0.944  9.46584920453240E-0001  3.10180701071817E+0000  7.29763758152794E+0000
2.229  7.76620085922916E+0000  5.13877654263494E+0000  2.22900020000000E+0000
2.384  2.90240865487491E+0000  2.45232281304101E+0000  1.49172986413454E+0001
1.850  4.42418731472113E+0000  1.95628628262859E+0000  7.83825857922759E+0000
0.932  5.40938685212426E+0000  6.53725198598041E+0000  9.62702277026113E+0000
2.457  2.45700020000000E+0000  4.93999083272665E+0000  1.03639519470791E+0001
1.523  8.47699969802062E+0000  1.52300030111887E+0000  1.52300021111534E+0000
2.191  7.80899979854185E+0000  5.22162263549275E+0000  1.11981169653118E+0001
0.861  9.13899979367476E+0000  6.63899980000000E+0000  4.55555463456615E+0000
1.608  5.75815765942521E+0000  1.64320572008603E+0000  1.77353203732533E+0001
1.390  1.39000020000000E+0000  1.39000023077198E+0000  8.82346478080787E+0000
2.076  7.92399980000000E+0000  5.42399980000000E+0000  6.93747015150553E+0000
0.863  3.45157056853244E+0000  6.62288226514129E+0000  1.53591840505160E+0001
2.205  2.23262317092952E+0000  5.27195951957749E+0000  2.20500020000000E+0000
1.041  5.02055463856066E+0000  6.45899945302825E+0000  1.04100062846280E+0000
1.398  1.39800024308569E+0000  1.39800026766794E+0000  1.16114422489595E+0001
1.296  8.69799814894637E+0000  3.80008091489025E+0000  1.76697808337170E+0001
1.281  5.72791020478873E+0000  3.67388115631989E+0000  1.99815485239058E+0001
1.942  8.05799980000000E+0000  1.94200020369024E+0000  4.93695776279298E+0000
1.906  8.09399970575317E+0000  1.90600020000000E+0000  8.79518536655308E+0000
1.901  5.38008233734557E+0000  1.90100020000000E+0000  1.14649943293838E+0001
0.910  9.23043499005310E-0001  9.24458524539850E-0001  1.70814147205662E+0001
1.354  4.61202534032267E+0000  6.14599975946092E+0000  7.46134392359296E+0000
1.704  8.29599977060737E+0000  2.16339839616771E+0000  2.01648114243264E+0001
1.205  8.79499980000000E+0000  1.20500020000000E+0000  1.74639309846703E+0001
0.670  7.45225497275280E-0001  7.40304294727030E-0001  6.88730957148486E+0000
0.695  9.19044173955986E+0000  6.75148705831152E+0000  9.09611486636688E+0000
1.794  8.10989001667071E+0000  5.65528476811199E+0000  2.00748114208269E+0001
1.768  1.78565806510883E+0000  5.73199963741471E+0000  1.72054629035812E+0001
1.158  5.05963110489974E+0000  1.15800020000000E+0000  5.00859129526704E+0000
2.113  5.64827447382139E+0000  5.38699974938385E+0000  1.70527054573543E+0001
1.497  1.49700020000000E+0000  1.49700027601154E+0000  1.49700028595430E+0000
1.463  1.46300020499128E+0000  6.03699955337531E+0000  2.04058114185764E+0001
1.804  1.80400020496240E+0000  5.46615034767249E+0000  6.18628850859973E+0000
0.999  5.00900897647064E+0000  6.49267146603846E+0000  3.25632450643097E+0000
 2.18688116243264E+0001
