0.863  9.08803165075502E+0000  4.99999998468471E+0000  1.67904338278910E+0001
1.118  1.11800020425551E+0000  1.48679448343328E+0000  1.11800020000000E+0000
0.654  4.98822987987267E+0000  9.16621437454003E+0000  1.67348832674985E+0001
1.654  8.34442258094359E+0000  3.94770014447697E+0000  1.15505180107257E+0001
2.403  2.40300037013328E+0000  2.49015713719606E+0000  1.53049308257490E+0001
0.774  9.08948377737651E+0000  5.98757719138242E+0000  1.28281352975169E+0001
1.897  5.49892252259687E+0000  4.65264532961769E+0000  5.35555153339829E+0000
2.204  2.20655985145245E+0000  7.79115854174752E+0000  1.07033174211925E+0001
1.807  5.64889825423049E+0000  1.80700020000000E+0000  8.10951651875214E+0000
2.131  7.86899980000000E+0000  3.94013647334798E+0000  2.13100029022428E+0000
2.187  5.96035591497689E+0000  7.81299980000000E+0000  2.18700024916248E+0000
1.142  3.92584026500927E+0000  8.80667294671395E+0000  4.71495215456468E+0000
1.267  1.30548193438264E+0000  5.11528078208183E+0000  8.58399256673458E+0000
2.304  2.30400020361341E+0000  2.30400020000000E+0000  1.06026550624480E+0001
1.121  6.50543208775047E+0000  1.13846250947858E+0000  1.13664305457828E+0000
0.696  7.05461896753840E-0001  7.12155549985010E-0001  4.10309787035843E+0000
2.434  7.56599919661895E+0000  2.43400086894877E+0000  1.52739301774341E+0001
2.004  4.97029777588822E+0000  5.00000122315286E+0000  1.27492861490301E+0001
1.191  4.93053359238205E+0000  8.66106877467695E+0000  1.27939072400235E+0001
0.951  1.00459833213681E+0000  8.98909114434023E+0000  4.53023053527190E+0000
1.083  8.90250291547861E+0000  8.90994567815375E+0000  3.15028977562205E+0000
1.068  8.92714711745591E+0000  6.75184793180998E+0000  3.24143326705717E+0000
1.274  8.56648051190762E+0000  1.37597710314261E+0000  9.36256570025023E+0000
1.833  8.16699980000000E+0000  1.83300020000000E+0000  5.48119155170125E+0000
1.620  6.03889213782996E+0000  1.62160547602193E+0000  1.16009039893941E+0001
0.863  4.90759815801435E+0000  9.16565690239260E-0001  1.37875463372356E+0001
1.118  8.81959133091918E+0000  1.17325799231236E+0000  1.20473263565980E+0001
0.654  7.68422599830550E-0001  5.07538008352071E+0000  1.06929244484371E+0001
1.654  4.42580423885119E+0000  8.34599980000000E+0000  7.54915452723882E+0000
2.403  2.43179976166116E+0000  7.57068567978650E+0000  1.53024011404285E+0001
0.774  7.83593312521110E-0001  2.33656075996909E+0000  3.45694732816283E+0000
1.897  1.89700020000000E+0000  8.10299980000000E+0000  1.89700021328443E+0000
2.204  2.20400020780538E+0000  2.21798438273623E+0000  6.09658483274412E+0000
1.807  4.71556136281473E+0000  5.19527345596676E+0000  8.95182614205805E+0000
2.131  7.86899980000000E+0000  7.84249624891839E+0000  6.06015609839673E+0000
2.187  2.79146640244187E+0000  4.12872139189044E+0000  2.18700020000000E+0000
1.142  8.83228977535065E+0000  4.80889483275410E+0000  5.15954129819626E+0000
1.267  1.31864818482010E+0000  5.04550486987787E+0000  1.27891856553126E+0001
2.304  7.56716626276125E+0000  7.69599980000000E+0000  1.05377143494088E+0001
1.121  3.94817046825130E+0000  1.15812380682367E+0000  1.16015651812202E+0000
0.696  9.17186387807323E+0000  9.16747940697528E+0000  1.28595974603534E+0001
2.434  7.56599978285115E+0000  7.56599974304411E+0000  1.52739308214006E+0001
2.004  2.00400020156394E+0000  6.39453646402601E+0000  5.62363568831601E+0000
1.191  1.21017250426800E+0000  8.78922313566260E+0000  7.59980409885127E+0000
0.951  8.83364429012670E+0000  1.05064784347037E+0000  1.15053871210830E+0000
1.083  8.90418057940818E+0000  6.86444898641543E+0000  1.08776247565509E+0000
1.068  2.07980122147406E+0000  1.06800020000000E+0000  3.03585001534423E+0000
1.274  4.98836983744367E+0000  5.00775888158165E+0000  1.63705982198201E+0001
1.833  8.16699980000000E+0000  4.43505267389077E+0000  8.06360938427860E+0000
1.620  5.29781926591457E+0000  1.62000020000000E+0000  3.57183422079149E+0000
 1.77079310257490E+0001
