2.463  2.46300020000000E+0000  2.50499042716246E+0000  1.38287699698874E+0001
2.214  2.21400028165238E+0000  7.65702314434584E+0000  2.21400020000000E+0000
1.500  8.49999970982980E+0000  8.49999980000000E+0000  5.14546299697742E+0000
2.439  7.55635770752568E+0000  2.43900023127066E+0000  1.36504665357378E+0001
1.424  1.42400020856691E+0000  8.57599980000000E+0000  5.64422301106486E+0000
2.027  6.93884797375359E+0000  7.97299980000000E+0000  2.02700020000000E+0000
1.698  5.02019882911754E+0000  5.00262033886276E+0000  2.28671958517636E+0001
1.474  1.47400025009359E+0000  8.52599980000000E+0000  1.75071550070878E+0001
1.772  8.22799967270746E+0000  5.01126413338340E+0000  2.41903901072487E+0001
1.981  5.00123125293587E+0000  8.01899979799813E+0000  1.74269658781465E+0001
2.048  4.86743000496852E+0000  7.95199980000000E+0000  5.53619027463961E+0000
1.518  1.51800020000000E+0000  1.51800020048235E+0000  1.76000280231615E+0001
2.037  2.03700020000000E+0000  5.03413946167839E+0000  1.75263279609064E+0001
1.822  4.87243049566983E+0000  1.89482686838130E+0000  2.46417676360184E+0001
1.777  5.05584399425869E+0000  4.86362904086420E+0000  3.14794984537515E+0000
2.387  7.46177196895154E+0000  7.61299980000000E+0000  1.37031566601833E+0001
2.237  7.68850481981635E+0000  7.76299980000000E+0000  8.75613504215356E+0000
1.574  1.57400030977114E+0000  8.42599976243424E+0000  2.49200999736354E+0001
1.976  7.96028943975941E+0000  5.08602419067728E+0000  5.51432890319610E+0000
1.495  8.50499980000000E+0000  1.49500021839027E+0000  1.73498315656174E+0001
1.887  1.88700121874284E+0000  4.91291715587622E+0000  2.46070982918304E+0001
2.052  2.05200021124632E+0000  4.96603692794183E+0000  5.52022291638951E+0000
2.291  7.70899980000000E+0000  2.29100020000000E+0000  8.86195609412165E+0000
2.302  7.63650531091446E+0000  7.69799965450934E+0000  2.10312382313353E+0001
2.300  2.30000020000000E+0000  7.45991850363952E+0000  9.08735609992072E+0000
1.743  8.25699980000000E+0000  4.45238592289503E+0000  1.74300022670177E+0000
2.238  2.23800062815188E+0000  2.66460285542855E+0000  9.13587066559304E+0000
2.032  5.02563954133309E+0000  2.05442893975171E+0000  1.74941352304263E+0001
1.642  8.35799980000000E+0000  8.35799980000000E+0000  2.48520999924262E+0001
1.550  5.08663160736811E+0000  5.04213071976888E+0000  1.55133724160579E+0001
1.995  4.89293569846452E+0000  1.99500020000000E+0000  5.59180265243808E+0000
1.356  4.95800789106235E+0000  1.36119474162107E+0000  1.10971341085556E+0001
1.799  4.92590593827439E+0000  8.12705086253044E+0000  2.45350970742640E+0001
1.935  8.02378652115378E+0000  4.98243934014224E+0000  1.74487685215840E+0001
1.531  1.53100133988821E+0000  1.53100143704199E+0000  2.49630997260409E+0001
1.326  5.10647889024624E+0000  8.67399978346718E+0000  1.10360897855604E+0001
2.383  2.38300076891956E+0000  7.59252703212062E+0000  2.11374165579115E+0001
1.470  1.47000020388035E+0000  1.47000020059191E+0000  5.71061638852171E+0000
1.655  5.04076765039633E+0000  4.96154150409052E+0000  7.71318931478393E+0000
2.201  2.20100020000000E+0000  2.26023886092219E+0000  2.20100020000000E+0000
2.348  7.65199980000000E+0000  2.42503875628555E+0000  2.09797174883583E+0001
1.923  4.97789152122463E+0000  5.04761610810277E+0000  1.12896015888099E+0001
1.738  6.07767684772449E+0000  1.73800020000000E+0000  1.73800020736251E+0000
1.670  8.32999980000000E+0000  1.67000020407375E+0000  4.29473331545171E+0000
2.450  2.45070284994572E+0000  7.54999980000000E+0000  1.38341105654533E+0001
1.625  5.09088082063346E+0000  5.10273449706700E+0000  1.95460692306342E+0001
1.407  8.59299980000000E+0000  5.11059758772978E+0000  1.10853817252011E+0001
1.524  8.47599979725435E+0000  8.47599979044292E+0000  1.73804514774584E+0001
2.351  2.40911961783606E+0000  2.35100477758750E+0000  2.12717000005590E+0001
1.652  8.34799978871317E+0000  1.65200020272597E+0000  2.48420999961930E+0001
 2.64941001961930E+0001
