1.815  1.81500027282470E+0000  3.18499980000000E+0000  1.08786873639721E+0001
1.263  5.08507148704334E+0000  3.73699980000000E+0000  7.88474459497233E+0000
0.938  6.32049167167478E+0000  1.01424919389266E+0000  1.39469772253408E+0001
0.543  7.71129225389040E-0001  4.09694457230757E+0000  8.56958016799165E+0000
1.815  5.20813651944134E+0000  1.81500020000000E+0000  5.48373253770734E+0000
1.263  1.33736726080274E+0000  1.27057569545191E+0000  1.84272976604401E+0000
0.938  6.31399874136931E+0000  3.96982230096651E+0000  1.02128957954216E+0000
0.543  7.77404604066570E-0001  4.08912627262320E+0000  6.52136821932451E+0000
1.815  8.18499980000000E+0000  1.81500020329785E+0000  1.81500020839875E+0000
1.263  8.63671711901728E+0000  3.71027378856862E+0000  1.02330433134026E+0001
0.938  3.14738847197353E+0000  9.65623986612740E-0001  9.83393895205652E+0000
0.543  7.24252828349840E-0001  7.37030948375460E-0001  9.67963979594948E+0000
1.815  4.51415335837102E+0000  1.81500020000000E+0000  1.81500020000000E+0000
1.263  8.71376924768090E+0000  1.27007417100328E+0000  4.81135165587394E+0000
0.938  8.92770884341333E+0000  9.68086343241910E-0001  1.17086135784217E+0001
0.543  7.51865904180730E-0001  7.34812220284050E-0001  5.41970996251967E+0000
1.815  2.11437681111385E+0000  3.18499980000000E+0000  4.16894932199833E+0000
1.263  1.26300021700120E+0000  1.26300032615668E+0000  1.32186234066448E+0001
0.938  6.61055248267581E+0000  9.42118545023690E-0001  7.69647584114671E+0000
0.543  2.81587742764952E+0000  6.74614550178180E-0001  4.54526746573744E+0000
1.815  8.17868259330125E+0000  3.14119943032272E+0000  1.32752670528838E+0001
1.263  8.73699980000000E+0000  3.73699953188943E+0000  4.19297180627251E+0000
0.938  3.43513876443147E+0000  9.93736885896110E-0001  1.18772305938271E+0001
0.543  7.45710161517900E-0001  7.15044793974430E-0001  1.12725666708827E+0001
1.815  5.79100121319983E+0000  1.81500020000000E+0000  1.01829323981250E+0001
1.263  6.34957659334495E+0000  3.73699980000000E+0000  3.36781230215198E+0000
0.938  3.27110413314469E+0000  4.02532970879901E+0000  6.58094503945010E+0000
0.543  6.43760406387961E+0000  4.15943762904457E+0000  1.13256349531113E+0001
1.815  8.12297578968213E+0000  3.18499978308446E+0000  7.15816277761756E+0000
1.263  1.26300020484886E+0000  3.73699980000000E+0000  1.38560483409450E+0001
0.938  4.39288318891925E+0000  9.43608478071210E-0001  7.97142083145123E+0000
0.543  7.90157680327200E-0001  7.48055101718830E-0001  3.88621039647568E+0000
1.815  1.81500021993451E+0000  1.81500020000000E+0000  7.51713951461751E+0000
1.263  8.73699980000000E+0000  1.26300021400509E+0000  9.48259361722445E+0000
0.938  4.22837249208107E+0000  4.06199980000000E+0000  9.88595539844484E+0000
0.543  6.38520748726911E+0000  4.29162573702200E+0000  1.44841657384461E+0001
1.815  4.54254642708633E+0000  3.18499980000000E+0000  1.33040483261931E+0001
1.263  1.26300020074312E+0000  3.73699980000000E+0000  1.26300020000000E+0000
0.938  3.21556675820322E+0000  9.38000207785210E-0001  1.41810483155187E+0001
0.543  2.86475870070663E+0000  4.37179251182978E+0000  1.45324980335948E+0001
 1.51190485409450E+0001
