0.818  9.03019952027478E+0000  9.68708838384390E-0001  3.73027679723202E+0000
1.963  8.03699980000000E+0000  2.99700167281538E+0000  5.77029282823940E+0000
2.241  3.88406730044677E+0000  2.75899980000000E+0000  6.37867278654109E+0000
0.598  4.40288696667758E+0000  7.39351060700620E-0001  7.39351098652580E-0001
1.968  8.02354149587953E+0000  1.98855862701374E+0000  1.77839971415305E+0001
1.940  8.05999980000000E+0000  1.94000020000000E+0000  1.37754900320718E+0001
1.825  4.94573279751519E+0000  3.17499980000000E+0000  1.20575422728726E+0001
1.033  8.96699980000000E+0000  3.80406722858626E+0000  1.03300020000000E+0000
2.095  6.57208176722509E+0000  2.09500021090970E+0000  2.09500020154648E+0000
0.722  4.91328261688262E+0000  4.15011183643957E+0000  3.61207020298438E+0000
0.818  9.10071670884664E+0000  9.46501895520010E-0001  9.69590523826220E-0001
1.963  1.96300020000000E+0000  2.63329427742878E+0000  1.77998716400346E+0001
2.241  2.24100020000000E+0000  2.24100024332205E+0000  2.24100020000000E+0000
0.598  6.36315564061986E+0000  7.68847900704620E-0001  7.02707814981931E+0000
1.968  1.96800020000000E+0000  1.96800020000000E+0000  1.00418259115113E+0001
1.940  1.94000020000000E+0000  1.94000020000000E+0000  1.39590089182702E+0001
1.825  5.07241415220536E+0000  3.17499980000000E+0000  1.57053437822981E+0001
1.033  8.96699980000000E+0000  3.96699980000000E+0000  3.09256583525073E+0000
2.095  7.90499980000000E+0000  2.09500020000000E+0000  9.72457362072265E+0000
0.722  9.12405460084257E+0000  8.29865954813500E-0001  7.22943398167937E+0000
 1.97628718400346E+0001
