0.722  5.01190778363197E+0000  9.49737532191130E-0001  1.85457111399334E+0001
0.818  1.05126558908312E+0000  9.75513672613850E-0001  1.49578929499359E+0001
1.963  1.96300020000000E+0000  1.96300020000000E+0000  5.18478038288028E+0000
2.241  7.75899980000000E+0000  2.75899980000000E+0000  1.75836902205720E+0001
0.598  6.77170844447570E-0001  4.23378497170966E+0000  1.09562039744008E+0001
1.968  1.96800020000000E+0000  3.03199980000000E+0000  8.96763367119345E+0000
1.940  1.94000020000000E+0000  3.05999980000000E+0000  1.29434600777017E+0001
1.825  4.92634886411068E+0000  1.82500020000000E+0000  1.10116926378085E+0001
1.033  8.80576105323786E+0000  1.19184402681193E+0000  5.41293490812305E+0000
2.095  7.90499980000000E+0000  2.09500020000000E+0000  2.09500020000000E+0000
0.722  5.55507697512293E+0000  4.09573325466214E+0000  9.06321453505443E+0000
0.818  1.11871392283907E+0000  1.16613555941250E+0000  1.24574560906904E+0000
1.963  8.03699980000000E+0000  3.03699980000000E+0000  1.28016241225870E+0001
2.241  2.24751434361978E+0000  2.74068531978326E+0000  1.75774138621050E+0001
0.598  9.06662064387040E+0000  4.06662192664508E+0000  1.51693011149360E+0001
1.968  3.95356019139352E+0000  3.03199980000000E+0000  1.96800020000000E+0000
1.940  8.05999980000000E+0000  1.94000020000000E+0000  8.92788978486353E+0000
1.825  5.01294803682909E+0000  1.82500020000000E+0000  1.47342686582661E+0001
1.033  8.88418461120502E+0000  3.84681087289590E+0000  6.39938434702856E+0000
2.095  5.87989586051712E+0000  2.90499980000000E+0000  5.67256331568586E+0000
 1.98246904205720E+0001