1.000  6.01639000000000E+0001  8.15340000000000E+0001  9.61908000000000E+0001
2.000  6.23391000000000E+0001  5.15693000000000E+0001  8.59862000000000E+0001
3.000  3.52790000000000E+0000  6.41513000000000E+0001  8.49922000000000E+0001
4.000 -2.15816872637756E+0000  1.38873465871251E+0001  1.23813201498051E+0002
5.000  2.82270711978072E+0001 -4.29032726677634E+0001 -1.11736064226535E+0002
6.000 -4.22250402986926E-0001 -8.11189940849306E+0001  9.15814207367174E+0001
7.000 -1.03874586595881E+0002 -3.60812675285557E+0001 -5.98065801612649E+0001
8.000 -8.51227382591820E+0001 -2.21917127733872E+0001  8.68513558857406E+0001
9.000  8.00526010972916E+0001 -2.74024409841519E+0001  9.18567295212339E+0001
10.000  1.90618045729160E+0001  2.31165160590864E+0001  5.62066902565690E+0001
11.000  6.06751761726182E+0001  7.00781911384595E+0001  7.98086742871909E+0001
12.000 -5.84177399403218E+0001  8.22262561378646E+0001 -7.35856901016755E+0001
13.000 -1.70248235051496E+0001  8.61063188818145E+0001  8.82578075665312E+0001
14.000  1.20990291953664E+0002  2.03200451897584E+0001  1.07877585446772E+0001
15.000 -3.36786902115960E+0001 -2.55622191633720E+0001  1.15169925391178E+0002
16.000 -3.36933470024795E+0001 -1.08613670035427E+0001 -1.16008643314435E+0002
17.000  4.93144049107192E+0001  7.06608280692559E+0001 -8.44596005231472E+0001
18.000 -7.54070653940133E+0001 -4.68472727585287E+0001 -8.16257299194817E+0001
19.000  4.72479106551710E+0001  1.09199950682247E+0002 -2.09335184012723E+0001
20.000 -2.28738861859768E+0001  5.69787564763191E+0001 -1.03644107425319E+0002
21.000  8.58411357227089E+0001  7.74918460716471E+0001  3.11199158314062E+0001
22.000 -3.08478046165828E+0001  1.14627572552500E+0002 -2.90780525350371E+0000
23.000 -5.91386736606467E+0001 -4.48708575142120E-0002  6.63080093785741E+0000
24.000 -3.66812520539199E+0001 -1.08229977397721E+0002  2.34587589423235E+0001
25.000 -1.14334867093262E+0002 -8.75844224777641E+0000 -1.58585856146935E+0001
26.000  8.80004587139385E+0001 -5.79876891084091E+0000 -7.34331940242873E+0001
27.000 -3.55919027078027E+0001  4.58042405887860E+0001  2.60289703775658E+0000
28.000 -5.69225019769841E+0001  9.11748702513482E+0001  3.34852819358890E+0001
29.000 -6.80650905012747E+0001  8.57119093603994E+0001 -2.24675905838170E+0001
30.000  2.62893451095350E+0001  4.23058777237170E+0001  9.89299624235495E+0001
31.000  6.29873343425602E+0001 -8.98581686481014E+0001 -2.36584012915671E+0000
32.000 -1.00013215584347E+0002 -1.87584461000188E+0001  3.83990474896758E+0001
33.000  7.45398671248551E+0001 -5.79771432472457E+0001  5.19126959365243E+0001
34.000 -9.74319258087426E+0001  4.18777964304286E+0001  1.20548289994008E+0001
35.000  1.68796932389601E+0001 -9.37722330164953E+0001  4.55499281875319E+0001
36.000  5.54276810765515E-0001 -1.02121843455595E+0002 -2.33598412870639E+0001
37.000  5.69715651793050E+0001 -5.96211966961356E+0001 -6.29757931379912E+0001
38.000  9.82450548791215E+0001 -2.89390330773287E+0001 -8.38545914726790E+0000
39.000 -1.66657006001015E+0001 -5.82886092757450E+0001 -8.17315386054511E+0001
40.000 -4.77076985705835E+0001 -6.05475028474971E+0001  6.48907143284180E+0001
41.000  2.09131543852141E+0001 -2.82706824627938E+0001  9.33579958665471E+0001
42.000 -1.92169542437870E+0000  8.43248821755111E+0001 -5.13751465005308E+0001
43.000  7.90409956746329E+0001  1.83141742030829E+0001  5.45378214814069E+0001
44.000  2.35683725874868E+0001  1.34467407671884E+0001 -9.28787189244599E+0001
45.000 -7.00837689044074E+0001 -6.29835432792570E+0001 -1.70749976688900E+0001
46.000  7.56045175881104E+0001  4.93308441581560E+0001 -2.88117890355362E+0001
47.000  1.83701636501372E+0001  8.49065171302966E+0001  3.52787804158466E+0001
48.000 -4.66197597879306E+0001  2.81855277240603E+0001  7.50787814932346E+0001
49.000 -6.42321165411121E+0001  1.89822203816227E+0001 -6.27219048919267E+0001
50.000  1.14953304125522E+0001 -1.79115638485335E+0001  1.66920409473349E+0000
 1.40761251749632E+0002
