0.783  8.00043947301820E-0001  3.61943736113870E+0000  7.98285804012300E-0001
0.500  7.74924483891592E+0000  2.27902692335266E+0000  5.05333521640840E-0001
1.241  8.75899980000000E+0000  6.94040186160889E+0000  1.24100026709708E+0000
1.300  4.52984047034677E+0000  8.69963266115242E+0000  1.36890747126651E+0000
0.613  1.84132917720239E+0000  2.50767569085783E+0000  3.44525588533905E+0000
1.062  1.20995967029390E+0000  1.06200133363369E+0000  4.18227254848056E+0000
1.631  6.05019794749641E+0000  1.63100024490629E+0000  1.63100026234588E+0000
0.903  9.09410351668710E+0000  3.92589851665352E+0000  4.14406588542099E+0000
1.322  1.32200062086930E+0000  6.49278734422704E+0000  3.92227391332374E+0000
1.665  8.33499975903257E+0000  4.00592914689310E+0000  1.68588737451557E+0000
1.251  1.25100022510754E+0000  5.56169829263726E+0000  1.25100026319731E+0000
0.617  7.79147982912610E+0000  4.54710785082283E+0000  4.62607255463946E+0000
0.895  9.10499980000000E+0000  9.10499977921813E+0000  8.95000301830450E-0001
1.032  1.03200020498609E+0000  8.96799973356274E+0000  4.21227390189049E+0000
0.640  8.27712896994528E+0000  9.34958194513180E+0000  2.49241873716528E+0000
0.882  3.77134533070921E+0000  8.82000265392820E-0001  8.82000265069120E-0001
1.550  5.96021752962204E+0000  6.24207305604487E+0000  1.56106706313284E+0000
1.417  8.58299978438583E+0000  6.24299685725820E+0000  3.82533580851231E+0000
1.017  6.14395600912691E+0000  1.01720832218113E+0000  4.20673001712966E+0000
0.497  7.16032677533124E+0000  5.31915926960139E+0000  2.93881183869580E+0000
0.653  4.00380105398195E+0000  3.54012129140429E+0000  4.56179327285834E+0000
1.513  6.03301749013573E+0000  8.43008698395349E+0000  3.73127405092582E+0000
0.727  7.98031988019328E+0000  7.97869325846425E+0000  2.72040358743879E+0000
0.853  6.38543052229738E+0000  6.18550167166232E+0000  4.39127398966598E+0000
0.709  2.69150745949093E+0000  6.00484383870449E+0000  2.50406161359083E+0000
1.077  2.55691976396344E+0000  4.44583594334500E+0000  4.12270450182165E+0000
0.440  7.19531720995388E+0000  2.75635823765684E+0000  2.93917229149485E+0000
1.035  3.44944378244584E+0000  6.56065835784873E+0000  1.03500030488194E+0000
1.516  3.70673093991905E+0000  1.51600078757617E+0000  3.72827260148765E+0000
1.538  1.53800021608896E+0000  1.53800027031457E+0000  1.54399401741373E+0000
0.534  3.08790803024151E+0000  9.46599970197550E+0000  5.34000246144750E-0001
0.633  3.52954512090852E+0000  7.46152149937911E+0000  2.48431208865889E+0000
1.622  1.62200022424529E+0000  8.37799975620396E+0000  1.68104355885448E+0000
1.358  4.21404897106541E+0000  6.21424087698843E+0000  3.88627401763670E+0000
0.568  6.83595346831113E+0000  2.36395403246416E+0000  4.67614208527158E+0000
0.753  7.53000906574590E-0001  4.58016952818792E+0000  4.49127319665997E+0000
1.480  5.96517614144342E+0000  3.97798080809295E+0000  3.76427403019378E+0000
1.055  1.05825986389897E+0000  3.79799339209921E+0000  2.72503620407020E+0000
1.659  3.63705158564640E+0000  3.94664486363381E+0000  1.65900022960613E+0000
1.479  8.52099966900232E+0000  1.64160062773946E+0000  3.76527405068327E+0000
0.609  2.32914985190902E+0000  2.85586944578646E+0000  4.63527351495192E+0000
0.708  9.28949084117909E+0000  8.45581291773951E+0000  2.35358919620990E+0000
1.254  3.29633892242823E+0000  8.74599956148578E+0000  3.99027393701008E+0000
0.832  5.98776129201825E+0000  3.96700057014090E+0000  8.32949940499610E-0001
1.173  8.82699980000000E+0000  1.17300023420824E+0000  1.17300020000000E+0000
1.138  8.86199978663644E+0000  8.86199978682478E+0000  4.10627399312747E+0000
0.582  5.82000390890510E-0001  2.28596853472004E+0000  3.28209934195471E+0000
0.523  7.68317588070246E+0000  5.74091185360934E+0000  5.23000217278970E-0001
1.218  7.04196501171091E+0000  8.78199980000000E+0000  1.21800020000000E+0000
0.819  9.26141077007220E-0001  3.01912733545417E+0000  4.42527383883364E+0000
 5.24427425092582E+0000
