1.000 -2.71508695786190E+0001  2.84061937995590E+0001  5.28491497015780E+0001
2.000  5.33943190655110E+0001 -1.84661317947747E+0001 -3.24230918722207E+0001
3.000  4.41182646045280E+0001 -3.12060349879858E+0001  3.63389570776430E+0001
4.000 -6.91694656172240E+0000  4.26069646456600E+0000 -6.50692137893988E+0001
5.000 -1.07961891021735E+0001 -5.76094660203734E+0001  2.93141558403380E+0001
6.000 -3.36456246737170E+0001 -2.21743070738624E+0001  5.02986900990510E+0001
7.000  2.70766486003860E+0001  4.46220313124300E+0000  5.97042778960390E+0001
8.000 -3.29482798814553E+0001  4.23366726377470E+0001  3.66467376339330E+0001
9.000 -5.24148067481422E+0001  3.68458772993510E+0001 -6.78600330117550E+0000
10.000 -5.90576876569580E+0001  1.63051338015330E+0001 -1.87350565494941E+0001
11.000  2.59966657742310E+0001 -4.92104906322519E+0001 -3.17032509441852E+0001
12.000  1.67522685356940E+0001 -5.75706858409625E+0001  1.95210946242340E+0001
13.000 -5.45965868930781E+0001 -3.22602617524969E+0001 -8.03667764206004E-0001
14.000 -1.88694721417578E+0001  6.12083273567199E+0000  5.89167657639150E+0001
15.000 -3.44076512718058E+0001 -4.00822012606386E+0001  3.07789137185210E+0001
16.000  4.41553063268750E+0001  3.77972862802390E+0001  1.64590355018420E+0001
17.000 -2.36347417539701E+0001 -1.69451993872188E+0001 -5.19151471464225E+0001
18.000  2.37933225870580E+0001  2.97990778906970E+0001 -4.43712214221975E+0001
19.000 -4.91019493129530E+0001 -1.35250040775864E+0001 -2.67015739489166E+0001
20.000 -2.29654277594994E+0001  5.10223023740490E+0001  7.88692860952301E+0000
21.000  7.42653950433599E+0000  2.10859926333701E+0000 -4.26773369659799E-0001
22.000  4.57473033736090E+0001  2.01868252545999E+0000  2.95630917481180E+0001
23.000  1.68942398666270E+0001  4.98522947143700E+0001 -8.89002308557760E+0000
24.000  4.86333098838840E+0001  1.28506515102239E+0001 -1.50501328567449E+0001
25.000  3.93997406610100E+0001 -3.31600283768612E+0001 -9.51940793266797E-0001
26.000  1.86669809342280E+0001 -1.38989338451625E+0001 -4.48239367855853E+0001
27.000  7.13893115014301E+0000  3.10098544102660E+0001  3.79240712992010E+0001
28.000  5.11177660084099E+0000 -2.45468119932866E+0001  4.15225607044310E+0001
29.000 -2.17806247645223E+0001  2.52971047726440E+0001 -3.38001305975038E+0001
30.000 -1.39092766683008E+0001 -4.32395205321213E+0001 -9.98261083240820E+0000
31.000 -4.10096706132616E+0001  4.67250607194400E+0000  1.91608954484230E+0001
 7.65056644471559E+0001
