1.518  1.10417740558520E-0001 -4.29439615392561E+0000  1.02087213703760E+0000
1.463 -6.58984863123950E-0001  3.95337707052691E+0000 -1.99167190022634E+0000
1.513  2.72668508793197E+0000 -3.32055480871703E+0000 -1.06031197793904E+0000
0.780  8.70798741744010E-0001 -1.39491265243890E-0001 -5.07295398206638E+0000
0.567  3.49573025117847E+0000  9.01172271609490E-0001  3.97754955193484E+0000
1.982  2.64601584153920E+0000 -1.19144114070080E-0001 -2.93911428950540E+0000
1.934  1.18987375960700E-0001  3.78209898931026E+0000  1.31060535465499E+0000
0.829  4.85550323863550E+0000  7.21291691802780E-0001 -1.41807631850255E+0000
1.609 -2.01539140721190E-0001  1.54515336004539E+0000  4.03937594953706E+0000
0.600 -3.68499448200700E+0000  1.08444958064781E+0000 -3.67528924279246E+0000
0.673  1.51065624503536E+0000 -1.75862069687236E+0000 -4.71532838134588E+0000
1.327  4.00038815980507E+0000  2.21082631402450E-0001  2.28343140614241E+0000
1.422  2.60461505809180E-0001  1.38056975170387E+0000 -1.02934789873350E+0000
0.764 -1.77391760102408E+0000  4.85250241865540E+0000 -2.86377306581260E-0001
1.367 -2.69373942514431E+0000 -3.16225647258278E+0000 -1.90855753014151E+0000
1.598 -2.67092802362250E-0001  1.67335103723162E+0000 -3.99607343953233E+0000
0.916  1.85216349090897E+0000  4.55671654031283E+0000 -8.62679511891010E-0001
1.080  1.70973580206229E+0000 -2.99402982055975E+0000 -3.42311682181933E+0000
1.480 -2.73142927239178E+0000 -3.33002827887443E+0000  1.15262100260015E+0000
1.741  2.62906436254401E+0000 -2.51665334562257E+0000  2.09131162262894E+0000
1.104 -2.71227177796677E+0000  2.45946956999737E+0000 -3.15707095112149E+0000
1.348  2.50292664036041E+0000  2.28252627715021E+0000  3.09810147868318E+0000
1.747 -7.40071034630740E-0001 -1.63158103958217E+0000 -3.78932867139616E+0000
1.755 -4.10428191228374E+0000 -7.57667358051610E-0001 -2.87373068788960E-0001
1.266 -2.55466767135268E+0000  2.77751808673276E+0000  2.75483958428812E+0000
1.495  1.16036826559155E+0000  3.14167296969750E-0001  1.53373164158270E+0000
1.141 -3.49373513175280E+0000 -1.10372350458481E+0000 -3.09705208682114E+0000
1.808 -3.13733857377054E+0000  2.67161629991001E+0000 -2.84082983996970E-0001
1.316  2.05991288763948E+0000 -3.07908552195790E-0001  4.12668986498519E+0000
0.619 -4.17864432918275E+0000 -3.19056377260819E+0000 -4.65469367210930E-0001
1.360  1.95014479179847E+0000  3.14127913269669E+0000 -2.70038389120216E+0000
0.532 -1.04705166868377E+0000  1.83281024488245E+0000  3.50509190867960E-0001
1.821  3.34334737967509E+0000  2.33409065088046E+0000  4.30076764395100E-0002
0.698  4.31675035666753E+0000 -2.07414439668828E+0000 -2.06663556894614E+0000
1.652 -7.24568441126240E-0001 -1.46070605740170E+0000 -3.61974200877130E-0001
0.605  4.29854844559756E+0000  2.15317300130774E+0000  2.28328852773213E+0000
1.431  4.37706711844879E+0000 -1.06928509295733E+0000 -1.24810820965590E-0001
1.918 -7.02421038289620E-0001 -1.89985193210967E+0000  3.47299363205085E+0000
1.241 -3.67968873726693E+0000 -1.25557363549275E+0000  2.63629389634251E+0000
1.247 -2.01560336104088E+0000  4.81386408534700E-0001 -2.09450579744579E+0000
0.903 -1.74132190182966E+0000 -4.69488141500690E+0000 -5.31289431062350E-0001
0.936 -2.45400718237705E+0000  3.85188937644390E-0001 -4.32420287243865E+0000
1.426  2.24232028802000E-0002 -4.08202809132360E+0000 -1.92335875476579E+0000
1.147 -2.77970706308740E+0000  5.88194563938790E-0001  3.85821771588655E+0000
0.746  2.72403743679923E+0000  3.98909691076951E+0000  1.90496920413919E+0000
0.779  9.98396611403850E-0001 -2.10387226865751E+0000 -1.95275045796749E+0000
1.350 -1.69811030984206E+0000  5.89416261093100E-0001  1.60431130712244E+0000
1.191 -4.15851028146225E+0000  1.06042575499010E+0000  2.03006416128627E+0000
0.912  1.90833354506546E+0000 -1.13226383907797E+0000 -2.78812759697310E-0001
0.939 -4.30888567660043E+0000  1.10817929614151E+0000 -2.24501618836274E+0000
 5.93851230300819E+0000