1.518  4.11755867442557E+0000  9.15325621917990E-0001 -4.89872135498300E-0001
1.463  2.67838669324665E+0000  1.25495180161016E+0000 -3.12704661555276E+0000
1.513 -3.62916046190208E+0000  2.01952760868112E+0000  9.21873822408660E-0001
0.780 -1.72486794922880E-0001 -3.68801166508074E+0000 -3.30307467299238E+0000
0.567  1.99726297419411E+0000  3.37766449640270E+0000 -3.30021730537649E+0000
1.982 -1.00704999875511E+0000  1.72744004062616E+0000  3.21408908637063E+0000
1.934 -2.16081918437007E+0000 -2.71268326003190E+0000 -1.63293294863046E+0000
0.829  1.08316154810400E+0000  1.12800354306827E+0000 -1.38946435395590E+0000
1.609  3.58124039614276E+0000 -1.98009816246605E+0000  7.38556308267560E-0001
0.600  9.67168953554630E-0001  9.44734646591750E-0001  4.89828386450430E+0000
0.673 -1.92691397679873E+0000 -1.92193470448849E+0000 -4.23081763364982E+0000
1.327 -7.92210040424300E-0001 -3.19153793989078E+0000  2.98123006614659E+0000
1.422  3.46993585203151E+0000 -1.36971237866393E+0000 -2.22826097108299E+0000
0.764 -3.73349872978785E+0000  1.11853008599234E+0000  3.08995017162338E+0000
1.367 -6.36828883411400E-0002 -1.75711853125386E+0000  8.07308021703140E-0001
1.598 -1.26383123233127E+0000  5.64651429587680E-0001 -5.92783431375500E-0001
0.916 -2.76448165313407E+0000 -3.88513793042907E+0000  8.93614991056470E-0001
1.080  1.38403426314689E+0000 -7.49728568564960E-0001 -9.93473261157110E-0001
1.480  1.46864255765609E+0000  9.43743274606230E-0001  9.24496463071620E-0001
1.741  1.40272201032340E+0000 -3.55824656768037E+0000 -1.25794285006273E+0000
1.104 -1.32689358571377E+0000 -1.16858788870707E+0000  4.30208070736651E+0000
1.348  1.32089404031725E+0000  3.74205671379533E+0000  1.94487698262753E+0000
1.747 -2.76124096815740E-0001  2.50993078863116E+0000 -3.12840032379314E+0000
1.755 -1.09228271071787E+0000  3.86076943430286E+0000 -2.19702666567000E-0003
1.266  3.86457650484363E+0000  4.39155733478900E-0001  2.26582805286617E+0000
1.495 -2.49828352312536E+0000  1.68293783702530E-0001 -3.46163032735492E+0000
1.141  3.50340316699916E+0000  2.66493419229422E+0000  1.42373786769801E+0000
1.808  1.49479408171645E+0000 -1.10550980599219E+0000  3.49565015645888E+0000
1.316  1.53159443126830E+0000 -3.75346701190612E+0000  1.83843926680971E+0000
0.619 -2.60453265255070E+0000  3.75531845552637E+0000  2.13710956701967E+0000
1.360 -3.14398383258473E+0000  2.45330526625797E+0000 -1.87644223272288E+0000
0.532  4.04036177485514E+0000  2.50967489943917E+0000 -1.99224682637410E+0000
1.821  5.30511745574100E-0001 -1.15332693124550E+0000 -3.73654285801813E+0000
0.698 -4.49833269376161E+0000 -2.18683161746329E+0000 -3.02911132146200E-0001
1.652  2.15556715373394E+0000  3.38426143285421E+0000 -9.14372231796580E-0001
0.605 -6.64849701367830E-0001  4.36740412415241E+0000  2.48243272633662E+0000
1.431 -4.19685980413776E+0000 -5.39188571087800E-0002 -1.08951325882922E+0000
1.918 -3.13477673608562E+0000 -1.24496815229348E+0000  1.85483487391499E+0000
1.241  2.20136184980577E+0000  1.86048646892809E+0000  3.48999615469459E+0000
1.247 -6.74579125607200E-0001 -4.41251462939873E+0000  7.12639062717350E-0001
 5.76730966260702E+0000