1.897  5.00000002940419E+0000  1.99389395534752E+0000  1.76556448240845E+0001
2.169  7.69673831079096E+0000  5.33099980000000E+0000  1.74816392780149E+0001
1.897  5.00000002831000E+0000  5.60299957364314E+0000  1.44508013318797E+0001
2.169  2.30326174582904E+0000  5.33099980000000E+0000  1.74816392780149E+0001
1.897  5.00000002831000E+0000  1.89700024994465E+0000  1.16090018766543E+0001
2.169  7.83099980000000E+0000  5.33099980000000E+0000  1.15449768455317E+0001
1.897  1.89700020000000E+0000  1.89700020000000E+0000  4.13563441752147E+0000
2.169  2.16900020000000E+0000  5.33099980000000E+0000  1.15449768455317E+0001
1.897  8.10299980000000E+0000  1.89700020000000E+0000  4.13563441659592E+0000
2.169  7.69673810474377E+0000  2.16900020000000E+0000  8.57816384392921E+0000
1.897  5.00000003007147E+0000  1.89860660430962E+0000  1.90671955892514E+0000
2.169  2.30326195187622E+0000  2.16900020000000E+0000  8.57816384392921E+0000
1.897  5.00000002831000E+0000  5.60299980000000E+0000  8.63915246382009E+0000
2.169  7.83099980000000E+0000  2.16900020000000E+0000  1.45148262685466E+0001
1.897  1.89700020000000E+0000  5.60299980000000E+0000  6.43924895781230E+0000
2.169  2.16900020000000E+0000  2.16900020000000E+0000  1.45148262685466E+0001
1.897  8.10299980000000E+0000  5.60299980000000E+0000  6.43924895884557E+0000
2.169  7.16900023475574E+0000  5.33099980000000E+0000  2.16900020000000E+0000
1.897  5.00000003121122E+0000  3.71062660715566E+0000  5.35078468374275E+0000
2.169  2.83099982535543E+0000  5.33099980000000E+0000  2.16900020000000E+0000
 1.96506394780149E+0001