0.744  5.17864709290265E+0000  9.25101014584448E+0000  2.81936968780938E+0000
1.467  4.96695853416734E+0000  5.55567547994628E+0000  4.81439239995548E+0000
0.991  8.81178870424167E+0000  8.71004756534355E+0000  5.07746600617809E+0000
1.934  5.32701191061184E+0000  2.20618649499294E+0000  4.34739240878383E+0000
1.376  8.60262969265220E+0000  1.39176879690467E+0000  4.90094730795989E+0000
2.476  2.47600020000000E+0000  7.52399979406062E+0000  2.47600020000000E+0000
1.303  1.32465251593944E+0000  1.31356899100892E+0000  4.97230306905591E+0000
1.287  4.92211734193769E+0000  1.28700020000000E+0000  1.28700020000000E+0000
0.946  8.90127800143541E+0000  5.01728788127327E+0000  1.10526447212382E+0000
0.813  3.14884059051562E+0000  9.00124970599063E+0000  5.40630479005913E+0000
0.932  1.00329850874446E+0000  8.87563822499358E+0000  5.29285325489889E+0000
2.082  2.08200021583811E+0000  2.91545759608867E+0000  2.08200022680464E+0000
1.370  1.37000024963212E+0000  4.76042452244227E+0000  4.91139239193374E+0000
1.848  8.15199979194060E+0000  4.71926720628235E+0000  4.43339223714194E+0000
0.432  9.30054803716870E+0000  5.38924292310560E-0001  5.59161799927880E-0001
0.920  5.06946747879857E+0000  9.07697717006475E+0000  9.22981429913380E-0001
1.421  5.42930746800243E+0000  8.51066916843031E+0000  4.85396341936414E+0000
2.115  7.59651070364329E+0000  7.88499980000000E+0000  2.11500026298688E+0000
1.711  5.48805532275602E+0000  4.71806434166318E+0000  1.71100030178083E+0000
1.820  8.11989623848292E+0000  2.12360968604134E+0000  1.82304482433746E+0000
 6.28139260878383E+0000
