1.634  1.63400020000000E+0000  1.63400020000000E+0000  3.99309355416364E+0000
2.431  7.25974439870269E+0000  4.86029408624551E+0000  2.43100020000000E+0000
2.346  7.53438749941210E+0000  2.34600020000000E+0000  1.46912927394180E+0001
1.992  8.00799980000000E+0000  5.50799980000000E+0000  1.17594507865432E+0001
2.302  2.31576426376179E+0000  5.18791919133982E+0000  7.08156188005097E+0000
0.629  4.96443294746282E+0000  6.63835531430588E+0000  4.99413678529477E+0000
2.229  2.22900020000000E+0000  5.27099980000000E+0000  1.16330510634502E+0001
1.729  4.61251968534232E+0000  1.72900021360585E+0000  1.72900033815118E+0000
1.659  1.71332870269307E+0000  1.72434014096925E+0000  9.09816361592325E+0000
0.765  8.76735596955020E+0000  6.43080146412691E+0000  1.54538062246068E+0001
1.634  1.63400024918961E+0000  5.86599979313042E+0000  1.54032927347203E+0001
2.431  7.56899980000000E+0000  5.06899980000000E+0000  7.27866465964971E+0000
2.346  2.49253918399557E+0000  5.15399980000000E+0000  2.34600020065427E+0000
1.992  4.82789835471099E+0000  1.99200020000000E+0000  5.67200078755207E+0000
2.302  5.45262190040381E+0000  2.30200020000000E+0000  1.04827168437090E+0001
0.629  9.08042716569850E+0000  1.00234447099617E+0000  1.08365603217371E+0001
2.229  2.96238017552297E+0000  2.22900020000000E+0000  1.48082927370730E+0001
1.729  5.13005523696900E+0000  5.68292398304627E+0000  1.50987566669622E+0001
1.659  8.34099954879185E+0000  1.65900054049103E+0000  4.73549862023204E+0000
0.765  8.75719315936485E+0000  1.10043163927098E+0000  1.17721662374908E+0000
 1.70372929394181E+0001
