0.703  6.08041954252055E+0000  2.12363956445021E+0000  7.03000200000000E-0001
0.730  8.27074348154555E+0000  7.30000200000000E-0001  5.24145590672986E+0000
0.749  7.52193016722190E-0001  2.07547469099199E+0000  3.53941193323138E+0000
0.939  7.73710019768291E+0000  1.28150360856221E+0000  3.61077796537337E+0000
0.703  7.90752852832703E+0000  7.03000203015410E-0001  2.08354080398131E+0000
0.730  8.91540531344947E+0000  2.19281401680607E+0000  2.04094240092200E+0000
0.749  7.49000375780210E-0001  2.83663096712019E+0000  4.87740187822334E+0000
0.939  9.98698243621960E-0001  4.06099979031574E+0000  3.60753953825099E+0000
0.703  4.31388900936616E+0000  4.29699975110431E+0000  7.03000211932510E-0001
0.730  6.31615086184635E+0000  3.25258296829498E+0000  5.24145591934534E+0000
0.749  2.20415398400993E+0000  4.25099980000000E+0000  5.12333800144624E+0000
0.939  9.06099978735500E+0000  3.62035025720311E+0000  3.11764395029758E+0000
0.703  6.30821843619827E+0000  4.29699980000000E+0000  4.26032358619252E+0000
0.730  5.04475913135739E+0000  7.30000204661520E-0001  5.24145591978584E+0000
0.749  7.37934598855794E+0000  2.10948380103634E+0000  5.21639550161314E+0000
0.939  2.87750991625691E+0000  4.06099971979450E+0000  3.58716181996748E+0000
0.703  2.99153951728754E+0000  3.03969062560944E+0000  5.26845589609423E+0000
0.730  2.03052048663544E+0000  4.26999980000000E+0000  2.16431597306876E+0000
0.749  3.34312145795641E+0000  2.47095192803842E+0000  3.91011596734291E+0000
0.939  6.28496909270379E+0000  2.77522552802962E+0000  3.64248127219210E+0000
0.703  4.83271163015505E+0000  1.85234818029799E+0000  1.29161136517736E+0000
0.730  5.13486411928572E+0000  7.30000202294670E-0001  2.35858140203445E+0000
0.749  9.24947660839301E+0000  7.80313648072780E-0001  2.63450931549377E+0000
0.939  4.75385471510039E+0000  4.06099973485895E+0000  3.66600311947582E+0000
0.703  9.29312003421638E+0000  2.01514335638662E+0000  3.41381468248066E+0000
0.730  7.30000206051270E-0001  2.58162018388884E+0000  7.30000239568700E-0001
0.749  7.40713441465440E+0000  4.25099979388165E+0000  5.22245559351403E+0000
0.939  9.06008982204688E+0000  4.06099978975325E+0000  1.29207201988479E+0000
0.703  2.90788857842941E+0000  4.29699980000000E+0000  7.03000209798050E-0001
0.730  6.81107828002248E+0000  7.30000200000000E-0001  5.21017201490007E+0000
0.749  5.30993213563552E+0000  2.81807398348418E+0000  2.26523317847270E+0000
0.939  9.06099980000000E+0000  9.39000230377990E-0001  9.39000206485900E-0001
0.703  1.89685969521243E+0000  7.03000213559450E-0001  5.16952993926775E+0000
0.730  5.96878363669249E+0000  4.26999980000000E+0000  7.30000218776230E-0001
0.749  5.61127104929267E+0000  7.49576533328070E-0001  7.53099676310470E-0001
0.939  2.21967106423924E+0000  2.63037116797664E+0000  2.41211069093047E+0000
0.703  7.03000200000000E-0001  2.09598131557521E+0000  2.07999276785003E+0000
0.730  4.25681785158335E+0000  7.30000201289600E-0001  3.64772126370469E+0000
0.749  7.49000207324420E-0001  3.54599297440442E+0000  2.01953316502523E+0000
0.939  9.06099980000000E+0000  4.06099980000000E+0000  4.94321615772325E+0000
0.703  1.94138044951333E+0000  2.10480931084996E+0000  5.26845587907909E+0000
0.730  7.30000201530480E-0001  4.26999979310005E+0000  5.24145591398723E+0000
0.749  7.66350526501177E+0000  4.25099969004768E+0000  2.22094082579180E+0000
0.939  4.58915623489481E+0000  2.76102230244515E+0000  5.01129813384148E+0000
0.703  7.03000202051030E-0001  1.43903794759438E+0000  5.26845591232572E+0000
0.730  6.18487369591081E+0000  4.26999980000000E+0000  2.83289679465916E+0000
0.749  7.18004535790931E+0000  7.77205360889120E-0001  7.75662937651010E-0001
0.939  6.54317640811446E+0000  1.61011547811860E+0000  2.19240089246398E+0000
0.703  1.92907768076031E+0000  2.77682494786058E+0000  4.03351423328783E+0000
0.730  2.58162021264555E+0000  7.30000243097340E-0001  7.30000200030710E-0001
0.749  3.77974520399134E+0000  4.24822209930857E+0000  5.07353626951624E+0000
0.939  2.20444396466038E+0000  1.20727914958743E+0000  3.63745259236130E+0000
0.703  2.09748115966691E+0000  7.03000203116740E-0001  2.07846990287182E+0000
0.730  7.89771155702221E+0000  2.88117857190967E+0000  4.05889220578945E+0000
0.749  7.43666066772025E+0000  4.08994802295498E+0000  7.49000216613200E-0001
0.939  3.52507988632728E+0000  2.81426387428075E+0000  1.04466431290708E+0000
0.703  9.29699980000000E+0000  2.54672327217313E+0000  7.03000204535940E-0001
0.730  7.30000252978390E-0001  4.26999980000000E+0000  7.30000200000000E-0001
0.749  9.25099980000000E+0000  7.49000223732130E-0001  4.13412632904075E+0000
0.939  3.59267761360189E+0000  1.35913902050241E+0000  2.25177553963112E+0000
0.703  7.03000200000000E-0001  7.03000200320350E-0001  4.07050533783784E+0000
0.730  7.62658068793557E+0000  4.26999980000000E+0000  3.69935815867230E+0000
0.749  7.51040162790500E-0001  7.49000200200720E-0001  2.62002907723315E+0000
0.939  9.39000200000000E-0001  9.39000200000000E-0001  9.39000200511360E-0001
0.703  5.94360920341204E+0000  1.86911851462605E+0000  5.26845589441616E+0000
0.730  3.89916196624220E+0000  3.02654826955930E+0000  2.65728961261535E+0000
0.749  4.06037652253082E+0000  7.49000200000000E-0001  7.49000200000000E-0001
0.939  7.67625440959567E+0000  2.42987547278284E+0000  9.39000200000000E-0001
0.703  2.09748109178406E+0000  2.07846996933678E+0000  7.03000214107510E-0001
0.730  6.56484615663398E+0000  3.39039304451828E+0000  1.73130066974752E+0000
0.749  4.74255487427861E+0000  2.11424899514894E+0000  3.45968650695454E+0000
0.939  3.46173475210154E+0000  1.21571119457213E+0000  5.03245592048457E+0000
0.703  5.09959424800362E+0000  3.13102177347144E+0000  7.03000268470000E-0001
0.730  5.26412042493669E+0000  4.26999980000000E+0000  5.24145588412647E+0000
0.749  7.67686846577388E+0000  2.79717808688436E+0000  2.59542250321025E+0000
0.939  5.90311609088440E+0000  9.39000208400750E-0001  3.82543873503140E+0000
0.703  1.85094284115172E+0000  3.42580994743488E+0000  1.02038176062745E+0000
0.730  3.48289619316353E+0000  4.26999980000000E+0000  2.01529875852251E+0000
0.749  4.96171171800596E+0000  4.25099980000000E+0000  2.00165911786666E+0000
0.939  9.06099980000000E+0000  2.18512086396804E+0000  5.03245590786674E+0000
a=10 b=5 h=5.97145612048457E+0000