1.213  8.60265734964189E+0000  2.85693553982874E+0000  1.21300027518764E+0000
0.832  8.35316326522620E-0001  6.66137706168079E+0000  3.16577076164960E+0000
0.665  9.18832887413094E+0000  2.86196331270542E+0000  3.26595682731058E+0000
1.119  2.98363222963011E+0000  1.12957743351631E+0000  1.15666196037262E+0000
1.213  3.24463434726746E+0000  4.67354041549544E+0000  1.21300020000000E+0000
0.832  4.86547159640824E+0000  6.66670350132688E+0000  3.16359014690756E+0000
0.665  6.74683917117725E+0000  2.84385113562617E+0000  6.88055363201850E-0001
1.119  1.19129899535669E+0000  1.13423756360028E+0000  2.86105574481725E+0000
1.213  1.39734264341665E+0000  4.64306419465878E+0000  2.78528036300771E+0000
0.832  5.13118429454062E+0000  8.32750043629590E-0001  8.35029714499140E-0001
0.665  3.25278928888344E+0000  4.65738122162157E+0000  3.30886934789350E+0000
1.119  8.80746920607729E+0000  6.36620948496796E+0000  1.13719407916426E+0000
1.213  5.09217156272155E+0000  4.66916150773298E+0000  2.78528043142364E+0000
0.832  8.32000968983210E-0001  8.32000340447610E-0001  8.32000968981650E-0001
0.665  7.40240792411120E-0001  4.63577731180080E+0000  7.33005648549800E-0001
1.119  1.11900023083252E+0000  6.38099943902508E+0000  1.25546565573650E+0000
1.213  4.90782842624501E+0000  2.83083852902463E+0000  1.21300020677133E+0000
0.832  9.16799829188708E+0000  6.66799953504519E+0000  3.16627967133135E+0000
0.665  7.27038531427970E-0001  2.88535583355197E+0000  3.25948097469657E+0000
1.119  7.03652165848128E+0000  1.12368953740341E+0000  1.17687433541298E+0000
1.213  6.75536564158959E+0000  2.82645957391005E+0000  2.78528044020729E+0000
0.832  3.21516319302481E+0000  8.32000200000000E-0001  3.16628040693332E+0000
0.665  9.21780667256325E+0000  4.61901680478333E+0000  7.22363845636250E-0001
1.119  5.10671140549319E+0000  1.11900101120222E+0000  2.78407773634725E+0000
1.213  6.93970877379496E+0000  4.66478228871007E+0000  1.21300020000000E+0000
0.832  6.78483683000895E+0000  6.66799979362859E+0000  8.32000233393230E-0001
0.665  4.90121402015409E+0000  2.84407921422722E+0000  3.30813909846710E+0000
1.119  4.89328861076371E+0000  6.38099904137608E+0000  1.21420291561671E+0000
1.213  3.06029121505729E+0000  2.83521770069690E+0000  2.78528044312438E+0000
0.832  9.16130600492474E+0000  8.35275359096760E-0001  8.32507723110020E-0001
0.665  6.94414709919140E+0000  4.63507655082656E+0000  3.31471083426305E+0000
1.119  7.01585856290350E+0000  6.37050989876334E+0000  2.84021936187545E+0000
1.213  8.78699978377819E+0000  4.69525856555114E+0000  2.78528042763792E+0000
0.832  6.99825961045837E+0000  8.32000200000000E-0001  3.16628041529946E+0000
0.665  5.09881483649927E+0000  4.65592431728965E+0000  6.89075324790220E-0001
1.119  2.96208154700995E+0000  6.37685607845750E+0000  2.81547388068421E+0000
1.213  1.21300020927957E+0000  2.80474116894028E+0000  1.21300021055650E+0000
0.832  3.00174039900224E+0000  6.66799979382999E+0000  8.32000225023520E-0001
0.665  3.05581081278497E+0000  2.86516212482824E+0000  6.82900304381680E-0001
1.119  8.88099980000000E+0000  1.11900061359782E+0000  2.74281532849104E+0000
 3.99828064312438E+0000