1.586  1.58600020204533E+0000  1.58600020000000E+0000  7.00551462716281E+0000
0.933  9.05922608556199E+0000  1.26445321955188E+0000  9.99666498192360E-0001
0.445  4.45000200000000E-0001  4.45000200000000E-0001  4.45000200000000E-0001
0.670  9.32999077284180E+0000  6.70009310501440E-0001  5.25257521227306E+0000
0.980  8.92863496205796E+0000  3.95167162348475E+0000  7.57140282543431E+0000
0.759  2.14846572291942E+0000  4.17348433781684E+0000  8.64341341876950E-0001
1.447  8.55299948416901E+0000  1.44700036237646E+0000  7.06207422508852E+0000
1.297  6.75860878819324E+0000  3.70181977721630E+0000  3.29427792842519E+0000
1.360  4.62680446658666E+0000  3.63999980000000E+0000  4.87911218867000E+0000
1.378  8.62188180485280E+0000  3.58933886424227E+0000  1.37812151210150E+0000
1.619  1.70608224555549E+0000  3.38099980000000E+0000  4.35304706369719E+0000
1.480  6.48719191112227E+0000  3.51999980000000E+0000  7.11151462257683E+0000
1.334  4.66897554767046E+0000  1.33493852280829E+0000  7.24938923920308E+0000
0.769  9.41843011498140E-0001  8.99446245702350E-0001  3.93503227882196E+0000
0.452  3.45339671561469E+0000  4.34853874548315E+0000  3.35761061946130E+0000
1.586  4.31735016225555E+0000  3.41399980000000E+0000  1.58600021409077E+0000
0.933  4.15728315126240E+0000  9.51836730609210E-0001  9.84286082560840E-0001
0.445  8.02549156173452E+0000  4.68903394568710E-0001  4.73611575933320E-0001
0.670  7.25361056122800E-0001  3.67858582632011E+0000  7.22435230821260E-0001
0.980  9.94739533246930E-0001  4.01611099696485E+0000  7.59579697471965E+0000
0.759  6.59900137430372E+0000  7.62827696569370E-0001  7.82916786664016E+0000
1.447  6.37074991303088E+0000  1.44700020000000E+0000  5.04839922579057E+0000
1.297  3.52158356422482E+0000  3.70299980000000E+0000  7.29451462336285E+0000
1.360  3.81555165536290E+0000  1.36000020000000E+0000  3.63739052494106E+0000
1.378  8.62162919371743E+0000  3.59171452720290E+0000  5.21144940889992E+0000
1.619  1.64345537992948E+0000  1.64730083896730E+0000  1.61900020000000E+0000
1.480  6.69406384642634E+0000  1.48000020080083E+0000  1.48000020000000E+0000
1.334  8.66599980000000E+0000  1.33400026538208E+0000  3.48218664522536E+0000
0.769  8.58831964315590E-0001  4.09819928852198E+0000  2.17430096305785E+0000
0.452  6.07942894385630E-0001  5.95895913305940E-0001  5.30381990315726E+0000
 8.59151482716281E+0000