1.518 -7.55701415608660E-0001 -4.25064123123600E+0000  1.51800029918771E+0000
1.463 -4.33274796242098E+0000  5.86736473549150E-0001  2.89540622234777E+0000
1.513  3.47758367820070E+0000  2.56683622235297E+0000  1.52353405108929E+0000
0.780  7.30044470400320E-0001  2.18207356759235E+0000  6.12337924816579E+0000
0.567 -6.98398720156260E-0001 -2.36927908235446E+0000  5.78788651188570E-0001
0.829  4.90992576335310E+0000  6.89454880179360E-0001  6.07900338924986E+0000
0.600 -2.37923769205212E+0000  9.27320186359380E-0001  7.48448346982970E-0001
0.673 -1.79822249234023E+0000  4.64818090992720E+0000  7.96046138080970E-0001
1.327 -1.46608575204997E+0000  1.80707631032613E+0000  5.67299938330892E+0000
1.422 -3.35561047734837E+0000  2.86654028918472E+0000  1.42200039795439E+0000
0.764 -4.82628454620330E+0000  1.26664507945712E+0000  7.95877838045170E-0001
1.367 -2.41486339778456E+0000 -3.75953419790496E+0000  5.63299978090158E+0000
1.598 -2.42851965462823E+0000 -9.22982924685500E-0001  4.76985560650088E+0000
0.916 -4.78756405911453E+0000 -7.52438521503250E-0001  9.47002097556700E-0001
1.080 -4.34225873140827E+0000 -1.93845860163691E+0000  3.19565775441271E+0000
1.480  4.35000610629130E+0000  2.14569096016370E-0001  3.21737947825585E+0000
1.104  3.94618453582220E+0000  2.61013060595024E+0000  4.09787488167278E+0000
1.348 -4.34084375620055E+0000  1.13705510092021E+0000  5.65199978105316E+0000
1.266 -8.00235384006402E-0002 -2.26459206894263E+0000  5.73399941192088E+0000
1.495  2.26643354955695E+0000 -3.70154565825365E+0000  5.50499949582542E+0000
1.141 -1.85804086373634E+0000  1.30867553751699E+0000  3.28783733707091E+0000
1.316 -7.00194394073650E-0001  2.20762008242495E+0000  1.31600021275523E+0000
0.619 -3.93264570458926E+0000  3.16909901606390E+0000  6.24364002689527E+0000
1.360  2.41312911607583E+0000  3.76896211726540E+0000  5.63999977465569E+0000
0.532  1.29977363580477E+0000  5.11331599686600E+0000  6.43739217851830E+0000
0.698  1.34189467213786E+0000  1.95795195583254E+0000  7.96525630934440E-0001
1.431  2.68553169481746E+0000  9.75268547417860E-0001  5.56899973932695E+0000
1.241  2.23756233717910E+0000  1.24083668759910E-0001  1.24100028156802E+0000
1.247  9.67705486374820E-0001 -2.03722370086822E+0000  1.25819607001328E+0000
0.903 -4.55299131789202E+0000 -1.56358592893279E+0000  6.07895097330047E+0000
0.936 -3.13202089016450E+0000 -3.71536211539210E+0000  9.66211780551250E-0001
1.426  4.15540845412580E+0000 -1.47460675981480E+0000  5.57399966894847E+0000
1.147 -4.03954718480300E-0001 -2.25125773043238E+0000  3.34287757587202E+0000
0.746  1.79037275462078E+0000 -1.14950244967102E+0000  6.14469428116647E+0000
0.779 -4.95444375903155E+0000 -7.43007877078460E-0001  4.63006425911926E+0000
1.350 -1.26459565224834E+0000  4.30333254943290E+0000  2.87889380682773E+0000
1.191 -2.86123134007656E+0000 -3.65825533730135E+0000  3.11628262971991E+0000
0.912  3.85922319719130E+0000 -3.02304418351945E+0000  3.79981726159410E+0000
0.939  2.65010878804951E+0000  4.09841253114670E+0000  3.30540770511425E+0000
0.780 -4.36763732317917E+0000 -2.45068698165505E+0000  9.11316165401060E-0001
0.567  2.92068497510925E+0000  4.36307740996650E+0000  5.89975854737740E-0001
0.829  4.27948923521250E+0000  2.53706925666136E+0000  6.11613103408892E+0000
0.600 -8.15880031019650E-0001 -4.93054332836411E+0000  6.28565838782034E+0000
0.673  1.34261884025664E+0000 -4.83621241702599E+0000  7.49178388805650E-0001
1.327 -1.73716459183610E-0001 -4.50494712261871E+0000  4.33713779305090E+0000
1.422  1.98430845633355E+0000 -1.38874246971121E+0000  3.73278836992337E+0000
0.764 -2.61523354484068E+0000  4.21032638531860E+0000  6.10152470474992E+0000
1.367  1.88575359003160E+0000 -4.05087591729850E+0000  2.66082015897722E+0000
1.598 -2.29290683516221E+0000 -1.29089802178670E+0000  1.59800022716492E+0000
0.916  4.86835775205660E+0000  6.55999842206190E-0001  9.18022064083370E-0001
1.518  9.32976787166240E-0001  2.33877745339226E+0000  3.62838167568725E+0000
1.463 -3.45683591614150E-0001  4.35860755406630E+0000  5.53699873989383E+0000
1.513  3.73888333296100E+0000 -2.16863732978855E+0000  1.51300025530861E+0000
0.780 -4.19911152236883E+0000 -2.76254896928080E+0000  4.89376623233922E+0000
0.567 -1.68519159167032E+0000 -4.97775494477813E+0000  3.26960983414888E+0000
0.829  9.88802595669540E-0001  4.84387686616390E+0000  3.67366121878443E+0000
0.600  6.04555787527630E-0001 -4.94264969197956E+0000  6.27343074625959E+0000
0.673  2.86706802130796E+0000 -4.16639100617483E+0000  7.56074353276870E-0001
1.327 -3.25689066476614E+0000  3.11727271604430E+0000  4.21693490178785E+0000
1.422  1.09351432243158E+0000  4.27567552366980E+0000  1.42200025111039E+0000
 5.83529547515723E+0000
