1.000 -3.24027045839569E+0001  2.00510893140568E+0001  4.26626594577863E+0001
2.000  2.43073495119467E+0001 -3.46963432720787E+0001  3.92935635073985E+0001
3.000 -3.14942387502917E+0001 -4.39152636495195E+0001  1.92534899744199E+0001
4.000  5.43711283929288E+0001  9.24776968695083E+0000 -6.15318527808791E+0000
5.000  3.11105475937240E+0001 -4.71339199076212E+0001  6.26531861262498E+0000
6.000  2.01191381439348E+0001 -1.78316443710791E+0001 -4.96764395711477E+0001
7.000 -4.18151339315796E+0001 -1.60827438198383E+0001 -3.51124932111330E+0001
8.000 -3.21753542893759E+0001  4.68672151745692E+0001  3.93691765498474E-0001
9.000 -1.45635393033922E+0001  1.25498153503306E+0001  5.37951970317895E+0001
10.000 -5.35614047720993E+0001 -1.54531410182451E+0001  1.74270174889301E+0000
11.000  4.75580357502314E+0001 -1.93617809617182E+0001 -2.06490396231075E+0001
12.000 -4.28682870691932E+0001  2.41139550215440E+0001  2.36206400749741E+0001
13.000  3.25301576298029E+0001  1.57406250208486E+0001  4.00864471682016E+0001
14.000  2.27855637618657E+0001  4.77840517296333E+0001 -6.95065598758269E+0000
15.000 -1.19982783689446E+0001  2.26829482521002E+0001 -4.57066063684835E+0001
16.000 -1.43176203268229E+0000 -6.86082011314070E+0000  2.88652130274691E-0001
17.000  4.06494687952940E+0001  2.83297959845483E+0001  9.32432532702119E+0000
18.000 -5.86614937826710E+0000  4.44172061368008E+0001 -2.08510246186220E+0001
19.000  8.22730970184599E+0000 -7.34163138592431E+0000  4.71449094071698E+0001
20.000 -1.26751699712980E+0001 -1.22695349497847E+0001 -4.40135688552854E+0001
21.000  1.65846545429901E+0000 -4.18003053785553E+0001  1.99545088650011E+0001
22.000 -2.82798838264804E+0001 -3.36572513762441E+0001 -1.14089762785509E+0001
23.000  1.55321072450520E+0001 -3.56355433433248E+0001 -2.14884695225391E+0001
24.000 -3.04441577648558E+0001 -1.13891420702343E+0001  2.87836552791902E+0001
25.000  3.74937615983494E+0001 -1.31901082005769E+0001  1.48142658941198E+0001
26.000 -3.64983664894448E+0001  1.35559258896621E+0001 -1.41242769894015E+0001
27.000  2.52013780370126E+0001  1.28633849056339E+0001 -2.88613658695912E+0001
28.000 -2.01286590089209E+0000  3.17924073046538E+0001  2.32144625849242E+0001
 6.74172579628223E+0001
