1.158 -2.96116044206139E+0000 -2.44246439572103E+0000  1.16355824652373E+0000
1.554  3.32204036150312E+0000 -9.15948839907600E-0001  4.54103481599161E+0000
1.630  2.45352575829905E+0000  2.28702363282912E+0000  9.95349520774414E+0000
1.679  3.26647321910097E+0000  5.94790458839130E-0001  1.68161647442388E+0000
1.648  1.92362520310420E-0001  3.01598782835690E-0001  8.63736303061785E+0000
1.674 -2.06074037825358E+0000  2.61067496297615E+0000  7.84528905563321E+0000
0.663  4.02743922128037E+0000 -1.00444142263100E+0000  1.31368296674859E+0001
1.963 -1.48111985334312E+0000 -2.65134904445410E+0000  9.86979143674301E+0000
2.015  1.21305194322605E+0000 -2.72740330325489E+0000  6.77901719716378E+0000
1.018 -3.07796808334218E+0000 -2.47625656861714E+0000  3.35791402154887E+0000
0.471  1.76298380258837E+0000  3.95831430460040E+0000  1.17398240360101E+0001
2.022  2.56279619599218E+0000 -1.51675919585534E+0000  1.07689167841308E+0001
2.418  3.90823722606170E-0001 -2.55224990548996E+0000  2.41800032011757E+0000
0.617  1.75930660490080E-0001 -8.21300319958740E-0001  5.05303764475991E+0000
1.480 -5.38268467600810E-0001  3.47860109102283E+0000  1.48000019325501E+0000
2.300 -1.02175706241300E-0001 -2.69806553765367E+0000  1.39598614262161E+0001
0.565  2.33099934861851E+0000 -3.60695613969602E+0000  1.54821253022287E+0001
0.852  7.21161087689070E-0001  4.07004544575415E+0000  1.53979669603696E+0001
1.121 -5.51940167014720E-0001  3.83953141152088E+0000  1.38910716664273E+0001
2.379  2.10514190751613E+0000  1.56141520403341E+0000  1.38808614295843E+0001
0.808 -1.75828834688742E+0000  3.77271428758655E+0000  1.54304176064854E+0001
0.542 -4.06601871739786E+0000  1.14835067704932E+0000  7.87452839018809E+0000
1.278 -3.23795243397264E+0000 -1.83546901541629E+0000  1.24682453439686E+0001
0.606 -2.08832907717439E+0000 -3.80419363805076E+0000  3.79538434249913E+0000
2.202 -2.53706614776308E+0000  1.17987208537720E+0000  1.40578614257055E+0001
0.967  8.47319532733990E-0001 -3.94298579191401E+0000  1.10924716613133E+0001
0.900  3.06451191176424E+0000  2.72374099136930E+0000  7.53753246280309E+0000
0.850  4.03150712533137E+0000  9.11500891470430E-0001  1.13355931283297E+0001
0.475 -4.23196648148472E+0000 -4.49066612849330E-0001  1.56037163799900E+0001
0.997  3.46047577033330E+0000 -1.99873598142359E+0000  1.00937042915381E+0000
1.325 -3.42366988358940E-0001  7.77369495826008E-0003  1.15508222655527E+0001
1.216  4.33280145439310E-0001  9.73678195056390E-0001  1.21780081148928E+0000
2.134 -2.77848690628748E+0000  7.02826451816050E-0001  2.13400020188319E+0000
0.455 -7.91230585763560E-0001 -4.40421511413548E+0000  5.07845232201130E-0001
2.479  9.15246319696160E-0001  2.29212092710087E+0000  4.96615047339507E+0000
1.281  3.23679951455226E+0000 -1.80549088054637E+0000  1.49362477266907E+0001
1.712 -3.24150952392216E+0000  5.50961365852900E-0001  1.02594893599528E+0001
0.642 -1.87119279762141E+0000 -3.87474259659486E+0000  7.21096951218190E-0001
0.745  3.58469762005974E+0000 -2.21890617324328E+0000  8.21233903177028E+0000
1.227  5.68205471651920E-0001  3.72996913191749E+0000  8.36417848443684E+0000
1.243 -2.91116129027326E+0000  2.37490787003207E+0000  5.06498519926347E+0000
0.799  4.00370795878228E+0000  1.21184836453847E+0000  5.38669775625609E+0000
0.749  4.22610142355798E+0000 -9.95474511554599E-0002  1.54937840226112E+0001
1.161  2.10499884475010E+0000  3.17999635277070E+0000  1.24966640414819E+0000
1.000 -1.24396315277208E+0000 -3.76502946311536E+0000  5.28383008135109E+0000
1.812 -7.02230281661430E-0001  3.10969686363829E+0000  1.10543046778057E+0001
0.960 -1.92225286331495E+0000  3.55338461756046E+0000  3.48813280744613E+0000
1.149 -3.30123245295864E+0000 -1.94843801735928E+0000  1.50778613323957E+0001
2.247 -2.59850617914520E+0000 -9.09270874717230E-0001  6.20363333901101E+0000
1.665  3.33051084175982E+0000  1.72977447881450E-0001  7.58310816470769E+0000
R=5 h=1.62598616295844E+0001