1.586  1.58600032141115E+0000  3.74720796886058E+0000  1.58600025396262E+0000
0.933  9.56577935372570E-0001  6.45278816493151E+0000  9.84158567932790E-0001
0.445  9.48599430181138E+0000  5.21787776903220E-0001  2.83666011855435E+0000
0.670  3.59490368375436E+0000  6.77534856672193E+0000  4.87019715496391E+0000
0.980  1.17528223359714E+0000  1.10854390261466E+0000  1.06176753561218E+0000
0.759  7.61394871901270E-0001  3.72591402431053E+0000  4.53171671826536E+0000
1.447  8.34509972603084E+0000  1.44700020918479E+0000  4.15011061245728E+0000
1.297  8.70298202441212E+0000  6.20284978478216E+0000  1.29710448832021E+0000
1.360  6.33725800906477E+0000  3.26319631283848E+0000  1.36005859608446E+0000
1.378  6.71574581319618E+0000  3.75374515322388E+0000  4.21911007818662E+0000
1.619  1.72941672910881E+0000  1.61900026411841E+0000  3.97811053956241E+0000
1.480  3.90594055391624E+0000  3.80732622354625E+0000  3.69921532023532E+0000
1.334  3.20227579733599E+0000  6.16599948490584E+0000  1.33400022700222E+0000
0.769  9.12230738711956E+0000  3.68257846017544E+0000  4.69238241777195E+0000
0.452  3.72977411525622E+0000  5.37296061333386E+0000  5.03691661307877E+0000
1.586  3.92581614815487E+0000  1.58600049524434E+0000  1.58600051349337E+0000
0.933  6.61470819704993E+0000  9.38883715206150E-0001  2.35442999407796E+0000
0.445  5.63428193205320E-0001  5.74634140590780E-0001  2.43342213798479E+0000
0.670  2.13880220184609E+0000  3.69509972578830E+0000  4.92372954241849E+0000
0.980  4.16291207361312E+0000  4.08099631520209E+0000  9.93878416053520E-0001
0.759  3.72223164903405E+0000  6.74099980000000E+0000  3.27813791374180E+0000
1.447  5.97360395898621E+0000  6.04145452861509E+0000  1.52955617190200E+0000
1.297  8.70294967695244E+0000  3.82794716744373E+0000  2.42980956182272E+0000
1.360  8.63999980000000E+0000  1.36000027626226E+0000  1.36000020000000E+0000
1.378  5.31882909121213E+0000  1.37800034569118E+0000  4.21910913422535E+0000
1.619  1.61900021650258E+0000  5.87998765247143E+0000  3.97811052200165E+0000
1.480  8.45528683360295E+0000  6.01988497782196E+0000  4.11693765137617E+0000
1.334  5.47718312706428E+0000  6.16599980000000E+0000  4.26311055746087E+0000
0.769  5.99585166649438E+0000  7.84052761561660E-0001  7.72460474668230E-0001
0.452  5.41045329811500E-0001  6.84234249822776E+0000  2.37394299000481E+0000
 5.59711081245728E+0000