1.612  4.10202310566252E+0000  1.61811778477620E+0000  1.27080415858408E+0001
1.300  8.54092334426847E+0000  1.36506129265433E+0000  5.59733133885748E+0000
2.114  7.88599979631443E+0000  2.45405807795524E+0000  1.92519432329857E+0001
1.273  4.74651311593408E+0000  3.71915988989798E+0000  1.46013354302656E+0001
1.608  1.60800020000000E+0000  3.39199980000000E+0000  1.97579432157306E+0001
2.296  7.70399980000000E+0000  2.70399980000000E+0000  2.29600020000000E+0000
1.251  8.73441242379534E+0000  1.25168352543344E+0000  1.61047841416585E+0001
2.154  2.15400020000000E+0000  2.15832356076733E+0000  1.62461667346615E+0001
1.539  1.53900020000000E+0000  3.46099980000000E+0000  5.70850665956349E+0000
2.229  2.29599348169018E+0000  2.22900022937354E+0000  2.22900020000000E+0000
1.612  4.29127953856375E+0000  1.61200020155377E+0000  1.97539431195321E+0001
1.300  5.25058024870113E+0000  3.69999978879742E+0000  1.08233323703594E+0001
2.114  4.93443770552335E+0000  2.11400020000000E+0000  5.67675887845251E+0000
1.273  4.75976933688705E+0000  3.72559730612753E+0000  1.78436655841512E+0001
1.608  5.87551727525267E+0000  1.60800020000000E+0000  1.62360796614300E+0001
2.296  2.32325971637825E+0000  2.29600020000000E+0000  9.27711157166685E+0000
1.251  8.74899980000000E+0000  3.74899980000000E+0000  1.62683909137159E+0001
2.154  7.84599980000000E+0000  2.84599980000000E+0000  8.71037218377841E+0000
1.539  1.53900023580641E+0000  3.46099980000000E+0000  1.28457165071467E+0001
2.229  7.77099980000000E+0000  2.72055758609708E+0000  1.30909351338213E+0001
 2.13659434329857E+0001
