1.562  4.10722549066325E+0000  1.56203580688932E+0000  1.09427962444395E+0001
1.723  8.27698905800020E+0000  1.72300534784099E+0000  1.72301500447637E+0000
1.397  5.78728059355830E+0000  3.60299721461176E+0000  1.68545105516804E+0000
2.347  2.34700515086453E+0000  2.34701878610424E+0000  2.46301476961795E+0000
0.861  4.05846983011127E+0000  9.43630218145060E-0001  1.41137406180545E+0001
0.627  6.59016877151970E-0001  6.59016630754700E-0001  6.57051078247050E-0001
1.661  4.64220343667871E+0000  1.66102533261754E+0000  7.76597487373175E+0000
0.752  9.69816975833160E-0001  9.29471043266060E-0001  1.08687574852498E+0001
2.261  7.63794703305862E+0000  2.73898463920637E+0000  1.00563418223101E+0001
1.150  5.35904873132303E+0000  1.15000541824844E+0000  1.15001918368504E+0000
1.567  8.43291616253371E+0000  1.56701213900652E+0000  6.49991165764682E+0000
1.769  5.47336523349646E+0000  3.23091507324967E+0000  1.34813538964166E+0001
1.867  1.87318894755771E+0000  2.69302757118352E+0000  1.33174661860623E+0001
1.594  8.40597022274494E+0000  1.59402661700987E+0000  1.36563855984228E+0001
1.291  6.49767969751164E+0000  3.69585411530059E+0000  6.63430724298795E+0000
1.750  1.75006458716460E+0000  3.24988304284401E+0000  9.34135690503865E+0000
1.742  5.96335758157500E+0000  1.74237516627587E+0000  4.30277888504056E+0000
1.368  3.86227183588632E+0000  3.63197586823978E+0000  5.60217090272415E+0000
1.433  8.56691672336018E+0000  3.56699077661945E+0000  4.26782799917779E+0000
1.652  1.65203804136023E+0000  1.65210352222544E+0000  6.33941525338043E+0000
 1.52503857984228E+0001
