0.703  8.43105106810531E+0000  1.80670484042235E+0000  1.82436701842452E+0000
0.730  7.30000224395680E-0001  4.26999980000000E+0000  2.43910537202522E+0000
0.749  6.39672730711738E+0000  7.49000380557600E-0001  2.33555392422552E+0000
0.939  3.75137129243604E+0000  3.97945327383349E+0000  9.73565047801620E-0001
0.703  4.31317357423223E+0000  1.97965891585706E+0000  1.77471450325336E+0000
0.730  9.26999975367680E+0000  8.20928763517350E-0001  2.43910415817701E+0000
0.749  5.40218283876598E+0000  4.25099970695959E+0000  7.49000323618360E-0001
0.939  2.93402292932610E+0000  2.28899980810741E+0000  9.39000238712390E-0001
0.703  7.84211528782758E+0000  7.03000231084530E-0001  2.46610541203867E+0000
0.730  2.74751675917739E+0000  4.26999974357117E+0000  2.43910507097088E+0000
0.749  5.32359266451821E+0000  3.34809711237044E+0000  1.94172677452301E+0000
0.939  9.83946089096200E-0001  2.30348105083283E+0000  9.39000229229420E-0001
0.703  7.03000220320670E-0001  7.03000221194850E-0001  7.03000201637800E-0001
0.730  3.82862031160837E+0000  7.30000239899700E-0001  7.30000201648870E-0001
0.749  9.25099970502950E+0000  2.84645738430839E+0000  2.42010533108676E+0000
0.939  7.06567248147821E+0000  4.03641222190382E+0000  9.39000220633260E-0001
0.703  7.03000446604600E-0001  2.83750808152787E+0000  2.46610537604307E+0000
0.730  9.26999935624455E+0000  2.19659974457027E+0000  7.30000387676820E-0001
0.749  9.00669505383172E+0000  7.52505168251160E-0001  9.39828531077810E-0001
0.939  5.43850796976958E+0000  1.10720273422160E+0000  9.57029752844550E-0001
0.703  1.73875826489140E+0000  3.49623566506780E+0000  1.77790459239386E+0000
0.730  6.36769983163993E+0000  4.26999843889294E+0000  2.43910285682509E+0000
0.749  3.51054940084390E+0000  3.00316797417962E+0000  2.42010517076318E+0000
0.939  8.93085452776641E+0000  3.81736005533803E+0000  9.39000403209980E-0001
0.703  9.29699980000000E+0000  4.29699979731440E+0000  2.46610526196844E+0000
0.730  5.58284921432267E+0000  1.97957839057949E+0000  2.43910514875302E+0000
0.749  6.29677027857823E+0000  2.54576292736400E+0000  7.49000537997800E-0001
0.939  7.31294550888882E+0000  9.92990516465440E-0001  9.39000201401010E-0001
0.703  4.35771609038751E+0000  4.29699951188659E+0000  2.46610525865519E+0000
0.730  4.77012428418865E+0000  7.30001945400680E-0001  2.43910490680044E+0000
0.749  7.84645743012990E+0000  4.25099961727909E+0000  2.42010539547350E+0000
0.939  1.24960480817775E+0000  9.58614071376360E-0001  2.23010541229429E+0000
0.703  4.83269047508493E+0000  2.74473486758027E+0000  7.06975611595640E-0001
0.730  2.20279817947492E+0000  2.31260960977946E+0000  2.43910540170926E+0000
0.749  7.50069349740060E-0001  3.97643004093295E+0000  8.11554358091280E-0001
0.939  7.09645655041537E+0000  2.67296351140661E+0000  2.23010484168141E+0000
0.703  2.16325152946337E+0000  4.29699980000000E+0000  7.03000214508130E-0001
0.730  7.84097172592113E+0000  2.56579872833262E+0000  7.33410095475490E-0001
0.749  2.18583780157760E+0000  7.65235121191880E-0001  7.74005513611340E-0001
0.939  3.12750282958812E+0000  9.39000227965500E-0001  2.23010541257470E+0000
 3.16910561257470E+0000
