0.735  7.87068319845740E-0001  7.99023236508650E-0001  7.38000207529220E-0001
0.738  7.70077831092805E+0000  4.22655154617935E+0000  7.38000207529220E-0001
0.735  5.35987487728206E+0000  7.78804641537970E-0001  7.38000207529220E-0001
0.738  9.22003837968474E+0000  4.08905819541935E+0000  7.38000207529220E-0001
0.735  3.83581537605033E+0000  7.68559425534480E-0001  7.38000207529220E-0001
0.738  7.72743244030500E-0001  4.06350992217267E+0000  7.38000207529220E-0001
0.735  7.76257189967595E+0000  2.62924775445263E+0000  7.38000207529220E-0001
0.738  6.44492604628811E+0000  3.37691588983606E+0000  7.38000207529220E-0001
0.735  7.64865428561220E-0001  2.36094643415960E+0000  7.38000207529220E-0001
0.738  6.49066443304407E+0000  1.78656753274906E+0000  7.38000207529220E-0001
0.735  9.24002041986062E+0000  2.38329041524061E+0000  7.38000207529220E-0001
0.738  2.27954199469708E+0000  4.23004896164488E+0000  7.38000207529220E-0001
0.735  2.22997562333600E+0000  2.69974180810851E+0000  7.38000207529220E-0001
0.738  5.20311549747021E+0000  4.23274878205632E+0000  7.38000207529220E-0001
0.735  2.31257324386545E+0000  9.29465907186370E-0001  7.38000207529220E-0001
0.738  3.74193716008736E+0000  3.83743292376312E+0000  7.38000207529220E-0001
0.735  3.67241139703225E+0000  2.27218469664425E+0000  7.38000207529220E-0001
0.738  9.20321443407588E+0000  8.12679664444770E-0001  7.38000207529220E-0001
0.735  5.15154754479867E+0000  2.56698196753600E+0000  7.38000207529220E-0001
0.738  7.65660324795348E+0000  7.92256912162290E-0001  7.38000207529220E-0001
 1.47600040752922E+0000
