1.518 -2.14326461091895E+0000 -6.92638088653610E-0001 -1.88460197172588E+0000
1.463  3.94529974292511E+0000 -3.51418675431457E+0000  2.21144740871078E+0000
1.513  2.71210471368637E+0000 -9.25309549967930E-0001 -2.31016480072460E+0000
0.780 -2.77044608415488E+0000 -5.76328597207594E+0000 -2.23934255851620E-0001
0.567  1.09577827319032E+0000 -5.68045447313666E+0000  3.22548817278929E+0000
1.982  9.07861891635450E-0001 -1.37549660605883E+0000  2.71718070617125E+0000
1.934 -3.87782449938742E+0000  3.00290155621101E+0000  1.89126901881020E+0000
0.829  1.74431410237727E+0000  5.57065079689264E+0000  2.49706337143051E+0000
1.609  2.76497823124232E+0000  1.80957987453859E+0000 -4.49158972917489E+0000
0.600  3.74821623938236E+0000  2.94562582142990E-0001 -8.53164000795950E-0001
0.673  5.25402589668561E+0000 -3.79955754307851E+0000  5.22471908159650E-0001
1.327 -4.09673447131864E+0000 -4.15126728089657E+0000 -6.04606452645790E-0001
1.422 -2.10126267881085E+0000  5.36390318713971E+0000  2.99967331445160E-0001
0.764  1.88095511546227E+0000 -2.21386245200825E+0000  5.70183119682377E+0000
1.367  2.87797088318400E-0001  3.69767281489395E+0000 -4.48984417425107E+0000
1.598  2.29140328555692E+0000  1.99550831672844E+0000 -1.32519907317147E+0000
0.916  1.51584485256290E-0001 -3.25057859622159E+0000 -5.35109065468028E+0000
1.080  3.85257150446040E+0000 -4.74297494601377E+0000 -3.61272775071700E-0002
1.480 -3.51252004583839E+0000 -3.96443700953693E+0000  2.13456322478890E+0000
1.741  5.22218098212648E+0000 -1.52304688304111E+0000 -3.27553722401110E-0001
1.104  3.29711805119467E+0000 -2.48247188454035E+0000  4.47232527369034E+0000
1.348  1.20330300609490E-0001  1.27349319287054E+0000 -5.70085151985309E+0000
1.747  6.69247904192330E-0001  1.98061573355091E+0000  5.02613631463455E+0000
1.755 -6.01869789483620E-0001  4.51339189484017E+0000  2.96863446549846E+0000
1.266 -5.52844604682483E+0000  2.17333396702030E-0001  2.11893629810849E+0000
1.495 -1.31665459991882E+0000  4.95455122341211E+0000 -2.48002316268687E+0000
1.141 -1.01053041122705E+0000  1.65907582093256E+0000  2.69901255244443E+0000
1.808  4.91637015730142E+0000  1.96765405927371E+0000  8.44965532478600E-0001
1.316 -2.30438321170961E+0000  2.64471441123657E+0000  4.71234823114186E+0000
0.619  4.79596967018728E+0000  3.42381707383845E+0000  2.84158137537112E+0000
1.360 -4.30494667421577E+0000 -7.78450922795100E-0001 -3.85452216883608E+0000
0.532 -3.17598438782379E+0000 -5.61369934828050E-0001  5.80612386429037E+0000
1.821 -2.56355425834263E+0000 -5.16650980772850E-0001  1.42316885781433E+0000
0.698  6.41655140778039E+0000  6.00311669794500E-0001 -6.53370355513950E-0001
1.652 -2.19945231916264E+0000 -2.14154051032029E+0000  4.61001848331349E+0000
0.605 -8.18497442330970E-0001  3.83563687262688E+0000  5.26035794063820E+0000
1.431  3.65742444783134E+0000  2.05414495211707E+0000  3.94673488268025E+0000
1.918  1.19687412367463E+0000  5.13202819838934E+0000 -1.73457663008620E-0001
1.241  4.08134196432474E+0000  4.19730996425718E+0000 -1.05970418914506E+0000
1.247  3.02058148873820E-0001 -9.31348325246830E-0001  5.86002992732932E+0000
0.903 -4.11051301547830E-0001 -6.19884788674960E+0000  9.69139600528320E-0001
0.936 -2.29734289028301E+0000 -5.49789024947491E+0000 -1.86282588961458E+0000
1.426 -5.32309868166890E+0000 -2.08526659843308E+0000  7.39523141173380E-0001
1.147  2.74956779491298E+0000 -5.35701991619700E-0002  5.49657766913090E-0001
0.746  6.28486923782315E+0000 -1.10215968708210E-0001  1.42166718728836E+0000
0.779  8.29404172499240E-0001  5.68032434299822E+0000 -2.82390681099701E+0000
1.350  6.74011157540800E-0002 -2.21351284750554E+0000 -2.89718698611142E+0000
1.191 -1.72287066636902E+0000  4.27299148295860E-0001  5.73099629520441E+0000
0.912 -2.12792727372379E+0000 -5.75051605266667E+0000  1.35066777219001E+0000
0.939  3.69432514673623E+0000 -2.44426885868038E+0000 -4.41134922653743E+0000
1.229 -5.18495483331518E+0000 -2.24030184159195E+0000 -1.90734444089349E+0000
1.136  2.13176373375099E+0000  4.16510710117058E+0000  3.84260887529206E+0000
1.309  2.76317373871826E+0000 -2.39489573471340E-0001  5.18659154599271E+0000
1.119  3.03879330891220E-0001 -3.19921413661418E+0000  5.15140839222869E+0000
1.189 -4.68439939184078E+0000 -1.84927429112945E+0000  3.26431998995094E+0000
1.210  1.90857554994173E+0000 -4.20745847157624E+0000  3.79765798839986E+0000
0.934  5.23304585727117E+0000 -1.66348349985765E+0000 -2.99884486355815E+0000
0.566 -1.16165687557068E+0000 -4.03548268536239E+0000  5.12215994302494E+0000
1.430 -3.87678408140705E+0000  4.44088545072890E-0001  4.23766911380725E+0000
0.850  5.36286658001330E-0001  3.43921692045680E+0000 -2.28982298767471E+0000
0.612 -8.61884446043080E-0001  6.42372616115236E+0000 -9.83606739208070E-0001
0.829 -3.44789558599030E+0000 -2.09372997735639E+0000 -5.22253106688480E-0001
1.609  1.52665842464635E+0000  2.19389578117967E+0000  1.78296184581185E+0000
0.600  3.38157292834470E+0000  3.70848972958700E-0002 -5.65681813981744E+0000
0.673  1.80793024602576E+0000 -3.05139132637599E+0000 -2.10922566849477E+0000
1.327  2.47124811437992E+0000  4.35276053363102E+0000 -3.05421162503912E+0000
1.422  2.32472417385131E+0000 -2.76171686413463E+0000 -5.36689899581400E-0002
0.764 -5.16646306789009E+0000  1.15159586153727E+0000 -3.64453907257183E+0000
1.367  3.99451122549976E+0000 -3.50295570940328E+0000 -2.38484695607157E+0000
1.598  4.66024185569340E+0000 -6.50516560816050E-0001  3.02260421800497E+0000
0.916  4.44077437004244E+0000  3.28196732656935E+0000 -2.97966146658478E+0000
0.619  5.52831172089833E+0000  1.44326781633285E+0000  3.18466094513589E+0000
1.360 -4.16930518259360E-0001 -4.93488998698513E+0000 -3.07716131982933E+0000
0.532  3.04349338053727E+0000 -5.17069834942767E+0000  2.87911179183812E+0000
1.821 -1.03678717100221E+0000  2.15433664141140E+0000 -5.25927027726920E-0001
0.698  5.74231008642301E+0000 -2.34683981307609E+0000  1.91087151262523E+0000
1.652 -1.62223432471529E+0000 -1.19385470218071E+0000 -5.15937526327160E+0000
0.605 -5.37609399370014E+0000  1.60046038922018E+0000  3.42135822560909E+0000
1.431  1.92025562893227E+0000 -5.19684696822218E+0000 -1.57428956454525E+0000
1.918 -5.12128826480365E+0000  7.69443371506780E-0001 -9.90287976347320E-0001
1.241  3.47587393945471E+0000  4.43859424851085E+0000  1.90129379948509E+0000
1.518  5.05093153224227E+0000  1.00351229424091E+0000 -2.37895783517642E+0000
1.463 -3.94584066006727E+0000  3.91547145698505E+0000 -1.38015337614774E+0000
1.513 -7.08345393476470E-0001 -4.64607369882842E+0000  3.18549518339425E+0000
0.780 -1.28562153111400E+0000 -4.00266685838894E+0000 -4.82791634866747E+0000
0.567  1.47993375161110E+0000  3.31170183679100E-0001  6.44286653108119E+0000
1.982 -2.61233479188130E+0000  2.10018406019897E+0000 -3.98678385037938E+0000
1.934 -9.19355803801860E-0001 -3.62001508962344E+0000 -9.84840471188800E-0002
0.829 -1.30733983160330E+0000  2.94311707314800E-0002  3.77904078115286E+0000
1.609 -2.97968935544177E+0000 -3.44340106910264E+0000 -3.22780017998522E+0000
0.600  5.21322074224188E+0000 -3.88371731867281E+0000 -8.27545618843040E-0001
0.673 -2.86371722652519E+0000  4.38037305956563E+0000  3.87250880104036E+0000
1.327  1.86723388534171E+0000 -3.86087718717259E+0000 -3.99860773803843E+0000
1.422  2.62725833821230E-0001  5.48347893777750E-0001 -3.03124662726670E+0000
0.764 -1.48720295320744E+0000 -2.67103204953520E+0000  2.36249809740101E+0000
1.367  4.69084244718350E-0001 -6.55591673025240E-0001 -5.23963392100180E-0001
1.598  1.62729964956621E+0000 -1.21024102223793E+0000 -5.21194632774603E+0000
0.916 -1.83719202511990E-0001 -6.16218266440201E+0000 -1.16043526660337E+0000
1.080  4.27053376209615E+0000 -5.10527219270860E-0001 -4.34065965564060E+0000
1.480  1.75314453262456E+0000 -5.26933129539404E+0000  1.33100630811026E+0000
 7.19060000201873E+0000