1.518  1.65586111934499E+0000 -2.57775572160869E+0000 -1.01970279227793E+0000
1.463 -7.67030555012980E-0001 -2.37823740389212E+0000  4.08994020508660E+0000
1.513 -2.84694762481250E-0001 -3.54555044217783E+0000 -3.13738586646365E+0000
0.780 -4.52125216127879E+0000  2.85764051386556E+0000  1.16560964113185E+0000
0.567 -4.32901618014303E+0000  3.67499078561550E+0000  9.04259623180499E-0002
0.829 -2.74191909504892E+0000 -1.29044113136231E+0000  4.50199463453230E+0000
0.600 -5.51314075126440E-0001  2.24436663335996E+0000  5.16218524008120E+0000
0.673  1.16922106745367E+0000 -4.94912500986468E+0000 -2.30389549050387E+0000
1.327  2.94345558821989E+0000  3.87804430084220E+0000  7.68742370155450E-0001
1.422  1.89734748448232E+0000 -1.81280305706463E+0000 -4.05961534439357E+0000
0.764  4.20082696534490E+0000 -1.76340145020496E+0000  3.06667769474170E+0000
1.367 -2.62610078845926E+0000 -3.48094802171030E+0000  2.21088193433391E+0000
1.598  4.41938387422140E+0000 -9.71360444058750E-0001 -1.10526172842959E+0000
0.916 -3.24817467210150E+0000  1.59995952516975E+0000 -3.91185310172707E+0000
1.080  2.12873148518892E+0000 -4.70081410693824E+0000  4.01079861931240E-0001
1.480  4.42461268347090E+0000  1.50351807393549E+0000  9.85658665387200E-0001
1.104 -4.87675164085314E+0000 -1.36822677773861E+0000 -9.42017946439840E-0001
1.348  1.36113592016357E+0000  4.53692501621990E+0000 -1.28497885965298E+0000
1.266 -4.32774790834651E+0000  3.70445990862220E-0001 -2.45612336417160E+0000
1.495 -8.58789994124420E-0001 -9.69949540456460E-0001 -4.58125660583213E+0000
1.141  1.02291669081591E+0000 -7.00235298011660E-0001  4.96241766574460E+0000
1.316  2.50884959875799E+0000 -6.85130993524490E-0001  1.09772093952549E+0000
0.619 -1.81451341255192E+0000 -2.87175560544159E+0000 -4.48678785629880E+0000
1.360 -9.51637426098490E-0001  1.87896413000399E+0000 -4.41970449218049E+0000
0.532  5.07368976308480E+0000  4.38107142416440E-0001 -2.58737909147815E+0000
0.698  2.92297351733613E+0000  4.01305943970850E+0000 -2.49838172132117E+0000
1.431 -1.26967041977130E+0000  4.18986304653440E-0001  4.63595814558300E+0000
1.241  8.22226834832960E-0001  1.48311987467850E-0001 -2.61403045847616E+0000
1.247 -3.88355318407870E-0001  2.74079972116774E+0000 -4.73388034212120E-0001
0.903  1.26858207110040E+0000  3.82741354056760E+0000  3.52068363372440E+0000
0.936 -4.89361688194370E-0001 -1.43848850096510E+0000 -1.90612410486830E+0000
1.426  1.52761376632203E+0000  2.84386199576152E+0000 -3.59261036250945E+0000
1.147  1.18818095928744E+0000  6.66230047404940E-0001 -4.92320478525943E+0000
0.746  3.51453400183720E+0000 -4.18984065980118E+0000 -6.72575765115830E-0001
0.779  2.32343987632380E+0000 -4.74381106051150E+0000 -1.44719758448469E+0000
1.350 -8.58976589326660E-0001  3.99268131554230E+0000 -2.71819440954976E+0000
1.191 -2.75761375431932E+0000 -7.79383882564750E-0001 -2.86620575004080E-0001
0.912  3.82322571889440E+0000  3.51217934876410E+0000 -1.25886793027788E+0000
0.939 -1.81919106328080E+0000 -4.93558278361351E+0000  5.65052592609750E-0001
0.780 -2.53562002986703E+0000  3.13024593546640E+0000 -3.70914398321686E+0000
0.567 -5.17157998708461E+0000  1.75205465633554E+0000 -1.59647369187840E+0000
0.829  3.67231903522700E+0000  2.74557295870121E+0000 -2.90296807553816E+0000
0.600 -6.61722363338230E-0001 -2.33498927161078E+0000  2.00977133827106E+0000
0.673  4.52821988853750E+0000 -3.19688299772156E+0000 -6.66345227355940E-0001
1.327  1.06862467907389E+0000  2.05202811571577E+0000  1.62454697951372E+0000
1.422 -4.74463521703016E+0000  9.11634796081280E-0001  1.54964936879220E-0001
0.764 -2.34833554381510E+0000  4.87146129846880E+0000 -9.56673423456690E-0001
1.367  1.19472966866873E+0000  1.74007951409548E+0000  4.40977702321550E+0000
1.598 -3.05279466280650E+0000 -2.17548153884588E+0000 -2.76474572920641E+0000
0.916 -9.97680936693540E-0001  1.25407889062152E+0000  2.05490565279579E+0000
1.518 -3.39973343949859E+0000  2.85104764147891E+0000 -1.59818122818737E+0000
1.463  2.12250549549417E+0000  1.83938842007055E+0000 -9.49986507638720E-0001
1.513  1.27269101704360E-0001 -4.29877313701304E+0000  1.99988041856793E+0000
0.780 -3.96667008396203E+0000 -5.89784044185410E-0001  3.72870232549890E+0000
0.567 -3.14266101057888E+0000  8.50464186221480E-0001 -1.02578027813425E+0000
0.829 -1.55919174542030E-0001  1.95780901361997E+0000 -2.38196800742326E+0000
0.600  2.40157762955648E+0000  3.52870587628380E-0001  5.10853991632050E+0000
0.673  2.03718956355659E+0000  4.61470400621530E+0000  2.39232415018718E+0000
1.327  3.70406509543360E+0000 -3.04187771559283E+0000  1.14934912178544E+0000
1.422  2.74935073795080E-0001  4.65862704980950E+0000  1.26026369836856E+0000
0.764  2.39148730438981E+0000 -4.42477308247555E+0000  2.20526938040086E+0000
1.367  3.44989288972780E+0000  1.93361656401020E-0001  3.45182951879130E+0000
1.598 -3.40406845846540E+0000  1.52204026164958E+0000  2.79138154277019E+0000
0.916 -3.13292532782194E+0000 -1.89389904592840E-0001 -4.31331013003568E+0000
1.080  4.84791331365250E+0000 -9.60038502874010E-0001  1.53820605485913E+0000
1.480 -2.52280092492981E+0000  3.91292598833860E+0000  1.06478925147836E+0000
1.104  4.60443615925890E+0000  1.68109084194434E+0000 -1.58595378030143E+0000
1.348 -1.72309551960420E+0000  4.52436728887610E-0001 -2.25103234939764E+0000
1.266  7.32909093828402E-0002 -4.93940297201173E+0000 -7.04342781754240E-0001
1.495  2.11167833697768E+0000 -2.54433326015762E+0000  3.42540773292530E+0000
1.141 -2.14997976961294E+0000 -4.40643582149613E+0000 -1.45711582136742E+0000
1.316 -1.85751962876856E+0000 -8.34599392070880E-0001  2.05257445809496E+0000
0.619  2.73771094105208E+0000 -1.07156184752989E+0000  4.80863581700030E+0000
1.360 -1.05067304988276E+0000 -2.65964328539199E+0000 -4.45846194256498E-0002
0.532 -2.55970024847839E+0000  4.61812322137080E+0000 -2.20997422374962E+0000
0.698  2.41797554728084E+0000 -8.82935405913940E-0001 -2.22694099258715E+0000
1.431 -9.87173760979700E-0001  3.23325453369570E+0000  3.44256575177900E+0000
1.241  5.48248066117160E-0001 -2.32546685188590E-0001  2.67552392028754E+0000
1.247 -3.78201779454546E+0000 -3.28174053092686E+0000 -1.25177625759140E-0001
0.903  2.11547128281972E+0000 -3.88397397889867E+0000 -3.01044519253517E+0000
0.936  3.64145826112090E+0000 -2.99744900098564E+0000 -2.43810216118873E+0000
1.426  3.30961390882350E+0000  5.92704885332950E-0001 -3.46744294994967E+0000
1.147 -2.21560181006429E+0000  1.41269064230824E+0000  3.19414545847050E-0001
0.746  2.14034165235634E+0000 -3.69108576788240E-0001 -9.06319859204070E-0001
0.779 -3.67644394183008E+0000 -2.10022469828558E+0000  3.47409321316840E+0000
1.350 -4.41311938947436E+0000 -1.43669833102218E+0000  1.59003162575962E+0000
1.191  3.09499976139820E+0000  2.68227354376691E+0000  2.97987764646565E+0000
0.912 -7.23991732751680E-0001  5.23866060393710E+0000 -7.67856566284090E-0001
0.939  6.86197298991120E-0001 -2.00001741083278E+0000  1.32591922140912E+0000
0.780  3.99638760049350E+0000 -1.53871811516755E+0000 -3.39297042366481E+0000
ro=1.5 R=6.25590754209587E+0000
