0.703  7.55179594899040E+0000  4.94174831506548E+0000  7.28426061401870E-0001
0.730  2.18657942071481E+0000  5.95725987805436E+0000  1.08878251474275E+0000
0.749  4.83534972798955E+0000  1.77377709572466E+0000  8.03483211188270E-0001
0.939  7.63680324018556E+0000  1.03394060660674E+0000  9.39000200000000E-0001
0.703  2.12576419770988E+0000  9.27901470079466E+0000  7.24744487299850E-0001
0.730  7.63376529264930E-0001  5.03197027416132E+0000  7.45334503869980E-0001
0.749  3.58196678027203E+0000  6.43963670478621E+0000  7.84880627547740E-0001
0.939  7.39718261889580E+0000  3.30340854848667E+0000  9.39000200000000E-0001
0.703  7.24344504081510E-0001  7.87649650715577E+0000  7.14867155970880E-0001
0.730  7.41020801611660E-0001  9.25481580641082E+0000  1.13279243403751E+0000
0.749  7.74614906119600E-0001  6.47325577798785E+0000  1.11380680259679E+0000
0.939  9.04860238534860E+0000  4.25602953493716E+0000  9.39000200000000E-0001
0.703  5.34596068094733E+0000  9.28513648722769E+0000  7.68117001695410E-0001
0.730  3.71795084978706E+0000  7.63997749279580E-0001  8.29807215402150E-0001
0.749  5.95371691452018E+0000  7.56450843364090E-0001  7.83421374713230E-0001
0.939  3.73452093852120E+0000  8.96274798933775E+0000  9.39000200000000E-0001
0.703  4.87926383111425E+0000  5.84514751427789E+0000  1.14763222124214E+0000
0.730  7.45653559213240E-0001  2.20015576567245E+0000  7.43681150040770E-0001
0.749  9.21192477913260E+0000  7.45277328482945E+0000  8.10681899266080E-0001
0.939  2.36086427505006E+0000  7.63798789790059E+0000  9.39000200000000E-0001
0.703  6.23299316962291E+0000  2.14624057622475E+0000  1.15143027252352E+0000
0.730  7.83405715288594E+0000  9.25280439090629E+0000  1.12017778498489E+0000
0.749  3.94551954438553E+0000  4.74715499232001E+0000  8.08872619434900E-0001
0.939  3.70671097694612E+0000  3.03823530704551E+0000  9.39000200000000E-0001
0.703  4.62585699095524E+0000  7.53467202276650E+0000  8.80264568280330E-0001
0.730  9.22602074066730E+0000  5.93658969880142E+0000  7.90678906888440E-0001
0.749  7.80771734251282E+0000  6.33759572829598E+0000  1.09441011686197E+0000
0.939  9.04168652571645E+0000  2.35484341731381E+0000  9.39000200000000E-0001
0.703  7.82011498793909E+0000  7.80280602172686E+0000  1.14058696994961E+0000
0.730  9.24289546408646E+0000  8.99282425240111E+0000  7.74220431376560E-0001
0.749  7.85793655202310E-0001  7.56762104169360E-0001  1.09776022571495E+0000
0.939  6.17834900462015E+0000  6.87074872664171E+0000  9.39000200000000E-0001
0.703  9.27280897992346E+0000  7.18744225669130E-0001  7.79079836058230E-0001
0.730  6.12400473423699E+0000  5.19095624424119E+0000  7.68402391424410E-0001
0.749  6.58672167807758E+0000  8.51389943701987E+0000  7.71401864151680E-0001
0.939  5.50520635804109E+0000  3.63257994467806E+0000  9.39000200000000E-0001
0.703  2.27480028948702E+0000  7.27652374547010E-0001  1.09930037363468E+0000
0.730  7.46470991572490E-0001  3.61496502557026E+0000  1.13387882523823E+0000
0.749  2.24058490274822E+0000  2.17994174679009E+0000  8.15872264636500E-0001
0.939  2.28239727662189E+0000  4.28106404155590E+0000  9.39000200000000E-0001
 1.87800040000000E+0000