0.744  8.16580631802010E-0001  3.05697042029957E+0000  7.30294785422622E+0000
1.467  8.53299977256790E+0000  6.03299972567736E+0000  1.46700022569432E+0000
0.991  5.44789244901200E+0000  1.05149587943191E+0000  3.86582888493244E+0000
1.934  8.06122917417206E+0000  1.94332916715874E+0000  6.16379809308932E+0000
1.376  1.37820038456621E+0000  1.38726222336379E+0000  6.02017893136192E+0000
2.476  2.47600020000000E+0000  2.47600020000000E+0000  2.47600020000000E+0000
1.303  5.63618770013351E+0000  3.60957419970972E+0000  4.21066696223556E+0000
1.287  5.11810311165969E+0000  6.21299980000000E+0000  4.87240582221206E+0000
0.946  4.72111239860627E+0000  6.51509298163107E+0000  7.11612086890193E+0000
0.813  8.89233254870420E-0001  6.59917979953366E+0000  3.62718059623718E+0000
0.932  3.00132450832002E+0000  6.48954128275589E+0000  3.29883782163210E+0000
2.082  2.08200020000000E+0000  5.31258697617265E+0000  6.02197071975621E+0000
1.370  5.85165151179273E+0000  4.46481957958073E+0000  6.73397071955962E+0000
1.848  8.15199980000000E+0000  5.44090576855346E+0000  4.70636616917772E+0000
0.432  5.77419211292780E-0001  3.19590944719573E+0000  4.98431417067660E+0000
0.920  9.00026420328878E+0000  6.51285908515468E+0000  7.14880697349162E+0000
1.421  1.42349563725440E+0000  6.07825796883204E+0000  1.42342058422230E+0000
2.115  7.88499980000000E+0000  2.11500020072563E+0000  2.11500020000000E+0000
1.711  4.42606600104142E+0000  1.73821194723300E+0000  6.38188574857640E+0000
1.820  5.28658150696018E+0000  5.65812467451466E+0000  1.82000020000000E+0000
 8.10397091975621E+0000
