1.659  1.66330706322992E+0000  1.67591746001362E+0000  1.93132937803905E+0000
1.404  4.16955534022201E+0000  1.40401253132797E+0000  8.91118696956993E+0000
1.426  6.34400089384640E+0000  3.68904197333222E+0000  1.42642749466435E+0000
1.420  6.60902674506168E+0000  1.42010486841588E+0000  3.46494690847613E+0000
1.659  1.65905946941334E+0000  8.34087396988687E+0000  1.76804271107456E+0000
1.404  8.59589164543530E+0000  3.42622216744181E+0000  3.40773577191206E+0000
1.426  5.81344302691287E+0000  3.87808864076279E+0000  4.66577648000249E+0000
1.420  1.42003902808510E+0000  4.03583617003273E+0000  4.16077504539297E+0000
1.659  8.34027009467501E+0000  8.34077536186790E+0000  2.52424070847213E+0000
1.404  3.61110109232332E+0000  5.99474038698883E+0000  8.91110856125822E+0000
1.426  6.24410888564118E+0000  6.11170631492417E+0000  2.94123430746797E+0000
1.420  3.78146410921310E+0000  8.57991541933007E+0000  6.43412807709687E+0000
1.659  8.30945425897410E+0000  1.67525330939757E+0000  8.60312335413084E+0000
1.404  3.80512301326389E+0000  3.75203392881133E+0000  2.67546627295372E+0000
1.426  1.42616750117094E+0000  5.98851692435592E+0000  6.66992758386418E+0000
1.420  3.88444634096278E+0000  1.42011760536990E+0000  4.26650092703168E+0000
1.659  6.07904108987887E+0000  6.52668716860105E+0000  6.58483630797181E+0000
1.404  8.59595544597838E+0000  6.00804387306465E+0000  4.51198839817722E+0000
1.426  1.42622940099489E+0000  8.56903298261410E+0000  4.83612711707585E+0000
1.420  5.47550901500080E+0000  8.57978458653382E+0000  1.42052694827168E+0000
1.659  1.65903477551106E+0000  8.34094451555049E+0000  8.65250469962003E+0000
1.404  1.40401860587650E+0000  1.40419450039704E+0000  8.42459179007732E+0000
1.426  8.57392618008161E+0000  5.46716351784935E+0000  1.42623763885855E+0000
1.420  8.14580834179244E+0000  8.57996603193556E+0000  5.58798945800192E+0000
1.659  8.25076405918108E+0000  8.34096191677243E+0000  8.65598371696777E+0000
1.404  4.67438499940654E+0000  1.40403463206591E+0000  1.40409215190020E+0000
1.426  5.81716565519506E+0000  1.48364937280125E+0000  6.51019712846681E+0000
1.420  8.57990818088241E+0000  1.42013522491140E+0000  1.42005364558057E+0000
1.659  3.55496108745199E+0000  6.23577753127134E+0000  4.45059535999284E+0000
1.404  1.40403385559085E+0000  1.40415189148190E+0000  5.61649520597788E+0000
1.426  5.62461169426536E+0000  8.56830938137103E+0000  4.26388776931714E+0000
1.420  8.57986106443666E+0000  1.42007829125693E+0000  5.51001356887000E+0000
1.659  3.35717400827376E+0000  3.58736309126228E+0000  6.51175108875670E+0000
1.404  8.59599039605415E+0000  5.30817983640954E+0000  8.91120114403140E+0000
1.426  1.42719886584420E+0000  4.82794249890280E+0000  1.42661751107877E+0000
1.420  5.18092123798073E+0000  8.35431123393773E+0000  8.89516140558257E+0000
1.659  5.86783181130964E+0000  3.93992361414397E+0000  8.65225411032965E+0000
1.404  3.87225160308195E+0000  6.25484746635513E+0000  1.40403058440144E+0000
1.426  1.42621271973158E+0000  4.19596494746475E+0000  8.88882500239510E+0000
1.420  8.02179415270520E+0000  4.03984448135067E+0000  6.45415260803120E+0000
 1.03152013440314E+0001