0.443  9.32200838894512E+0000  9.32298264348972E+0000  1.08721121460170E+0001
1.477  5.38640978645228E+0000  4.51482258662858E+0000  7.68086636749812E+0000
2.210  2.21000020000000E+0000  2.21000020000000E+0000  9.38035949497451E+0000
1.686  8.25379628068268E+0000  4.39838869495344E+0000  9.70090575893283E+0000
1.215  5.36841903836292E+0000  8.77799115516581E+0000  1.03274111247861E+0001
1.282  5.91697324628803E+0000  6.33421514012713E+0000  1.02922829774007E+0001
2.394  7.60599948817280E+0000  2.39400056343269E+0000  2.46076118035752E+0000
2.389  2.49335613070413E+0000  2.38900020000000E+0000  2.38900020000000E+0000
1.845  8.14038667121941E+0000  8.13218534142535E+0000  9.01128385733397E+0000
1.724  4.77453982455474E+0000  1.78627866902260E+0000  5.81938116201354E+0000
1.372  8.62357542977565E+0000  8.61556448550922E+0000  5.85000012439856E+0000
1.391  1.43192989323833E+0000  1.42838334808453E+0000  5.91988904719034E+0000
0.776  9.69146038427590E-0001  4.98934736832091E+0000  1.04785098932722E+0001
2.123  2.12300020000000E+0000  4.98957363934485E+0000  6.05751510257954E+0000
0.465  6.41341908845270E-0001  5.01908192184846E+0000  2.78770606996585E+0000
0.443  9.35881887190672E+0000  6.41182499993510E-0001  4.38167155494746E+0000
1.477  5.23247869357828E+0000  4.90016795996806E+0000  4.22970732875655E+0000
2.210  2.21000020000000E+0000  7.76914719830268E+0000  9.38035949329029E+0000
1.686  6.05705901979268E+0000  1.68600022045822E+0000  9.05727832912360E+0000
1.215  4.94415871885986E+0000  4.03101578870668E+0000  1.03682343761470E+0001
1.282  8.71799980000000E+0000  1.28200020262910E+0000  1.03083594916498E+0001
2.394  2.57141849705971E+0000  7.60230567498972E+0000  2.39698640419325E+0000
2.389  7.50819782716951E+0000  7.61099980000000E+0000  2.38900020000000E+0000
1.845  8.15499980000000E+0000  5.23382547760630E+0000  5.83246478265675E+0000
1.724  8.27599980000000E+0000  1.72400020000000E+0000  6.46827075778470E+0000
1.372  5.05827805665956E+0000  4.94478002986799E+0000  1.37200020578316E+0000
1.391  1.44109500594119E+0000  8.56485744268147E+0000  5.91337049712416E+0000
0.776  9.07296915960042E+0000  5.01462684809863E+0000  9.28420441850990E-0001
2.123  5.22857009862693E+0000  7.87699980000000E+0000  6.27367381030475E+0000
0.465  6.09129173105380E-0001  9.39157671741804E+0000  7.66694073741410E+0000
 1.15903596949745E+0001