1.000 -4.04346899644198E+0001  8.30928761183290E+0001  3.56857413127941E+0000
2.000  5.20706034440213E+0000 -9.22118040884336E+0001 -1.19294027996091E+0001
3.000  9.11328526563214E+0001 -1.35805819644714E+0001 -1.22335201906675E+0001
4.000 -7.80899348403405E+0001 -4.91758495698638E+0001  7.94042114435438E-0001
5.000 -6.89033462453554E+0001  4.20343380204919E+0001 -4.34354826211750E+0001
6.000  1.86887899955097E+0001  8.09664343040760E+0001 -3.73500964763202E+0001
7.000  2.22287543696694E+0001 -6.27619274610296E+0001  6.35852146599063E+0001
8.000 -4.73368052831755E+0001 -6.65015037783882E+0001  4.28741683478616E+0001
9.000  6.97201069704631E+0001  5.49127801765795E+0001  2.42326547346398E+0001
10.000 -3.43682972448443E+0001  1.79764225652683E+0001  8.28882462963891E+0001
11.000 -7.75005865088468E+0001  3.71555748897496E+0001  3.15672455776449E+0001
12.000  2.87968033508487E+0001 -1.03177172195457E+0001  8.58990901849487E+0001
13.000 -1.20938049001752E+0001  8.93101789160594E+0001  3.89599084032492E+0000
14.000 -6.89706774558166E+0001 -4.44345881341617E+0001 -3.76130160480313E+0001
15.000  2.14578811438700E+0001  7.05670718832671E+0001  5.11274670357637E+0001
16.000 -1.02793534937690E+0001 -7.94451941106936E+0001  3.90866094213277E+0001
17.000 -6.58325086901720E+0001  5.83758838884597E+0001 -4.06785433082693E-0001
18.000 -1.25054196346380E+0000  2.48282556864542E+0001  8.35409761631360E+0001
19.000 -6.80429781102430E+0001 -4.09836312486933E+0001  3.27482030294021E+0001
20.000 -5.09677742722724E+0001  1.88204156838440E+0001 -6.50684515794320E+0001
21.000 -6.65725246282805E+0001  6.74953878295071E+0000  5.17073428293231E+0001
22.000  4.58338473322159E+0001 -3.45983248107998E+0001  6.07751048136527E+0001
23.000  2.91930570632574E+0001 -2.85976674590514E+0001 -7.17990862240519E+0001
24.000  5.72149306156085E+0001  6.45899032608300E+0000 -5.78418006505381E+0001
25.000  3.92321476001022E+0001  5.10704202731888E+0001 -4.84908486239062E+0001
26.000  7.34322689027525E+0001 -2.24883319627769E+0001  2.09870709391134E+0001
27.000  1.44340222081774E+0001 -6.53381860153837E+0001 -4.12654057883295E+0001
28.000  6.14528019017181E+0001 -3.70130943174617E+0001 -2.96244505332700E+0001
29.000  5.58767391785951E+0000  1.76660165933078E+0001 -7.43403302425393E+0001
30.000  7.05565655374917E+0001  2.56067081658757E+0001 -9.14512391285189E+0000
31.000  2.92071441273845E+0001  6.85578213075237E+0001  3.75559241956040E+0000
32.000 -2.97888427889938E+0001 -2.99936556931062E+0001 -6.02670130729534E+0001
33.000  3.12604826941555E+0001 -6.34828231622376E+0001  1.62969816080664E+0001
34.000 -3.33404777731352E+0001 -6.32894657321025E+0001 -3.39192606310149E+0000
35.000 -2.41640452320699E+0001  5.71549172421934E+0001 -3.37021397698280E+0001
36.000  4.24118099386550E+0001  2.23753825293152E+0001  5.04655461316785E+0001
37.000  9.75212354318190E+0000 -2.49283836410481E+0000 -1.06404453333886E+0001
38.000 -2.67885528300457E+0001  4.85133671019530E+0001  3.87370501626010E+0001
39.000 -6.60875995839356E+0001  1.77806798048580E+0000 -8.17134435817310E+0000
40.000 -1.55369357647058E+0001 -2.61983437273360E+0001  5.81164733381110E+0001
 1.05614589252162E+0002
