1.560  8.43999977361426E+0000  5.93999978612910E+0000  1.56000024967992E+0000
1.436  8.56399973482551E+0000  6.06399980000000E+0000  4.98252435245606E+0000
1.518  3.81783506942276E+0000  1.51800028451032E+0000  4.06027951707244E+0000
1.491  5.86790120436054E+0000  6.00899980000000E+0000  6.12066316153287E+0000
1.603  8.39699980000000E+0000  1.60300020000000E+0000  8.21135647353482E+0000
1.430  1.43000020399380E+0000  3.51520619698971E+0000  8.38682017850586E+0000
1.502  6.02038753244447E+0000  1.50435341204459E+0000  6.13349709800667E+0000
1.555  1.55500025671549E+0000  1.55500027182429E+0000  6.13911124910076E+0000
1.639  1.64179690335059E+0000  5.86099980000000E+0000  1.63900020000000E+0000
1.381  3.79827396210757E+0000  3.76902172672459E+0000  2.20084737019789E+0000
1.498  3.68564770236936E+0000  6.00199980000000E+0000  4.01461904377898E+0000
1.477  8.48466538779510E+0000  1.47700023428786E+0000  1.47700023596188E+0000
1.549  3.82828889722619E+0000  1.55097075135583E+0000  8.26595425737107E+0000
1.269  6.53998134323435E+0000  1.28165128494867E+0000  3.41399231876040E+0000
1.456  8.54399974947117E+0000  3.55281630289936E+0000  3.54822176667320E+0000
1.516  1.51600020000000E+0000  3.77927086523622E+0000  4.00640534396821E+0000
1.347  4.81295640515792E+0000  6.15299976795055E+0000  1.34700028448160E+0000
1.656  1.68601136290941E+0000  1.65600020000000E+0000  1.65600020000000E+0000
1.592  8.40799980000000E+0000  5.90799980000000E+0000  8.00247717811891E+0000
1.263  8.73699918777888E+0000  3.67223193799495E+0000  6.25773383383572E+0000
1.281  1.28579516396297E+0000  6.21871327779506E+0000  8.53249455659981E+0000
1.253  6.36310995073343E+0000  6.24699965208723E+0000  3.43223186417982E+0000
1.320  8.67996179448392E+0000  1.32000035305328E+0000  5.19206708105953E+0000
1.444  6.51671782221325E+0000  3.63531988983354E+0000  1.44400116731456E+0000
1.440  5.74143951913276E+0000  3.75719685037722E+0000  4.24872431008195E+0000
1.408  1.41689771218450E+0000  6.07522283218838E+0000  5.84161751341905E+0000
1.423  4.04594295420295E+0000  6.07699978324747E+0000  8.39382017595541E+0000
1.587  6.06126702100492E+0000  3.77558244994465E+0000  8.22982019006438E+0000
1.369  4.85204321806786E+0000  1.36900021907498E+0000  1.36900023723092E+0000
1.572  3.55514088871069E+0000  3.97551937556525E+0000  6.31706286949058E+0000
 9.81682039006438E+0000