0.945  9.45000213486880E-0001  9.05499980000000E+0000  9.45000202790580E-0001
1.044  4.16657736826543E+0000  8.35371151350766E+0000  3.08984975797804E+0000
1.465  8.53499980000000E+0000  8.53499967466464E+0000  4.75734461067995E+0000
1.630  1.94343336824659E+0000  8.36999979823260E+0000  4.59234482434100E+0000
1.578  4.37963854388316E+0000  6.16679101072275E+0000  1.57800021162535E+0000
0.823  9.15353338217205E+0000  3.82689259804975E+0000  5.38774973890321E+0000
1.634  8.36599977573698E+0000  1.63400020292389E+0000  4.58834475343743E+0000
0.998  6.20412609400211E+0000  9.98000225962510E-0001  9.98000219078270E-0001
1.257  8.74299980000000E+0000  5.82893993562322E+0000  4.96534481212619E+0000
1.266  5.56303879876820E+0000  8.73399943697881E+0000  1.26600020975341E+0000
1.137  6.24478856267949E+0000  8.86299977700384E+0000  3.56664950674060E+0000
1.445  1.47262570230195E+0000  6.93484994994155E+0000  1.91385410071219E+0000
0.891  9.10899971337594E+0000  3.64303931920763E+0000  8.91000398182730E-0001
0.914  6.67827471073551E+0000  6.86352758872365E+0000  9.14000200000000E-0001
0.743  4.61592616060353E+0000  4.35361377990997E+0000  5.47934480472048E+0000
1.278  3.89499720102721E+0000  3.88802027897129E+0000  3.43800568919742E+0000
0.779  7.82513827653490E-0001  9.21645989592068E+0000  2.65620414563901E+0000
1.005  6.33940824393610E+0000  7.50122965074302E+0000  5.21734482327252E+0000
1.062  4.59323508369980E+0000  8.89447163824901E+0000  5.13097571207332E+0000
1.572  3.81772832624061E+0000  1.57200027232530E+0000  1.75992656836671E+0000
0.680  2.00143852717966E+0000  6.80000205487460E-0001  2.74832586274930E+0000
1.449  8.55099980000000E+0000  1.45815847444465E+0000  1.51592771278253E+0000
1.174  3.12650963705434E+0000  8.82599980000000E+0000  1.17400037917612E+0000
0.748  6.50916302449291E+0000  9.23801300581939E+0000  5.45204355680445E+0000
0.690  2.67963734490094E+0000  5.48716550123039E+0000  2.91663047313584E+0000
0.857  9.14299972185668E+0000  6.58246573170287E+0000  3.03112744771374E+0000
1.585  5.11655407111887E+0000  1.58500037438338E+0000  4.63734468463262E+0000
1.170  1.17000020696325E+0000  1.17000020000000E+0000  1.17000020235823E+0000
1.202  8.78742391741931E+0000  4.10071642117374E+0000  3.18065393084523E+0000
0.810  3.14961534379346E+0000  3.84641177728203E+0000  5.41234479511413E+0000
1.490  1.49000020328424E+0000  5.28630051474170E+0000  4.73234480698237E+0000
1.621  1.62100087432823E+0000  3.88561166557811E+0000  1.63014798140854E+0000
1.650  1.65000020649581E+0000  2.08653777590161E+0000  4.57234480318161E+0000
1.454  4.26244922934110E+0000  6.33699422993007E+0000  4.60295051387640E+0000
1.419  6.66006996728781E+0000  4.15677447933231E+0000  4.80334467612594E+0000
1.561  8.43899980000000E+0000  8.43899980000000E+0000  1.65113058807063E+0000
1.652  6.32511749233150E+0000  3.59818215686695E+0000  1.80220341665785E+0000
1.387  6.90313135978308E+0000  6.41841129328566E+0000  3.16031136649836E+0000
0.892  6.68249503019749E+0000  9.02854922778790E-0001  2.83356212692356E+0000
1.242  8.53652596706668E+0000  5.66757976271703E+0000  1.24200023584878E+0000
 6.22234502434100E+0000