1.712  1.83214627648126E+0000  6.17070948721474E+0000  1.71200020000000E+0000
2.232  2.23200020000000E+0000  2.23200020000000E+0000  1.08239981613493E+0001
1.331  4.73939944523456E+0000  8.66166573464631E+0000  8.35749407971129E+0000
2.310  4.93823505266998E+0000  4.96255348019953E+0000  8.33359947124305E+0000
0.771  8.35357609562270E-0001  8.33896703739290E-0001  4.49487615608939E+0000
2.009  7.99099978673582E+0000  7.99099979711695E+0000  7.92998405965474E+0000
0.982  5.03582139695729E+0000  1.07783415254750E+0000  1.08106835575741E+0000
1.817  8.18299980000000E+0000  1.81700020000000E+0000  1.11006638145983E+0001
1.472  5.98592667417212E+0000  8.51046778096512E+0000  1.09032780139391E+0001
2.212  2.21200022512145E+0000  2.29727442192606E+0000  2.21200022516010E+0000
0.757  7.87882449410840E-0001  4.87131374146292E+0000  1.03582991565324E+0001
1.658  1.66128957949564E+0000  8.32987394193015E+0000  6.95729923438117E+0000
1.857  8.14299979912624E+0000  5.58797219436573E+0000  1.11989981796147E+0001
1.384  5.51439275911034E+0000  3.48987697920215E+0000  1.16719981664766E+0001
0.829  4.22611078536631E+0000  8.89081306615550E-0001  7.50542111138887E+0000
1.048  5.20124399366618E+0000  1.06871687820071E+0000  1.19431183751104E+0001
0.929  9.07099980000000E+0000  2.32259346499046E+0000  4.94023607579762E+0000
1.455  1.48943143455027E+0000  8.52577751176753E+0000  3.82857704539677E+0000
1.405  5.47476629141072E+0000  1.41597855252585E+0000  9.36344051142360E+0000
1.837  5.19871823122128E+0000  5.05447809970041E+0000  1.83700208751384E+0000
0.877  7.72828025321105E+0000  9.04093718394200E-0001  4.90794273488161E+0000
0.964  1.05977175816099E+0000  4.99215726135110E+0000  1.20757677982230E+0001
1.826  8.07227586629973E+0000  1.82600020000000E+0000  7.45935753681528E+0000
2.098  7.90199961885103E+0000  7.90199980000000E+0000  2.09800020000000E+0000
1.237  5.15221360731434E+0000  6.08156762370503E+0000  1.18189981785162E+0001
1.321  1.32100021244148E+0000  5.27633828082601E+0000  8.36987156338488E+0000
2.257  2.25700020000000E+0000  7.74299980000000E+0000  1.07868058932851E+0001
1.096  8.89314771505464E+0000  5.02405244663518E+0000  1.10688320730118E+0000
2.110  4.85421860258894E+0000  7.88999980000000E+0000  4.99940592045287E+0000
2.052  7.90278271764894E+0000  5.05916465996035E+0000  5.12137431654165E+0000
1.916  1.91600020877440E+0000  5.14428809750340E+0000  5.19076643710427E+0000
1.323  8.67699943169760E+0000  8.67699977011708E+0000  1.17329979779436E+0001
1.784  1.80863569802851E+0000  1.78400020000000E+0000  6.73573926872395E+0000
0.747  7.47000200000000E-0001  3.29207525137198E+0000  8.46911826520095E+0000
1.133  1.13300028071129E+0000  8.86699979005905E+0000  1.13300029981204E+0000
1.930  5.13900442181607E+0000  2.18040162569256E+0000  5.14033674289621E+0000
2.132  7.86799980000000E+0000  2.13200020000000E+0000  2.13200020000000E+0000
1.490  4.12428555485559E+0000  8.47556551708766E+0000  1.50577511824148E+0000
1.246  8.75399980000000E+0000  4.70455204004701E+0000  8.28783701536834E+0000
1.104  8.83655432455118E+0000  8.83684864252773E+0000  5.03515126767656E+0000
 1.30559983796147E+0001