1.359  3.70442349251945E+0000  6.14099980000000E+0000  4.69912085290374E+0000
1.574  3.88524283225305E+0000  5.92581465393332E+0000  1.58614564944679E+0000
1.361  8.42581494992292E+0000  1.36100031735048E+0000  8.20509841390475E+0000
1.359  8.47182670154236E+0000  1.35900020000000E+0000  4.71252640362845E+0000
1.574  8.42599065490618E+0000  1.57400918982970E+0000  1.76879609019875E+0000
1.361  3.83510739381272E+0000  1.36100020964408E+0000  5.06519788204619E+0000
1.359  6.36505516321534E+0000  1.35900020000000E+0000  6.42980337675181E+0000
1.574  3.81171338047308E+0000  1.57400020000000E+0000  1.57400020000000E+0000
1.361  1.36100021368005E+0000  6.13899980000000E+0000  3.31826400327678E+0000
1.359  4.00239832559769E+0000  3.66219861207919E+0000  3.62474589243324E+0000
1.574  6.08166077020435E+0000  3.82505226470887E+0000  7.99209854037537E+0000
1.361  6.13231128870789E+0000  6.13899895997017E+0000  3.47284216273426E+0000
1.359  6.32622857541078E+0000  3.69100765110835E+0000  5.03418167919385E+0000
1.574  6.12295043261935E+0000  3.71130954111224E+0000  1.57411196526230E+0000
1.361  8.63899615246797E+0000  6.13899978134406E+0000  5.07259657022438E+0000
1.359  3.56534807586126E+0000  3.94349149738114E+0000  6.29258914936387E+0000
1.574  8.36014841698412E+0000  5.92599980000000E+0000  1.57400020000000E+0000
1.361  1.36100916926381E+0000  3.20203658531714E+0000  8.20509808067181E+0000
1.359  8.64099978372607E+0000  3.43508738538483E+0000  6.45859876297252E+0000
1.574  3.88105376843145E+0000  1.57400020000000E+0000  7.99209854987401E+0000
1.361  1.36100048227896E+0000  1.36100088884129E+0000  6.20013515873997E+0000
1.359  4.29486105379506E+0000  6.14099980000000E+0000  8.20709853466581E+0000
1.574  1.57400020000000E+0000  5.92599980000000E+0000  7.13323513743769E+0000
1.361  1.37384940083951E+0000  3.75172370058431E+0000  4.67122160829312E+0000
1.359  6.11973918768777E+0000  6.14099980000000E+0000  6.19281301487283E+0000
1.574  8.42599980000000E+0000  5.92599980000000E+0000  7.99209853525287E+0000
1.361  1.39625598178445E+0000  1.37584805071388E+0000  3.29838246063694E+0000
1.359  8.64099980000000E+0000  3.84091486117943E+0000  3.61753497850338E+0000
1.574  1.57400022428919E+0000  3.78816967124267E+0000  1.57400023390574E+0000
1.361  6.04505396962297E+0000  1.37026004549208E+0000  3.47450787223915E+0000
 9.56609874987401E+0000