2.088  5.10332467334626E+0000  2.91194079725807E+0000  2.29361102363668E+0001
1.609  1.60904999890884E+0000  3.39086373333545E+0000  1.44049134655793E+0001
1.513  1.51300934687947E+0000  3.48697819581830E+0000  3.03073599942943E+0001
2.259  7.74087917156689E+0000  2.25915980603107E+0000  1.63626279116058E+0001
1.310  3.34237529277114E+0000  1.31418344773927E+0000  1.58255393318302E+0001
2.365  7.17975238081104E+0000  2.36512281578941E+0000  2.36503997512688E+0000
2.410  2.41012342806196E+0000  2.58935467399580E+0000  2.41025666137159E+0000
1.700  1.73880115115928E+0000  1.72164069686916E+0000  2.75952304848962E+0001
1.545  8.45498335689560E+0000  3.45494576685609E+0000  5.89695977037176E+0000
2.061  7.93887302445868E+0000  2.81389547811770E+0000  9.40784424076337E+0000
1.815  8.03086272629967E+0000  3.18481739963440E+0000  2.03196176030113E+0001
1.809  1.80915780675721E+0000  1.80928779158987E+0000  2.11696782250812E+0001
1.544  8.45594244905766E+0000  1.54405232096457E+0000  2.32197823326883E+0001
2.146  7.85389112140331E+0000  2.39403316263793E+0000  2.67598284063629E+0001
1.286  1.30856752003205E+0000  1.29272792549053E+0000  1.24215995860281E+0001
2.088  4.89760446243457E+0000  2.91194577902970E+0000  6.39600321702656E+0000
1.609  8.39099024356586E+0000  3.39097436966137E+0000  3.03711466918268E+0001
1.513  8.48696334806615E+0000  3.48694210304530E+0000  1.28748977762139E+0001
2.259  4.92218607437326E+0000  2.25908983316541E+0000  1.27605337915868E+0001
1.310  4.45553467813433E+0000  3.68008752957944E+0000  1.61373665081170E+0001
2.365  7.18551891263569E+0000  2.36523904544728E+0000  3.40164013110609E+0001
2.410  2.41073685493736E+0000  2.41024025069533E+0000  3.39713967227937E+0001
1.700  1.70002647300284E+0000  3.29884387794188E+0000  2.45538591999588E+0001
1.545  4.33260838858712E+0000  3.45491990479358E+0000  2.64447660372069E+0001
2.061  2.06107147581635E+0000  2.93887084174463E+0000  9.59501235951925E+0000
1.815  1.81507196694782E+0000  3.18486464081645E+0000  1.78165989126071E+0001
1.809  4.86644408470170E+0000  1.80907000893725E+0000  1.92058865477967E+0001
1.544  1.54402020260986E+0000  1.54404753235401E+0000  6.12417434566037E+0000
2.146  4.88673769346598E+0000  2.14601192672227E+0000  2.98511642775428E+0001
1.286  4.96139370894154E+0000  1.28604359566186E+0000  9.35181080739973E+0000
 3.63814015110609E+0001