450.879356160529
367.867613075403 -245.17051344587 0 6 
-11.0494349780636 55.130521337809 0 6 
-320.186356515305 301.401344796614 0 8 
-252.454934541491 243.973953886359 0 9 
-188.840208234393 21.2497714060327 0 10 
-327.56827795102 -295.08241213793 0 10 
-430.66341289149 70.9120020407485 0 13 
-368.052349991353 69.213298306879 0 13 
289.659881053257 -66.2278443488069 0 15 
-289.500275826748 323.173151542086 0 17 
23.8647369950075 -288.858512445887 0 18 
270.890921506311 0.203468984244376 0 20 
-27.9241645558257 7.82567600665597 0 23 
-121.968451039794 270.727748637777 0 25 
-267.307911724906 283.635290332682 0 25 
-166.407468424088 304.590001203911 0 26 
163.053849242259 392.346669950236 0 26 
-280.152338279288 -83.1173323534495 0 30 
-203.287920045108 258.539572919174 0 31 
7.18175180373469 -38.7397688091526 0 32 
-113.862825675197 331.934518668235 0 32 
361.603920396943 209.44154569974 0 33 
-153.418592846158 387.622410130886 0 34 
259.647628138477 -182.28893440241 0 34 
63.1948966629379 266.105382261849 0 35 
-308.585155286308 126.314721504838 0 37 
4.72320374604545 -232.539625488018 0 38 
181.965702135038 327.923834235445 0 39 
-224.172384337398 343.144034760891 0 41 
-387.656542553485 130.018202082187 0 42 
-110.101970542961 199.283121340678 0 42 
48.5898084627552 29.0869931500498 0 45 
-322.82596344761 -225.905028223402 0 48 
-162.470004962754 -367.573821735014 0 49 
-62.2026740548284 397.036326037213 0 49 
-241.802192822285 -164.204903958537 0 51 
-330.746212195646 217.548632817841 0 55 
-33.3354386329586 288.809304425726 0 55 
-247.876821125196 -306.094754701627 0 56 
-392.626089640187 -14.1046893904606 0 58 
7.46114261269978 -133.376274996751 0 58 
-370.068425166455 -128.913886474757 0 59 
155.144278186344 228.193493393008 0 61 
-211.387619786991 159.160999719961 0 62 
-278.843701111703 27.3629865910755 0 63 
358.047440803833 -142.175469342368 0 65 
136.229477433334 102.510438995257 0 66 
275.644927677267 268.61122955708 0 66 
-107.750891803569 77.3436454158359 0 69 
246.323036334686 -291.816388201537 0 69 
56.8964066620735 376.605739346335 0 70 
377.861046867377 -3.71982028469472 0 73 
-38.4123211839011 -375.921935194384 0 73 
8.39479892729587 162.67932568602 0 75 
109.596200059079 -358.501331460272 0 76 
126.48367935256 -204.394832979344 0 79 
282.252546617134 116.267733007511 0 80 
-121.756042854275 -74.3939149527157 0 82 
-122.95521457715 -238.389529925178 0 82 
159.211608126845 -45.6847750318469 0 83 
