60
357.798179320606
294.166672050507 -235.631973930638 0 32 1
-30.6848812018567 -39.5074301995954 0 61 1
-227.486587231798 249.144180130572 0 76 1
-106.894415155761 43.7308987724156 0 25 1
-130.804106670748 -67.1427652989597 0 41 1
-291.144369455413 -283.062520793028 0 69 1
-326.571493734464 164.20392166105 0 56 1
-238.20520354718 67.1462286120612 0 34 1
287.334495470957 3.60654354711601 0 20 1
-209.064883721149 309.925054197572 0 49 1
43.0714117272042 -294.514827308543 0 65 1
220.023596166353 11.265472961073 0 13 1
-73.6141194426404 -112.676604197035 0 80 1
-6.32681806080593 153.63201959641 0 58 1
-239.932897271499 249.017623292698 0 45 1
-86.1708126880908 261.278013908958 0 73 1
97.5264743098064 320.101685586142 0 9 1
-87.3969786772607 -188.433462883024 0 38 1
-120.183258769013 204.042720111282 0 25 1
-29.9128181458394 -121.288423581125 0 82 1
-23.1437244631903 205.279422411651 0 69 1
258.344028109088 171.156488353518 0 18 1
-98.0274276508263 306.391331284315 0 33 1
260.10474672249 -120.576339413389 0 49 1
45.5684496881177 188.448927150724 0 26 1
-217.684434622787 140.607926378601 0 13 1
26.9677718693124 -260.139030718018 0 42 1
173.552836934071 257.80649935905 0 58 1
-124.780570096991 288.92464583707 0 6 1
-296.768310756955 216.065016965237 0 73 1 
-75.4040018086224 70.3485652478288 0 51 1
-47.2112039560853 -48.9467299634459 0 37 1
-311.846952610869 -221.54738336437 0 66 1
-49.7139951028344 -315.798179320606 0 82 1
-79.2740996616888 281.103259335844 0 31 1
-143.545512618926 -247.583224640325 0 17 1
-297.355638307045 243.098539859975 0 75 1
2.19377866076251 168.666989315554 0 62 1
-221.983855417631 -282.007892187165 0 10 1
-221.582099388101 -49.1304507269549 0 26 1
-41.9063509195258 -216.625478647417 0 55 1
-222.811430091707 -97.5068244222234 0 42 1
135.827057915485 104.096260933309 0 70 1
-96.5647579603548 26.7905050278248 0 6 1
-184.326151347929 -14.3284780363103 0 35 1
267.222107213967 -78.2329046060834 0 63 1
169.936030868236 84.8971648889231 0 79 1
284.990578227497 237.382710288981 0 66 1
-78.384373632264 -23.584241927466 0 15 1
152.128440964387 -207.355044286456 0 30 1
25.230326387149 245.027926043096 0 59 1
289.5727602483 95.3401903522737 0 8 1
1.11943976965007 -300.976209982462 0 23 1
107.088564685645 114.744232009337 0 10 1
68.5421906212192 -325.989152381483 0 39 1
148.915354776681 -173.647677909826 0 55 1
179.631745225171 83.23713997 0 83 1
-72.9036321152368 -189.653523161206 0 32 1
-37.7150046604639 -280.579379533862 0 48 1
146.10121212107 -85.0682135441775 0 34 1