60
358.497206784279
170.839688351652 -107.522211470846 0 92 1
-230.812784982642 -244.993162594228 0 77 1
30.4271345469218 45.1225116723399 0 51 1
261.247190575036 71.3814026591359 0 36 1
188.911342712117 -17.6621796352535 0 69 1
-257.631709280602 180.93565444719 0 87 1
-99.1107702404388 -244.707000214121 0 28 1
165.5045320063 -53.0934002313344 0 13 1
-241.591269960398 -199.714567284549 0 79 1
138.463457625924 245.312560118376 0 64 1
251.687087094382 267.381014893513 0 5 1
-104.384384005781 -59.2455168788611 0 23 1
25.0814608172505 -183.46171427854 0 56 1
-260.442420418076 234.192918999482 0 41 1
-89.5539608811047 -221.239515246896 0 74 1
206.409657277862 266.497206784279 0 92 1
-102.633103155787 81.2000198083853 0 33 1
-72.8384233095008 -12.072363658415 0 51 1
-30.6584181932616 -49.0270637151678 0 84 1
37.2965070625673 -170.156234529835 0 69 1
22.8165203588548 92.5214524316934 0 43 1
6.10001066964278 -157.564471003358 0 28 1
-126.16278468666 -169.227559799551 0 61 1
-169.137008142217 -88.9612223996678 0 79 1
-53.7722222720532 -161.868935911816 0 20 1
-238.227024177855 -79.7677841647611 0 5 1
10.427432624473 -251.761717830712 0 71 1
-113.224641883036 171.375340124806 0 56 1
264.778839201602 96.3493985628862 0 89 1
-2.15795674481178 -54.0278178412053 0 30 1
37.6482654237491 -240.862395091112 0 33 1
-106.981303126426 142.234191292346 0 66 1
43.8448297535511 -256.212249398214 0 7 1
15.6520909363103 87.6058766178426 0 25 1
96.0480897620467 -90.339771001952 0 58 1
245.481684628594 75.3524604214367 0 43 1
30.9055923195504 40.7030254890923 0 61 1
-45.4206269071456 -108.751032003978 0 94 1
-6.63566244279609 -214.73657966909 0 35 1
-200.999398858868 -73.6076460498654 0 53 1
253.591960530344 96.4354686482587 0 86 1
20.0484746048686 -195.601691635955 0 71 1
-250.929157735708 18.2607747759565 0 89 1
-11.8468925068606 -118.788051991741 0 30 1
-73.492004975246 23.7029032323601 0 63 1
-8.93453619335057 140.908849910519 0 81 1
221.047559696311 -176.592341762894 0 22 1
60.112166713083 -4.23775121669956 0 40 1
-68.4139111085472 131.782486043963 0 24 1
66.5073659097577 -137.867201955112 0 57 1
83.0370159308055 11.1737819066071 0 75 1
82.9073545049522 -231.349117936768 0 16 1
-139.433953873744 -45.6628179326247 0 49 1
157.243290182355 237.641073802047 0 67 1
61.5755757430998 263.443056787609 0 52 1
-89.9056640990648 211.598752204026 0 85 1
29.4321307550877 -196.466977361613 0 11 1
-39.7031117048827 209.129463442157 0 44 1
7.00579697068586 -179.296278157138 0 77 1
125.246682361388 -242.332611689072 0 95 1