432.446858131928
341.407313152078 -254.372050771365 0 5.9999999400773 
-44.7080550034669 23.5847927384056 0 12.9999998699587 
-297.881984170613 305.161017062998 0 5.99999994007714 
-293.926203894438 217.253676997263 0 8.99999991015441 
-252.80208523314 96.4045205396009 0 9.99999989990156 
-293.660567339672 -306.461427593347 0 7.99999991996078 
-422.433008054029 -3.42078092159881 0 9.9999998998717 
-419.001592627819 19.3218085899588 0 12.9999998700548 
266.428206851404 -119.160732065049 0 17.9999998199401 
-247.66005735454 323.538931569361 0 24.9999974903017 
42.5779925663363 -295.81699365651 0 14.9999998500246 
283.777632133643 -88.7634062297112 0 16.9999998300325 
-16.2543196841367 -49.3778713391144 0 23.0000033396555 
-120.747200691189 291.537334958051 0 19.9999997999908 
-315.673156769589 249.627586531762 0 29.9999997000553 
-166.117096615128 268.244149419681 0 30.9999996899844 
166.362123978177 371.936259820102 0 25.0000055298175 
-277.70057358928 -98.659432868607 0 31.9999996800052 
-266.309876820697 276.071222767138 0 25.9999939602466 
80.7587829101417 -84.1897727766927 0 32.0000016999347 
-90.5302762853371 326.352072383225 0 25.9999997399563 
385.246081708958 97.7213477898115 0 34.9999996501309 
-111.971460021576 382.390234145827 0 33.999999659973 
232.024593058604 -162.072167575336 0 36.9999996298522 
152.849420359839 297.125837020181 0 32.9999996701316 
-311.974000991957 82.599570188921 0 33.9999996599323 
17.220829806018 -246.795745523597 0 38.0000075195016 
218.165900996722 327.420332862827 0 38.9999942104784 
-180.388575162782 342.892155318252 0 44.9999995499537 
-385.358163166979 62.8318027734933 0 41.9999995799809 
-116.614522399647 205.399155997706 0 48.9999880750115 
40.3520747617685 -4.88386069670032 0 49.000002669926 
-303.497348363616 -247.224599498334 0 40.9999995948345 
-146.469395429671 -355.451958085647 0 48.0000109550457 
-36.2389890187629 388.761475759852 0 41.9999995752476 
-233.600538161574 -177.114430891443 0 57.9999994198612 
-338.167044788435 167.657928381005 0 54.9999994498208 
-26.3524815292101 270.618678551403 0 59.0000033299574 
-230.844379641773 -303.665240601034 0 50.9999994902226 
-372.858930052194 -46.9915446431496 0 56.0000050994606 
1.3499406994281 -128.441703453145 0 57.9999937606587 
-344.334201319023 -154.596535989966 0 54.9999994500187 
153.775297787179 201.130322482676 0 62.9999798101222 
-226.413860672322 198.758178980401 0 60.9999993900351 
-259.29915458843 -2.40254953009142 0 65.9999993399208 
330.926000994898 -166.489767053037 0 62.0000189399205 
119.625060138444 77.7700535987338 0 64.9999993500662 
276.700683217738 240.24993699364 0 65.9999993399683 
-158.793739965787 87.7288129526911 0 69.0000038299669 
243.517254792955 -268.453146457367 0 69.9999720594504 
70.0116827571611 356.639823445342 0 69.0000265505627 
356.028696578144 -31.8091832302102 0 74.9999992500219 
-25.5088113035335 -358.540576355215 0 72.9999992700076 
-15.9265891453796 126.367907966623 0 79.0000043599897 
119.192367599949 -339.109457038287 0 72.9999992700117 
120.314494114354 -190.113683982654 0 75.9999992399561 
266.354627836857 94.6169543504895 0 80.0000229046702 
-121.751666939684 -59.6885749695353 0 83 
-101.486971042075 -223.439430986844 0 82.0000014102138 
192.80076927851 -49.7223312458856 0 81.9999754754108 
