434.727238110906
359.935777539178 -228.678462434192 0 6.00000002250002 
98.4075936597383 53.7297520848805 0 9.00000009000006 
-262.476305420635 266.245123457469 0 6.00000002250002 
-300.774383819886 243.368727027267 0 7.9999998649999 
-232.404476265074 -41.0941608424385 0 13.0000000000001 
-277.629121252438 -316.352409888775 0 12.9999999999999 
-423.904865713819 -26.4176373704541 0 10.0000000503377 
-424.678523587778 -6.43260662102619 0 9.99999994966229 
292.253325730927 -62.9295053558785 0 20.0000002299997 
-332.201289497861 256.447058250257 0 15.0000001199992 
64.0560541516228 -290.093377588776 0 17.0000001000019 
277.60196573183 2.78003982641687 0 17.9999995499991 
-18.3510875787111 -37.6552539881581 0 26.0000007260899 
-119.59156708638 266.183052800456 0 24.9999991591745 
-297.295341596257 281.943058807156 0 24.9999997516903 
-191.095424782588 364.658772610405 0 23.0000003630454 
162.939657620994 374.844799027022 0 25.9999997401871 
-297.547642620046 -271.704756120897 0 29.999999700726 
-187.764075389701 260.891201533888 0 31.9999984016575 
62.3662375406813 -54.9642411864102 0 31.0000021574294 
-151.32656725722 315.92126257033 0 33.9999986913554 
346.496591968745 203.285230836757 0 33.0000006389361 
-134.279559165404 379.681746417571 0 31.9999996805328 
245.0498582075 -116.720867196562 0 34.0000009891757 
48.9479234121609 245.978594460013 0 37.9999995992628 
-382.529970956284 108.893427356364 0 36.999998403167 
34.6820669350763 -238.693105050703 0 39.0000010989688 
212.14249898289 338.788170229687 0 35.0000008986014 
-239.000353102763 312.889703076255 0 41.0000037485461 
-387.632516203453 30.0583903419729 0 41.9999954488413 
-116.719003499125 199.244661673866 0 41.9999995531035 
31.9323924287619 27.1675579348867 0 45.0000012495091 
-331.302507325347 -197.545184126048 0 49.0000012083878 
-114.915104011719 -369.259361338381 0 47.9999995209484 
-53.3134640227903 382.025100152988 0 48.9999995101898 
-222.18091115403 -214.93521324185 0 50.9999997604741 
-331.402427742575 185.378549638491 0 54.9999994505138 
-39.4499909546417 277.944341309024 0 56.0000016471359 
-205.128373397553 -319.554574688813 0 54.9999994513961 
-370.455507114556 -68.4553109356428 0 57.9999994509542 
5.68554515034906 -135.365997404815 0 62.0000017796353 
-263.864981060367 -114.220576083037 0 57.9999994204888 
145.83237251253 250.711858328026 0 59.0000017590878 
-216.139157584398 172.325667249253 0 60.999997040788 
-271.232268857851 39.8790104431989 0 66.0000019391447 
343.918122428714 -135.714984732837 0 64.9999980832351 
130.133372087618 126.701609846026 0 65.9999993386972 
267.614534051647 257.999225272759 0 63.0000006389229 
-133.63603246789 70.5699234718602 0 69.9999916820073 
269.549069496101 -247.183559988445 0 68.9999993168578 
65.8103328235949 355.690305423185 0 73.0000020794828 
365.710493905809 -3.49889688004172 0 69.0000069216521 
5.84727679706295 -361.679975491307 0 72.999999270935 
-10.1816110193289 148.512212089567 0 75.999989583974 
149.74550444435 -327.077916293733 0 75.0000089056416 
141.648966741859 -172.715015106242 0 79.0000022394494 
275.681756827046 115.226958293038 0 80.0000004147085 
-127.786384346336 -81.3174639911837 0 81.9999979666306 
-91.8255817744471 -241.326277094566 0 82.000000789248 
177.209498863746 -14.666131678536 0 83 
