433.155410784308
379.874868777669 -191.326184854824 0 6 
-6.53088401045268 202.741296634809 0 8 
-322.871441563396 279.012483601705 0 5.99999999999999 
-300.295231911377 220.669268730872 0 9.99999999999999 
-193.191205966118 -0.650331899984281 0 10.0000000000001 
-244.708268626202 -345.860007100328 0 8.99999999999996 
-417.494492405415 -38.3186467044018 0 13 
-418.888526770249 6.8083111363183 0 13 
301.672166643806 -34.867824599416 0 15 
-266.322373953688 318.475131080057 0 17.9999989502219 
90.0284444632129 -280.375230313788 0 17.0000006998524 
266.600115373828 -6.23626390500685 0 20.0000003499257 
-50.4099523048421 10.7645248882945 0 24.9999995205163 
-146.718838681002 309.694608769621 0 25.0000004794835 
-328.97601026528 244.953558179658 0 23.0000000000001 
-157.839117645622 375.316321606174 0 26.0000002589478 
193.929122353211 358.004223779799 0 25.9999997410522 
-243.767166637842 -142.042512415333 0 30 
-280.243962589792 270.452332124646 0 31.9999993705445 
-18.3089497540674 -35.1214818152563 0 31.0000000000005 
-91.3175935908861 323.099913400266 0 32.000000629455 
370.433676354275 148.673918076608 0 33.999999330113 
-99.536255782196 387.578232831349 0 33.0000000000004 
253.626856293029 -83.5014856420532 0 34.0000006698866 
71.6286931673484 245.622262546966 0 36.9999989200563 
-355.844623182445 2.02649641100492 0 35.0000003599816 
58.2199262020398 -231.077432678304 0 38.0000007199621 
240.516955777942 308.470663077626 0 41.9999992204265 
-208.870502361956 331.902061667877 0 41.0000011693596 
-386.751230442579 73.7159576257522 0 38.9999996102139 
-245.073639698814 201.953806423762 0 44.9999982603252 
-12.2866587778585 73.451593209005 0 48.0000008698371 
-260.612496967355 -291.691071391261 0 42.0000008698376 
-78.3289497353789 -376.085037783653 0 48.9999995101199 
-13.1882277923951 383.928964661613 0 49.0000004898802 
-199.618040413668 -217.63706325878 0 50.9999999999998 
-338.987024295871 167.598664912326 0 54.9999994500301 
-15.1951818666626 278.948146230389 0 55.9999999999994 
-174.153526683804 -335.666595640913 0 55.0000005499704 
-361.855772133309 -99.004963763126 0 57.9999994200353 
19.7281904580439 -133.734734912138 0 58.0000005799645 
-312.83858299535 -205.24203372175 0 59.0000000000003 
169.725856871893 232.282603597158 0 62.0000012199265 
-261.930491918218 78.2326168580684 0 62.9999993900361 
-255.51184013892 -45.6011451274154 0 60.9999993900374 
355.5417145256 -95.543161566636 0 65.000000000001 
78.1710776532657 142.830252873235 0 66.0000013099596 
296.717204772479 216.245224277281 0 65.9999986900394 
-129.815385628046 62.9160073074 0 70.0000000000001 
294.16136977576 -214.658454848306 0 68.9999993100566 
99.3965031055058 348.592317251794 0 69.0000006899433 
357.646051851686 42.4407938990757 0 73.0000007298461 
42.2726160050257 -357.665970395797 0 72.9999992701542 
-125.218244963005 207.843114150985 0 74.9999999999997 
182.414907371645 -307.058282175015 0 76.0000005166433 
158.566769856881 -152.891920792419 0 80.0000015499262 
215.453893792828 96.1566182001841 0 78.9999979334305 
-118.417275625083 -89.6588369144998 0 82.9999999999985 
-64.9820394567749 -245.766734876913 0 82.0000008197481 
90.8055824104231 -5.74430201252049 0 81.9999991802535 
