426.735267658432
339.55626730485 -235.667174842547 0 10.0000000408784 
15.6028877585857 50.269447851367 0 8.99999998780401 
-271.698284878491 247.69825962508 0 7.99999985478037 
-280.155667979135 230.8171374175 0 6.00000003782941 
-175.928777943257 17.738575322177 0 10.0000000408784 
-303.310453051776 -287.315572985361 0 6.00000003782941 
-411.641741271372 41.5686013983728 0 12.9999998810446 
-333.396330380154 47.1419485883776 0 14.9999999071779 
400.880250184671 61.9577749660912 0 20.0000005998101 
-288.627219656071 296.430766785455 0 13.0000000321317 
23.6269136273821 -287.485245890657 0 17.999997667627 
289.485696404726 35.7047622444177 0 17.0000019122087 
-2.01126505949025 -28.9790600239751 0 25.9999997310606 
-150.059531609085 211.859744142147 0 25.9999935795869 
-304.079500342921 261.714385078037 0 25.0000007053877 
-189.858684578116 240.443424346163 0 22.9999997729042 
187.644969254 354.829621673931 0 25.0000049640353 
-259.363369935309 -100.620185652039 0 30.0000012470253 
-239.287648220116 214.122763045822 0 32.9999971599425 
54.9693522789563 -63.4666119291462 0 34.0000006349881 
-162.53948727473 288.178750903517 0 31.9999996922678 
316.294663489964 237.832058706781 0 30.9999996999175 
-197.656795418251 341.683656372729 0 32.000002177888 
235.132660258948 -135.125716592208 0 34.0000006349961 
7.0466134287481 241.69820741082 0 34.999999659824 
-303.580806383944 91.6971255603799 0 36.999999622654 
15.4236171838086 -228.04867570172 0 42.0000018917462 
121.820366274618 365.290846962481 0 40.9999995959159 
-238.896891144787 285.121692051733 0 38.0000069825242 
-378.961705370657 82.0162767178332 0 38.9999922473357 
-104.60334674645 161.285696139415 0 41.9999995816791 
75.7616183000832 19.4282616477586 0 51.0000023272076 
-311.720431994988 -220.345608511817 0 44.9999995501907 
-147.122083088412 -348.992103813224 0 48.0000093819998 
-118.141923003404 358.539471536173 0 48.9999995110899 
-227.144421206437 -179.322488574754 0 48.9999896478328 
-322.570201853015 182.737794122695 0 56.000002904883 
-81.8755103526387 255.585458953235 0 54.9999994534569 
-232.513002091474 -286.187708544072 0 57.9999958580675 
-371.496676346746 -13.3164939275361 0 54.9999995473095 
-19.4555948967155 -120.316311182047 0 59.0000028120482 
-347.363881600183 -123.709464679914 0 57.9999994242349 
108.663914954866 256.863434539595 0 64.9999993486593 
-204.920333621031 121.279412370709 0 66.0000031649294 
-257.026530899219 5.46081753854843 0 61.0000074434778 
332.465635209996 -147.546422508785 0 62.9999993678448 
176.634661083113 126.766689944402 0 65.9999993424661 
233.502655574565 280.193382560778 0 61.9999913326227 
-77.7766371570062 49.4584800175359 0 72.9999943823098 
251.463375241012 -253.034027583233 0 70.0000041777778 
5.66875585530836 351.689580783651 0 75.0000035363553 
357.287098490998 -17.9011579759274 0 68.9999993212552 
-30.3596700953319 -356.444683851691 0 68.9999993135977 
38.1108232665792 138.262166109917 0 72.9999992687043 
117.160788387667 -324.215599542867 0 81.9999991798538 
119.23330438246 -160.228693918904 0 82.0000023457581 
322.634442071813 127.013265667239 0 79.9999898577315 
-150.446484896875 -80.6187713753417 0 75.9999992410394 
-105.57280140632 -228.981013699677 0 79.0000085535018 
205.294998839203 -19.4509051336088 0 83 
