430.897321973218
348.033619949549 -238.303271166117 0 9.00000538050774 
-15.154146823861 57.2390535246256 0 5.9999999421994 
-269.788171700314 286.800239876511 0 7.99999991853406 
-274.169279186186 239.039595258876 0 9.99999989923491 
-177.224673759598 26.319432562579 0 14.9999998486903 
-302.293077512945 -282.718646978496 0 17.000000898534 
-410.087254601588 80.4151013759927 0 12.9999998709769 
-352.807003949769 83.0172961909216 0 9.99999442944982 
302.128267460295 -101.870760299063 0 5.9999999421994 
-283.027853800439 307.462852688372 0 12.9999998696734 
55.8549745810817 -275.037717741026 0 25.999985248777 
248.776171225 19.3152898918048 0 24.999999759515 
-33.8842070092715 11.7266570478589 0 22.999999772275 
-180.085620271008 220.968029616437 0 30.9999996870319 
-299.965929608758 273.446640956636 0 25.0000142312131 
-226.329941875646 254.291634732232 0 25.9999997379299 
106.032505833874 399.050506001049 0 17.9999998213107 
-248.166619702213 -84.3352152691798 0 32.0000022366162 
-252.269981351616 216.303290301671 0 19.9999997998354 
92.2893724963072 -56.8397833406111 0 29.9999997054957 
-159.798889248201 285.871407472045 0 36.9999996313752 
318.005916495623 229.032199369014 0 38.9999996062202 
-179.066959414919 354.206893722382 0 33.9999806807246 
246.14950109449 -162.844050536632 0 33.0000186558857 
117.712133215918 282.345301228265 0 40.9999995930882 
-311.203120253582 88.7719784326562 0 31.9999996819304 
-4.03790502426129 -233.768662924211 0 33.9999996549764 
150.386355044253 358.643372629945 0 42.0000032256987 
-235.559826473811 314.589305983188 0 34.9999996478174 
-371.766429835317 127.114230323336 0 37.9999996222831 
-117.293052859903 173.029540392252 0 48.000033643452 
28.9449929427352 28.3847374803625 0 41.9999995821725 
-317.095206447889 -212.829088726607 0 48.999965389589 
-163.105146374982 -335.334341516338 0 58.0000044958046 
-97.4428089204052 369.256636872464 0 48.999999507532 
-221.981914058801 -168.34927056017 0 55.9999994199121 
-321.503030045343 200.562106299196 0 50.9999994896023 
-70.2747456115316 264.671701057737 0 54.9999994716186 
-240.700264728941 -267.599576125196 0 44.999999549496 
-375.252067992038 22.01550682735 0 54.9999994508208 
-6.79536860292924 -72.4697435095496 0 64.9999993622495 
-348.099946830918 -98.9752449360505 0 68.9999993150526 
149.582883602116 187.560024355916 0 58.999967605575 
-224.706184794834 134.840188354979 0 65.999999333084 
-257.848116363784 10.1701757508177 0 62.9999993661716 
337.086354672278 -159.452748212118 0 58.0000312254734 
135.237858506322 60.3664182934679 0 69.0000056835065 
228.733422677351 284.308067769044 0 65.9999993343634 
-104.572815374015 62.7467392982187 0 60.9999993950332 
265.698716333764 -255.909020391823 0 61.9999993794906 
25.439122082254 352.642464407822 0 74.9999992464732 
348.329065535541 -19.9048711425318 0 81.999999261963 
-23.6876517496886 -348.092276308001 0 82.0000051671479 
12.0463779510779 152.23721795963 0 83 
145.497956590402 -323.701180572504 0 75.9999992402575 
94.4175469185278 -176.301074547301 0 79.9999991531737 
270.483774949634 121.02458021216 0 78.999999254621 
-144.600331983505 -65.135461278376 0 72.9999992759919 
-107.150592982987 -220.212267101736 0 70.0000113179502 
200.296167947835 -65.8532884625124 0 72.9999872546181 
