431.223968387513
357.131357941677 -222.981435156154 0 8.00000064938345 
-92.3157654624323 73.3281449294534 0 10.0000002899383 
-330.683093587143 261.792021911508 0 5.99999994009257 
-349.026857239995 238.867260651761 0 5.99999994009257 
-301.496715907106 111.582024861332 0 8.99999918049313 
-261.983126910432 -326.00019779892 0 12.9999999024762 
-419.306029338486 -40.150783147282 0 9.9999999002448 
-415.939774446398 -15.3784545394683 0 14.999998831061 
294.688384240653 -60.1422649470224 0 17.0000005096528 
-257.553986575796 327.689067665685 0 13.0000008565652 
80.9371226658257 -284.572825845055 0 18.0000000066361 
260.050905717448 -25.9489776943679 0 23.0000006323047 
-90.9342783736373 20.8345572380295 0 24.9999989934472 
-84.4038104422538 330.142867371173 0 25.0000006298242 
-356.800051190603 200.541129517272 0 19.9999997377878 
-132.97437568121 314.239879533341 0 25.9999997400149 
216.488273480407 342.54823340815 0 25.9999997400144 
-256.043539220508 -129.011647827992 0 29.9999997000101 
-279.886235534366 281.979168631987 0 31.0000037198151 
-28.2304499208375 -17.5151233280727 0 31.9999971001454 
-73.7245675144506 389.304662461346 0 35.0000013297095 
381.51441805468 110.605750188291 0 33.9999973604178 
-139.71836967772 372.908976296399 0 33.0000019696323 
249.340692115292 -87.6395347177905 0 33.9999996601988 
209.202502295459 285.007661016938 0 31.9999996800415 
-287.381732201821 62.5742009435696 0 41.9999966003823 
47.1858232600401 -235.402299808698 0 38.9999996100734 
277.984732792279 279.530008902792 0 36.999999630063 
-201.393833095794 337.736011707524 0 37.9999996200003 
-383.401532070394 30.1985480703678 0 41.000004539481 
-183.57075170665 252.581230804546 0 48.9999942925473 
-29.7803992876789 63.4700449739112 0 49.0000018376342 
-277.884371466392 -272.535454553383 0 41.9999995800489 
-98.1693041999623 -370.436761169932 0 48.0000047397977 
6.21415234256792 386.17397428517 0 44.9999995499719 
-211.761167955041 -201.565578309018 0 55.0000074399163 
-360.981902904823 119.425007011542 0 50.9999994900192 
-6.34438123306751 283.942454738812 0 58.000002169975 
-193.116471879701 -321.71269971422 0 55.9999914500854 
-367.693404081056 -79.6620072453774 0 54.9999994500039 
15.8722910099762 -134.833202167773 0 61.9999993800228 
-324.637374477285 -184.137736768765 0 57.999999420062 
170.125530000029 202.824994251231 0 59.0000029598855 
-258.480411228803 169.31934174047 0 63.0000023999576 
-259.941166324056 -36.7032576632635 0 60.9999958400722 
340.648722573293 -131.707986768798 0 66.0000015264241 
56.4119493448697 144.060863921986 0 69.000002659935 
316.107316875742 184.922036856152 0 64.9999993501259 
-175.84480849685 62.4320074052045 0 68.999997123437 
271.581488042207 -244.196729952349 0 65.9999993400781 
115.644646307334 336.930000625762 0 75.0000085794446 
358.170601644338 6.18321663178666 0 72.9999992700143 
22.1413356279231 -357.539051443158 0 72.9999992699779 
-85.1278136442479 175.548868034365 0 75.9999935804572 
160.997017993301 -323.361587143943 0 69.999999300106 
156.529835502573 -154.312818586163 0 80.0000015999192 
222.775006054681 75.2631140903994 0 78.9999992100244 
-123.316276072177 -82.1965363386218 0 83 
-80.7441654131631 -241.609881468152 0 81.9999967801743 
85.4319397394693 -8.74808986201401 0 82.0000015799753 
