1.000 -3.77867626147483E+0001 -2.66922350041711E+0001 -3.00333038754415E+0001
2.000  1.14787386402010E+0001  5.36943840657744E+0001  2.32113514367414E+0000
3.000  4.49136879455293E+0001 -3.13178002145475E+0001 -7.52499668532947E+0000
4.000  2.07794807381374E+0001 -3.94341965481117E+0001 -3.09711498003434E+0001
5.000 -2.54600185361771E+0001  3.13880766383726E+0001 -3.65413429521353E+0001
6.000  3.63657082307489E+0001  1.75054005343247E+0001 -3.56792219352851E+0001
7.000  4.39881910371712E+0001  1.40955644732304E+0001  2.78687399242013E+0001
8.000 -1.36876786962720E+0001 -4.86892854544130E+0001 -1.41373396258473E+0001
9.000 -1.40790876084172E+0001  3.55700878368828E+0001  3.65808031941621E+0001
10.000  1.09750107014927E+0001  4.58180058411831E+0001 -2.37791898532342E+0001
11.000 -2.67030474696723E+0001 -1.70407477354493E+0001  4.17635291210431E+0001
12.000  2.79240122576617E+0001 -2.98705597351508E+0001  3.26609448473866E+0001
13.000 -4.97883240159226E+0001  1.02147683080856E+0001 -6.67407983929191E-0001
14.000  1.18086673730857E+0001  4.23332563638646E+0001  2.46987109861065E+0001
15.000 -6.87369536732360E+0000 -3.60032208534437E+0001  3.31401247187522E+0001
16.000  2.43320522400690E+0000 -2.42675819904770E+0000 -5.84001309331340E+0000
17.000 -3.55500711902617E+0001  9.25915300073029E+0000  2.99758537861297E+0001
18.000  4.28673310918655E+0001 -1.19793933170726E+0001  1.31586196143683E+0001
19.000 -3.36452116694042E+0001  3.90548287006100E+0000 -3.02519762057504E+0001
20.000  3.32980135836681E+0001 -1.22742398512827E+0001 -2.64957842511834E+0001
21.000 -6.62961789200240E+0000 -2.52584200267099E+0001 -3.46819745024131E+0001
22.000  4.52703933575361E+0000  1.60438600832726E+0001 -3.90006584533176E+0001
23.000  1.41603539096597E+0001 -3.88840582800212E+0001  1.62394014117430E+0000
24.000  3.15107897843510E+0001  2.51416540775587E+0001 -2.87438340286339E+0000
25.000 -3.13553441256634E+0001 -2.35318967527000E+0001  4.06925780241410E+0000
26.000 -1.80247368134571E+0001  3.39176642545479E+0001 -5.82629239430492E-0001
27.000  7.55408809569531E+0000  3.29799634404001E+0000  3.64947864824847E+0001
 6.44140432046697E+0001
