0.934  5.03499535234530E+0000  9.39314768854370E-0001  5.54979533921575E+0000
1.480  1.48000061064273E+0000  1.48000061064225E+0000  1.83672172142237E+0001
1.847  1.84700020000000E+0000  5.65299980000000E+0000  1.31949402125347E+0001
2.353  2.35300021545077E+0000  5.14699980000000E+0000  1.73335309005184E+0001
1.642  8.35543748842981E+0000  5.73527959821636E+0000  1.23416104984444E+0001
1.062  5.00753299435855E+0000  3.22640677280580E+0000  4.48793238528664E+0000
2.411  7.58899980000000E+0000  2.41100020000000E+0000  7.14103414367152E+0000
1.382  8.59692759895512E+0000  6.09737896092701E+0000  1.53630554579232E+0001
0.569  3.88863296791806E+0000  6.74145213315894E+0000  4.05411957752296E+0000
1.023  8.97327607264633E+0000  6.47180095405451E+0000  9.85284291396950E+0000
0.505  2.92923684963578E+0000  6.76563277964223E+0000  6.79278536770873E+0000
1.951  5.00109876019325E+0000  5.54693564232838E+0000  1.96289495755215E+0000
0.485  5.70038913224950E-0001  6.92996116174776E+0000  3.16117860425267E+0000
1.362  5.03243148823948E+0000  1.37651377582382E+0000  9.78348351798259E+0000
0.571  3.30720623549485E+0000  6.53611689846640E-0001  4.69324654304416E+0000
2.080  7.90306451021341E+0000  2.08686493396221E+0000  1.16833471739587E+0001
1.903  5.42095830234569E+0000  5.59699980000000E+0000  1.43290436048115E+0001
1.738  8.26199980000000E+0000  5.76199980000000E+0000  4.78899739377145E+0000
1.532  8.46799977770817E+0000  5.96799961958950E+0000  1.53200020000000E+0000
2.293  2.29454434691953E+0000  2.30410951518034E+0000  2.40600807189481E+0000
0.616  9.21046433895220E+0000  7.89137214988180E-0001  4.78208366749275E+0000
0.597  5.04679906902340E+0000  7.30743140401620E-0001  1.18599096573930E+0001
1.762  4.95933199456066E+0000  1.79104019670870E+0000  1.41772473832148E+0001
0.963  9.86001034555630E-0001  6.53214252737177E+0000  1.06584929178611E+0001
1.011  5.00480198234134E+0000  1.01556997074354E+0000  1.01517965562651E+0000
0.934  9.06599979912094E+0000  6.56599979247181E+0000  1.89132172183617E+0001
1.480  1.48301119247282E+0000  6.01948511999788E+0000  8.19551998690450E+0000
1.847  8.13392145863323E+0000  2.87611827886183E+0000  1.55608508400076E+0001
2.353  5.01911092509642E+0000  5.09541929174764E+0000  1.01218503519456E+0001
1.642  1.64200046646894E+0000  1.64200051164840E+0000  1.52536342774399E+0001
1.062  8.90469207788014E+0000  4.36905438618928E+0000  9.72662342343691E+0000
2.411  2.46981450026850E+0000  2.41100020000000E+0000  7.12340380678529E+0000
1.382  8.54603264688268E+0000  1.41023956513417E+0000  1.84368794502102E+0001
0.569  6.11147046268658E+0000  6.74174161791953E+0000  4.05483100517157E+0000
1.023  8.93172648043099E+0000  3.84460715756174E+0000  1.87210853642937E+0001
0.505  5.89116994708219E+0000  6.87337766317551E+0000  7.94131026065676E+0000
1.951  5.18025867271784E+0000  1.95100020000000E+0000  1.78962170064610E+0001
0.485  5.96932641585160E-0001  6.90294966822981E+0000  6.49917827587817E+0000
1.362  7.75631259523473E+0000  6.12800874933375E+0000  7.82747442610478E+0000
0.571  7.10297977956870E-0001  6.78970207659423E+0000  1.52791876602170E+0001
2.080  2.11949484685358E+0000  2.08000020000000E+0000  1.15884681793822E+0001
1.903  6.60909693016676E+0000  5.53002748816436E+0000  1.79442172329579E+0001
1.738  1.73800020000000E+0000  5.76199980000000E+0000  4.78899738200190E+0000
1.532  1.53200024760648E+0000  5.96799970626233E+0000  1.53200020000000E+0000
2.293  7.70544526518386E+0000  2.30474480275231E+0000  2.42397464329690E+0000
0.616  7.92388330335820E-0001  7.94348331545760E-0001  4.78838642849869E+0000
0.597  3.07141358948200E+0000  6.84990394902140E-0001  1.68824352238153E+0001
1.762  5.00000003009194E+0000  5.73799980000000E+0000  6.05737580494746E+0000
0.963  4.99602867863937E+0000  9.67727253822320E-0001  3.64817334275664E+0000
1.011  1.01335588004178E+0000  4.61029531148122E+0000  1.01972659115940E+0001
 1.98472174329579E+0001
