1.507  1.57717906247069E+0000  5.97074734597878E+0000  1.53096959983938E+0000
1.380  5.60948359031120E+0000  6.11993091915329E+0000  1.38010096262152E+0000
1.489  8.51099979424365E+0000  1.51300578051258E+0000  1.48900020000000E+0000
1.564  1.56400031142558E+0000  1.56400031825388E+0000  1.56400643126643E+0000
1.615  8.38499962861354E+0000  5.88499937228380E+0000  2.48110195164651E+0000
1.324  5.46574908838725E+0000  1.32400024849188E+0000  1.32400023263151E+0000
1.463  3.81128322344116E+0000  1.46300020000000E+0000  3.62853940114884E+0000
1.296  6.72968053966865E+0000  1.29600022136779E+0000  3.61879774016555E+0000
1.598  8.39463830249616E+0000  2.36707670397219E+0000  5.73507060934529E+0000
1.590  6.26971273603884E+0000  4.10393728761277E+0000  4.10141332153946E+0000
1.507  3.83838246182503E+0000  5.99299980000000E+0000  3.70996322256546E+0000
1.380  5.44264429862178E+0000  1.49251776250400E+0000  5.95672347654888E+0000
1.489  3.75124478808742E+0000  3.80735047437968E+0000  5.84772344521691E+0000
1.564  1.56400020000000E+0000  5.93599974261013E+0000  5.77272346455184E+0000
1.615  8.38499980000000E+0000  5.88499969422201E+0000  5.72172340358761E+0000
1.324  5.47495496805877E+0000  6.17599978461926E+0000  6.01272347174162E+0000
1.463  1.49214927984314E+0000  3.81476860469483E+0000  3.60161128458637E+0000
1.296  6.83217184166370E+0000  3.72671657271562E+0000  1.29600021043768E+0000
1.598  1.59800020000000E+0000  1.59800024595745E+0000  5.73872346095860E+0000
1.590  3.85142217152171E+0000  3.73534660348003E+0000  1.59000020000000E+0000
 7.33672367654888E+0000
