1.844  8.15599980000000E+0000  1.84400020000000E+0000  1.09385491403868E+0001
0.698  8.91411789636730E+0000  4.17834409099164E+0000  1.66022762947622E+0001
1.111  5.73820786312472E+0000  3.85217700906692E+0000  1.56490683922079E+0001
1.570  1.57000034292233E+0000  3.42999979480075E+0000  2.87337514931920E+0001
1.568  4.99999999351520E+0000  1.56800020000000E+0000  5.48754943963441E+0000
0.851  8.74321805422728E+0000  9.30909870500190E-0001  2.77761618657506E+0001
1.632  8.34583567399384E+0000  1.63200020000000E+0000  1.71842544743423E+0001
1.741  5.15856065960974E+0000  3.25899980000000E+0000  1.26460688699459E+0001
1.822  5.43120846090208E+0000  3.17799972823300E+0000  1.85905496341730E+0001
0.692  4.99999839476944E+0000  4.01120935034698E+0000  8.30034072567540E-0001
1.351  4.04554697721777E+0000  3.64899978643415E+0000  2.51628969282439E+0001
2.395  7.55761577042349E+0000  2.39500021234539E+0000  2.48088101483654E+0001
2.476  2.47600020000000E+0000  2.52399980000000E+0000  2.47600020000000E+0000
0.926  5.04020325724226E+0000  3.96854004851756E+0000  4.54224504078600E+0000
1.648  8.35199980000000E+0000  3.35199980000000E+0000  2.86557515170620E+0001
1.125  3.53553167197007E+0000  3.77201881194457E+0000  6.47447696131609E+0000
2.056  2.05600020000000E+0000  2.05600031927665E+0000  2.01358571191974E+0001
1.357  5.68928678499232E+0000  3.61780416631050E+0000  2.17520357898031E+0001
1.986  4.90185049948108E+0000  2.06036276063060E+0000  2.83018973340609E+0001
0.661  9.26809264709184E+0000  4.27195379107215E+0000  2.66278544315874E+0001
1.844  8.15599980000000E+0000  1.84400020000000E+0000  2.06485866121759E+0001
0.698  4.99999709351464E+0000  8.63466459865490E-0001  8.66972928644130E-0001
1.111  8.88899978274951E+0000  3.88899980000000E+0000  1.86454103835879E+0001
1.570  4.07066947233793E+0000  1.57000020000000E+0000  2.31112210597732E+0001
1.568  1.56800020000000E+0000  3.43199980000000E+0000  2.34527623847186E+0001
0.851  8.97176635378684E+0000  9.08832436512130E-0001  5.11900432116457E+0000
1.632  1.63407856031337E+0000  1.63215811618928E+0000  6.39682570080336E+0000
1.741  8.25899980000000E+0000  3.25899980000000E+0000  1.42308727814326E+0001
1.822  1.82200020000000E+0000  2.65317993267226E+0000  1.15527627307286E+0001
0.692  7.61469970105400E-0001  4.20937181387959E+0000  2.13706689718152E+0001
1.351  1.35163176026742E+0000  3.64885529792794E+0000  8.57679087286044E+0000
2.395  2.44762336731512E+0000  2.39500032886220E+0000  1.57150975758885E+0001
2.476  7.52399980000000E+0000  2.52399980000000E+0000  2.47600020000000E+0000
0.926  1.06487679600824E+0000  9.73146007974180E-0001  2.91836745822775E+0001
1.648  2.01373319276489E+0000  1.64800020057392E+0000  2.60911949073499E+0001
1.125  1.16170724295040E+0000  1.14353850450110E+0000  9.08964670512947E+0000
2.056  4.73982659021004E+0000  2.05600036308419E+0000  9.06910560117663E+0000
1.357  6.03491941406447E+0000  1.36304973370221E+0000  1.52776920630107E+0001
1.986  8.00971210726609E+0000  3.00819891485242E+0000  6.88866902915756E+0000
0.661  6.63884797922750E-0001  4.33611523546057E+0000  6.63884797957940E-0001
 3.03037517170620E+0001