2.361  5.07775319798170E+0000 -5.70707800765884E+0000  2.36100023200911E+0000
2.392  3.28730727899501E-0001  7.60089447737060E+0000  3.40597284546676E+0000
2.275  7.91079512714701E-0001 -3.81082214495188E+0000  2.28212889930516E+0000
2.251 -4.05612683613715E+0000  6.60263831574790E+0000  2.25100021765904E+0000
2.498 -2.80419542140331E+0000 -6.95819580054610E+0000  2.49800022132065E+0000
2.311 -6.94646729401016E+0000  3.29656028025590E+0000  3.48697273242936E+0000
2.264  2.14794954251980E+0000  3.46995253622200E+0000  2.26400024046409E+0000
2.453  7.00800087414130E+0000  2.80090836757680E+0000  2.64719545945056E+0000
2.167 -7.75458669043984E+0000 -1.10556363087216E+0000  3.63097262996905E+0000
2.306  7.46576450247860E+0000 -1.86010570288305E+0000  3.49197287076196E+0000
1.517  3.78031183595780E+0000 -2.58021948102563E+0000  4.27593668816429E+0000
1.432 -7.29530459713139E-0001 -5.30735560301659E-0001  1.43200020000000E+0000
1.498 -5.21492712184064E+0000  5.29041263205899E-0001  1.50591452738190E+0000
1.866  4.00109233151650E+0000 -1.99429044678050E-0001  1.86600020000000E+0000
1.773  1.07841073116870E+0000 -1.70920145576048E-0003  4.02497287994036E+0000
1.925 -6.58413429678401E+0000 -4.66397404552042E+0000  1.93824558160407E+0000
1.987  4.75804926720160E+0000  6.44741231756680E+0000  3.81097174209558E+0000
2.043  1.47354800266410E+0000 -7.81936707063206E+0000  3.75497283269966E+0000
2.427 -2.29223385703533E+0000  2.41718363614550E+0000  3.37097282493714E+0000
2.339 -3.40114596805596E+0000 -2.25535042482309E+0000  3.45897286827984E+0000
R=10 h=5.79797307994036E+0000