0.733  6.90202889722054E+0000  7.34733050149820E-0001  7.33256040834090E-0001
0.949  5.50505548718172E+0000  2.44765589855631E+0000  9.49000263627550E-0001
0.644  7.28699536825570E+0000  4.35599952255471E+0000  1.85472516443219E+0000
0.758  9.24199934269590E+0000  4.24125055685467E+0000  1.74072509011907E+0000
0.808  4.33100354402844E+0000  8.08000269849560E-0001  8.08000263541970E-0001
0.629  6.29000214921080E-0001  3.67983794529690E+0000  6.29000243134240E-0001
0.802  9.19799980000000E+0000  1.93207231165649E+0000  1.69672534823827E+0000
0.631  4.40753022631486E+0000  1.77848918643654E+0000  1.86772533715696E+0000
0.735  9.26497028080524E+0000  7.35001825618450E-0001  7.35002227063390E-0001
0.812  5.69174779369646E+0000  8.56159807763990E-0001  1.68643427711240E+0000
0.774  3.65459270820346E+0000  2.23770250791515E+0000  7.74000246457320E-0001
0.869  5.41509717932175E+0000  4.13099980000000E+0000  1.62972533508397E+0000
0.688  6.88000220934000E-0001  4.31199969750721E+0000  1.81072531083720E+0000
0.737  9.26268076629612E+0000  3.13346032393980E+0000  7.37011380054180E-0001
0.689  6.65591719741406E+0000  4.20713140053604E+0000  6.89401640842800E-0001
0.650  2.86564639580442E+0000  2.73800954279896E+0000  1.84872531180083E+0000
0.973  9.73000688957720E-0001  9.73000291409130E-0001  9.73000523249230E-0001
0.745  8.11623126805611E+0000  4.25499966941731E+0000  7.45000241732450E-0001
0.779  6.94542956571627E+0000  1.88436958587816E+0000  1.71972510470542E+0000
0.785  8.09292209356788E+0000  3.07096851118053E+0000  1.71372532734612E+0000
0.995  2.16173105647165E+0000  3.99879334731938E+0000  1.06071888784890E+0000
0.639  6.62309999192743E+0000  3.25813418396641E+0000  1.85972536589178E+0000
0.694  4.25913393078376E+0000  3.09364580134510E+0000  1.80472466435896E+0000
0.928  2.77732724244744E+0000  9.42331205075410E-0001  1.57072368481746E+0000
0.842  8.42013971598610E-0001  2.64918339766300E+0000  1.65672528759653E+0000
0.677  7.07622008468667E+0000  2.90078224005081E+0000  6.77000200000000E-0001
0.759  2.10985019845597E+0000  2.26203235928430E+0000  7.59000371312570E-0001
0.794  8.07909623275749E+0000  7.94000204258740E-0001  1.70472534951373E+0000
0.709  8.05459909381170E+0000  1.91958518879499E+0000  7.09000201583900E-0001
0.814  3.94402344984864E+0000  4.18599967489050E+0000  8.14000210414140E-0001
 2.49872556589178E+0000