2.088  7.91199973662553E+0000  2.25658981858168E+0000  2.08800022886627E+0000
1.609  5.09378921818337E+0000  3.12295742597084E+0000  1.60009834353576E+0001
1.513  8.48699980000000E+0000  1.51300028090639E+0000  1.95499598726813E+0001
2.259  7.74099980000000E+0000  5.20921252716840E+0000  1.38602914548178E+0001
1.310  8.61230002022721E+0000  1.34783919411989E+0000  5.31377086264614E+0000
2.365  7.59607356970683E+0000  5.13462075306044E+0000  1.84851524118157E+0001
2.410  2.42334834871999E+0000  2.41619684529267E+0000  8.74678199532472E+0000
1.700  8.09630867461638E+0000  1.70208705464886E+0000  1.63625818972500E+0001
1.545  8.45499980000000E+0000  5.95499980000000E+0000  1.01990861455576E+0001
2.061  2.06100020000000E+0000  2.06100020000000E+0000  2.06100020000000E+0000
1.815  5.03476553080822E+0000  5.66219559868438E+0000  1.06089633042528E+0001
1.809  1.80900021780544E+0000  4.80892881041383E+0000  4.77435374488775E+0000
1.544  8.45599979717661E+0000  1.54400020000000E+0000  1.31407042536490E+0001
2.146  7.67228857679245E+0000  5.35399980000000E+0000  5.25524663195348E+0000
1.286  1.28600022609475E+0000  6.21399980000000E+0000  7.48198627636264E+0000
2.088  4.95600622091063E+0000  2.08800026044724E+0000  5.03293817685927E+0000
1.609  8.39099980000000E+0000  5.89099980000000E+0000  1.60900020000000E+0000
1.513  1.51300020000000E+0000  1.51300020550318E+0000  1.28909757980143E+0001
2.259  2.25900020000000E+0000  5.19651738296435E+0000  1.39455210421919E+0001
1.310  1.35420347680399E+0000  1.35545890262535E+0000  5.31346682684820E+0000
2.365  2.76575172770424E+0000  5.13499980000000E+0000  1.85641406935672E+0001
2.410  7.50047872869308E+0000  2.41000020000000E+0000  8.72806785681539E+0000
1.700  4.30387526768516E+0000  5.74085558934505E+0000  7.12561545520304E+0000
1.545  1.54500020000000E+0000  1.54500020000000E+0000  1.95179599659946E+0001
2.061  4.98686396476651E+0000  2.20871666129631E+0000  1.24200958116113E+0001
1.815  1.87640222556350E+0000  1.81500020045846E+0000  1.61852620376611E+0001
1.809  5.19147946366899E+0000  1.80900020000000E+0000  1.92539599243838E+0001
1.544  1.54400029178385E+0000  5.95599976360557E+0000  1.02883672627889E+0001
2.146  4.71359725884935E+0000  5.35399940474290E+0000  2.14600020000000E+0000
1.286  5.02886479710940E+0000  6.21399980000000E+0000  1.59101093931220E+0001
 2.10629601659946E+0001