0.970  4.11420600573000E+0000  9.70824432326870E-0001  9.70513537497840E-0001
0.875  4.96229869377928E+0000  2.72352124503312E+0000  8.80066924173840E-0001
0.953  9.53130130367280E-0001  9.53316194881510E-0001  1.05776826713409E+0000
0.679  2.08249522386463E+0000  4.32003806544692E+0000  2.18226452976579E+0000
0.970  9.90422991593990E-0001  9.70033918433470E-0001  2.98111381239242E+0000
0.875  4.68602482747761E+0000  2.78141710290554E+0000  3.47377847878063E+0000
0.953  9.04671968301386E+0000  9.53267097352070E-0001  3.03621299247185E+0000
0.679  7.52776362012301E+0000  7.06957930946660E-0001  3.63624087582114E+0000
0.970  9.02514156152339E+0000  4.02931310522655E+0000  3.37328862708862E+0000
0.875  7.52559323334805E+0000  8.75367029200570E-0001  2.02422666968662E+0000
0.953  6.36724875241661E+0000  4.04692456268245E+0000  3.39564788492003E+0000
0.679  4.91487884466886E+0000  1.78617975793597E+0000  2.15982060363980E+0000
0.970  6.04280585099192E+0000  1.20436951559944E+0000  9.72999453925590E-0001
0.875  6.20773630627278E+0000  2.64864449193922E+0000  2.12857708922574E+0000
0.953  2.24399159606607E+0000  2.35198631113124E+0000  9.53074756773490E-0001
0.679  9.32074879759426E+0000  2.43341180340082E+0000  3.66874880694525E+0000
0.970  1.00212261233487E+0000  4.02993426925115E+0000  9.70069839008540E-0001
0.875  8.75138755431490E-0001  2.60697292959266E+0000  2.13765920330766E+0000
0.953  3.12119888655928E+0000  4.04673012902521E+0000  9.53164790049900E-0001
0.679  6.79087800750010E-0001  2.43571127330906E+0000  3.66978744021039E+0000
0.970  9.79075710311710E-0001  4.02991926561182E+0000  3.37321580727840E+0000
0.875  9.12471946099841E+0000  2.56607930940287E+0000  2.02428307459178E+0000
0.953  6.00789545758708E+0000  9.53060554765510E-0001  3.04037767907512E+0000
0.679  4.70844858615024E+0000  4.31665480135255E+0000  6.80234079635240E-0001
0.970  3.18537017738904E+0000  4.02986905466246E+0000  3.37395851602482E+0000
0.875  2.71466498059993E+0000  1.03646446973864E+0000  2.17849459887047E+0000
0.953  7.75530670177781E+0000  2.34397756831698E+0000  3.21520638362105E+0000
0.679  4.78162487750085E+0000  4.32056278314886E+0000  3.66921409230353E+0000
0.970  9.02970878250417E+0000  1.05194132437941E+0000  9.70210665405090E-0001
0.875  4.93086321179067E+0000  3.92891804309382E+0000  2.17061507532270E+0000
0.953  2.28471143596324E+0000  2.33085711391885E+0000  3.39572782300571E+0000
0.679  2.46108480187020E+0000  6.79458689484800E-0001  3.66964783710205E+0000
0.970  7.62035789198682E+0000  2.38736012883475E+0000  9.70212744133940E-0001
0.875  7.67176052157383E+0000  3.81741191040443E+0000  2.13569117520090E+0000
0.953  9.04688027622567E+0000  4.04654827522156E+0000  9.53128212130030E-0001
0.679  2.51697290362779E+0000  6.79179069752760E-0001  6.79048846155870E-0001
0.970  4.11481647312985E+0000  9.73999581476340E-0001  3.37856277522822E+0000
0.875  3.65762204394651E+0000  2.69451486092032E+0000  2.06041388148977E+0000
0.953  6.29571594136678E+0000  4.04653045176193E+0000  9.53364578343490E-0001
0.679  6.19119345358677E+0000  2.44769216230345E+0000  3.66974924216616E+0000
 4.34878764021039E+0000
