1.518 -2.28296065353880E-0001 -5.07259300858043E+0000 -8.98535674754320E-0001
1.463  1.30948176252132E+0000 -1.06409156616839E+0000 -4.93091321166909E+0000
1.513  8.44884529862160E-0001  5.33661074971160E-0001 -2.46354311275836E+0000
0.780  1.27811735883124E+0000 -1.71659189037630E+0000 -1.93876811479071E+0000
0.567  1.14628261748288E+0000  4.93971470466445E+0000 -3.26564231616252E+0000
1.982 -4.41567684087599E+0000 -1.03845057121141E+0000  1.20169068005478E+0000
1.934 -1.74026780592329E+0000  1.75496104885288E+0000  2.05296761066290E-0001
0.829  2.48141740296114E+0000  5.22129925183912E+0000  8.02523987347880E-0001
1.609  2.56634340974531E+0000  3.09397846405956E+0000 -3.08247220385233E+0000
0.600 -4.42421963131169E+0000 -1.00101408922854E+0000  3.92358258890975E+0000
0.673  5.76878130254735E+0000 -7.25069770583000E-0001 -1.40321867137421E+0000
1.327  1.36795726378131E+0000 -1.75750640222352E+0000  2.93020563957581E+0000
1.422 -1.08109194527774E+0000 -1.07487930775594E+0000  1.88465218748004E+0000
0.764  1.33311853774507E+0000 -5.72340249870136E+0000  6.33116344051850E-0001
1.367 -2.81312373097737E+0000 -2.39375131268830E+0000  3.81143957357664E+0000
1.598  1.19584124492101E+0000 -3.65839922556734E+0000 -3.31030297107508E+0000
0.916  3.17485143795018E+0000 -2.00991266618036E+0000  4.36373944961138E+0000
1.080  3.12772672405600E+0000  6.80489802303360E-0001 -4.58846201960746E+0000
1.480 -3.79221351312384E+0000  1.48170014568570E+0000 -3.22609874384624E+0000
1.741  2.83291942598650E+0000 -4.01705739639038E+0000 -4.22351534451330E-0001
1.104 -1.40161251268317E+0000 -4.38290947038589E+0000 -3.13964109702447E+0000
1.348  3.67817754157122E+0000 -3.01509534196632E+0000  2.39855005135664E+0000
1.747  2.64611601183200E-0001  4.52413867260565E+0000  1.93482411133380E+0000
1.755  4.08662845353385E+0000  5.07827419344500E-0002  2.73852279103210E+0000
1.266  1.04039116577967E+0000  1.64921751750039E+0000 -5.04487776499785E+0000
1.495 -1.43456784705784E+0000  4.28459439976210E-0001 -4.95851308267374E+0000
1.141 -3.28523507208500E-0002  1.06168882904469E+0000  5.43071271029332E+0000
1.808 -2.61307490609227E+0000  7.93647698213540E-0001  4.02813979798352E+0000
1.316 -4.49372655439292E+0000  2.17270124383646E+0000  1.94950070269677E+0000
0.619  4.93371618830227E+0000 -3.17146735434612E+0000 -1.32473095691726E+0000
1.360 -3.51771363999801E+0000 -1.29251110515437E+0000 -3.76832111913400E+0000
0.532 -2.63238997079236E+0000  2.31093957580552E+0000 -4.93161361477685E+0000
1.821  3.74392475590821E+0000 -1.45530396105089E+0000 -2.72446371401743E+0000
0.698  3.44119389769564E+0000 -3.97826707246625E+0000 -2.80888705378347E+0000
1.652  1.98134548792442E+0000 -7.68126049542320E-0001  1.88066795970390E-0001
0.605  1.65281054532495E+0000 -5.45045400622196E+0000 -1.97206734886825E+0000
1.431 -3.40054156164580E-0001 -3.86180354851758E+0000  3.53077074925678E+0000
1.918 -1.35148861161107E+0000 -1.85706176941869E+0000 -1.35119088732332E+0000
1.241 -3.64900783935994E+0000  3.68109463020646E+0000 -1.63047971416783E+0000
1.247  3.51993718261770E-0001 -3.14347410504025E+0000  9.95406806254890E-0001
0.903  3.11785125465443E+0000  1.76328865585397E+0000  4.52563318729637E+0000
0.936 -3.23891687000850E+0000 -3.49808680943690E+0000 -3.19445051489794E+0000
1.426 -4.89172275664130E-0001 -1.43176539272957E+0000  5.02580587313366E+0000
1.147 -2.80850339389518E+0000 -4.55331325167988E+0000 -1.39074892767956E+0000
0.746  1.71427702037348E+0000  1.77354852991266E+0000  5.39112805724054E+0000
0.779 -2.11571713641847E+0000  5.28045335612128E+0000  1.54644214306148E+0000
1.350 -1.68853442995072E+0000  5.02253376464671E+0000 -5.23956158277480E-0001
1.191 -5.10591577339532E+0000 -4.98090251510580E-0001 -1.93689711174679E+0000
0.912  2.15520242764062E+0000 -3.57688744495849E+0000  3.97098459033074E+0000
0.939 -2.27832490582550E-0001 -5.44923017504466E+0000  1.63113990158326E+0000
1.229 -5.98569605384920E-0001  3.12801961534835E+0000  4.41723197441571E+0000
1.136 -3.64542397122350E+0000  4.10930765525576E+0000  7.07628914270880E-0001
1.309  2.00601543748089E+0000 -2.16946376802690E-0001  4.97178721835403E+0000
1.119  1.73754910228545E+0000  3.20307810049646E+0000  4.19357590063562E+0000
1.189  1.77777305209974E+0000 -4.68711021570837E+0000  2.22766701457452E+0000
1.210  3.48148373516228E+0000  4.16315061337604E+0000 -6.39900512476650E-0001
0.934  4.47766051540466E+0000  1.43013819441194E+0000 -3.29544073682830E+0000
0.566  3.01171982748152E+0000  9.32467341983810E-0001 -2.41126576531668E+0000
1.430  1.02934935426673E+0000  5.02175283681027E+0000 -1.10834668947832E+0000
0.850  1.59871181649759E+0000 -2.33548189986469E+0000  5.09075417229568E+0000
0.612 -4.29230913398210E+0000 -3.27991001636819E+0000  2.64500831905785E+0000
0.829 -3.25073335354027E+0000  1.25730138968410E-0001 -1.43734626981964E+0000
1.609  8.51006296392530E-0001  1.17103242135016E+0000  2.58748114815281E+0000
0.600  1.11065703712931E+0000  3.56426729413863E+0000 -4.75267809309358E+0000
0.673 -4.99561269131525E+0000  6.45878451901620E-0001  3.21926448965842E+0000
1.327 -2.55608334310760E+0000  3.71041499179715E+0000  2.88032146757139E+0000
1.422  4.94017707129979E+0000 -1.76338187321731E+0000  2.74056330220060E-0001
0.764 -4.64085944011103E+0000 -3.63741768306448E+0000  3.09000487212550E-0001
1.367 -1.16373318296772E+0000 -2.39681859891027E+0000 -4.59039963498210E+0000
1.598  3.35242466345615E+0000  3.24001291484388E+0000  2.00887810328304E+0000
0.916 -1.62949737649630E+0000  6.86644954528120E-0001 -2.56931482194779E+0000
0.619  5.90142561468743E+0000 -4.85736568001000E-0002  1.10065807027386E+0000
1.360 -4.99775914265180E+0000  1.69265853551619E+0000 -6.34389652328330E-0001
0.532  9.68808855394690E-0001 -2.67490396152805E+0000 -8.31901974538010E-0001
1.821  4.62751249812428E+0000  1.35875044772607E+0000 -5.45445134865400E-0001
0.698  5.31173722369529E+0000  2.00188231561866E+0000  1.82051396105707E+0000
1.652 -2.51302260461793E+0000 -4.13048992533607E+0000  1.36030818738831E+0000
0.605  2.73439601152222E+0000 -2.65164429942698E+0000 -4.66976679499707E+0000
1.431  1.54206326868840E+0000  2.34196120421445E+0000 -2.47434047762890E-0001
1.918 -9.47619919823990E-0001  3.35552543379700E+0000 -3.23540707605407E+0000
1.241 -4.41383621168101E+0000 -2.78907628555360E+0000 -1.50442073368916E+0000
 6.67461595041400E+0000