2.265  7.73499980000000E+0000  7.22548482151703E+0000  9.36782253810638E+0000
1.880  8.11999973520528E+0000  1.88000194630524E+0000  1.56550789946112E+0001
1.554  1.55400020049568E+0000  5.11798111797674E+0000  1.20678949443801E+0001
2.265  2.37646010267665E+0000  7.73499971602360E+0000  9.41091591133016E+0000
1.880  5.05141512699625E+0000  1.88000020000000E+0000  5.32239741468886E+0000
1.554  5.78899868721222E+0000  8.43106339054598E+0000  1.59357285434752E+0001
2.265  2.91547915426780E+0000  7.68023940654581E+0000  2.26500020000000E+0000
1.880  5.02754239574378E+0000  8.11999967688500E+0000  5.80432650710918E+0000
1.554  8.44599980000000E+0000  8.44599980000000E+0000  1.33498581404395E+0001
2.265  7.73499978611662E+0000  2.45416244117908E+0000  9.36863563107501E+0000
1.880  1.88000020000000E+0000  5.05690493755236E+0000  5.30258614601395E+0000
1.554  8.44599980000000E+0000  6.79181011022911E+0000  1.59810789892914E+0001
2.265  7.44091509298649E+0000  7.47693270727729E+0000  2.26500020000000E+0000
1.880  8.11999488122387E+0000  4.84039779689843E+0000  1.27359373908879E+0001
1.554  5.11634531554197E+0000  5.10902308900542E+0000  4.15554078704118E+0000
2.265  7.63712918105020E+0000  2.95118369610797E+0000  2.26500020000000E+0000
1.880  8.11860994942321E+0000  5.02382818562988E+0000  5.82493747847577E+0000
1.554  1.55400023182015E+0000  1.55400023229357E+0000  5.94648292869405E+0000
2.265  2.26500029865337E+0000  2.26500020000000E+0000  9.63073619823631E+0000
1.880  5.59322294378680E+0000  1.88000022870657E+0000  1.28706576364371E+0001
1.554  4.77736174612511E+0000  4.87123178303237E+0000  1.11890816578147E+0001
2.265  2.27920919046889E+0000  2.26500020000000E+0000  2.26500020000000E+0000
1.880  5.70238486475588E+0000  4.75943005882953E+0000  1.56145173649290E+0001
1.554  1.55400021129870E+0000  8.44599980000000E+0000  5.74993207083297E+0000
2.265  2.26500020000000E+0000  2.46884551123484E+0000  1.52700790161551E+0001
1.880  5.14137500103747E+0000  8.11999979949312E+0000  1.24749082571743E+0001
1.554  8.44599980000000E+0000  8.44599980000000E+0000  5.81964187328367E+0000
2.265  2.26500020000000E+0000  7.07380834914420E+0000  1.52700790373179E+0001
1.880  4.82467571813980E+0000  4.83952753158984E+0000  7.63051143415080E+0000
1.554  8.44599980000000E+0000  1.55400021546026E+0000  5.72597848794133E+0000
 1.75350792373179E+0001