262.9103644533
128.569207677154 222.425030585235 0 5.99999993999836 
-148.513031073951 207.179085689674 0 7.9999999199644 
-240.15465933178 -57.3625790346875 0 16.0000044596015 
-123.275873134494 212.77915416041 0 16.999995940393 
44.6877115072144 253.482643136798 0 4.99999995004151 
-249.440587362187 75.3899788961099 0 1.9999999800305 
-220.55849199628 -135.26802746088 0 3.99999995997967 
-260.738932716718 7.03563187879358 0 1.9999999800305 
-96.1450742879457 238.241600028602 0 5.9999999400011 
223.920792466237 123.893475900104 0 6.99999992995944 
-239.205716381702 -18.3741212921974 0 22.9999997692655 
237.392239897956 -51.4817413505557 0 19.999999800072 
-51.9570791418209 232.167617201993 0 25.0000020298825 
237.129389135372 42.5141931011548 0 21.9999997813054 
-236.071410471465 29.523432147099 0 24.9999950118912 
-141.245881080491 177.042919440998 0 22.999999769751 
80.8430568262535 -229.06297260607 0 19.9999998000728 
221.759970544221 -91.5396009773053 0 22.9999997698001 
-182.193927932696 156.084450564135 0 22.9999997697914 
195.78282468904 136.903281595345 0 24.0000044981681 
-84.0552504453577 188.742882448016 0 28.9999997098879 
151.567645649449 172.875749096935 0 32.9999996700333 
177.059752546549 -51.2856130155076 0 34.9999996503225 
-215.397876296059 -93.7370489489928 0 27.9999997200887 
-91.4449936959093 32.468881377882 0 36.0000027595771 
34.1123538286627 -43.9594288372004 0 35.9999996400678 
34.0473476939276 -233.440510411785 0 27.0000132895331 
217.586985830274 88.5369382089939 0 27.9999861604583 
236.846861827635 -5.48497493737273 0 25.9999997400392 
184.399629282762 23.6575665891462 0 33.999999659992 
84.9120653739222 205.016587744453 0 40.9999995900196 
-30.0904306644599 -222.888398513296 0 37.9999996200148 
-172.707968654676 -144.07163130064 0 37.9999881201896 
9.7048610270166 225.701801963827 0 37.0000111298957 
178.163525090227 -135.623043071739 0 38.999999609907 
121.012629489535 -187.22512651109 0 37.99999962003 
149.589349188645 89.102162804857 0 39.9999995999764 
-43.731777801432 -30.4949923693989 0 42.999999570059 
-14.5035688053637 50.3858603658718 0 43.0000035698527 
-22.8499554410898 150.823075489726 0 42.9999995700553 
-40.4729728554394 -131.248044761535 0 45.0000115096268 
-196.742872378054 88.6357432132117 0 45.9999995399396 
60.4022586227706 107.175980861678 0 51 
100.104597394144 12.7329323501693 0 51 
-169.037923683434 -2.23469283317819 0 49.000002189916 
-106.54521866717 115.100495123252 0 47.9999995200652 
-105.885786967833 -191.598402853146 0 43.9999995600367 
-116.668845584619 -81.4967752949908 0 45.9999875803588 
42.6827373114938 -162.967594538154 0 43.9999995600694 
102.352249141564 -92.9422477680002 0 47.9999995200414 
