267.900194173035
-200.461739849719 168.543163597754 0 5.99999994162852 
256.836644651417 -68.8320158835937 0 2.00000028727407 
170.660428323903 -48.0951358136648 0 17.0000001690994 
94.187969084714 243.305432688519 0 6.99999944387698 
49.5791569039433 -186.572842309189 0 7.9999995853491 
251.716091157394 77.4609390506942 0 3.99999975696989 
148.772796267995 215.542019638235 0 5.99999994162803 
262.584680657218 12.8760491284391 0 5.00000041195782 
-67.0322616341267 257.312231241758 0 2.00000028727407 
182.717551218796 -173.401268203616 0 16.0000001749421 
244.329147696786 41.9257490322676 0 20.0000021657012 
-235.208381297768 -68.2138005518461 0 22.9999997697499 
157.891983635837 184.582301303083 0 24.999999749231 
16.9389085399198 245.3160821126 0 21.9999974147173 
-166.141687453938 63.5671231582743 0 23.999999754889 
-51.6541959881756 -242.458966439007 0 19.9999998003226 
61.1886188306366 237.132996735535 0 22.9999997723182 
149.156796470084 -194.237883239193 0 22.9999997700719 
7.5056634909133 -30.9905744690195 0 25.0000020297153 
192.53095741722 151.353677348512 0 22.9999997732836 
-32.4763718165184 237.691793231622 0 27.9999997205411 
-153.883620866008 174.820874451036 0 34.9999861092729 
215.787595229377 107.091630983284 0 26.9999997304384 
-233.449317114688 63.3807573703811 0 25.9999997402819 
-48.9022433688797 -48.286525326523 0 34.0000132027405 
-124.715112415149 106.970339426738 0 36.0000027592736 
101.537679680145 198.30062330271 0 32.9999996701856 
-60.9032755585344 -111.983036502579 0 27.9999997318391 
-210.085653013552 -113.742346192798 0 28.9999996970102 
231.320907789049 -16.3810208617919 0 35.9999996384167 
59.5985280266372 99.7717304618101 0 40.9999995896825 
-92.0743521850676 211.747995276376 0 36.9999996348345 
211.060720085375 -88.5926986200652 0 39.0000110968611 
90.5913232605226 -211.299104586848 0 37.999999622992 
-70.4726217854253 -182.33520431765 0 42.9999995704895 
0.99689590446244 -140.132052820241 0 39.9999881100104 
-198.070913431885 116.71337844599 0 37.9999996174794 
139.664737919953 -128.924019950532 0 42.9999995706278 
-53.6892695615322 141.55835247895 0 43.0000035686362 
134.017973605134 126.281087203337 0 37.9999996183864 
76.961148754558 14.521866825109 0 45.9999995398174 
169.202380715624 44.5311176666523 0 51 
63.871008695541 -78.5622244815975 0 47.999999508396 
-9.26418583554972 46.6028815889387 0 45.9999995515774 
-197.348638155338 -4.63204302221224 0 51 
-126.753469877163 -74.0389751107504 0 47.999999520253 
-154.967016422233 -161.606067236769 0 43.9999995615729 
9.5339892004354 -223.697105154437 0 44.0000114913713 
-100.246971887971 19.2691483370948 0 49.000002190841 
25.9814593510908 178.929108471613 0 44.9999876174889 
