263.702128981327
33.1342262577696 -255.562906333363 0 5.99999989103277 
28.4219798434193 256.129587153287 0 5.99999998277307 
-260.030256826389 29.5305218957664 0 2.00000029454601 
168.197219183046 181.840637311107 0 16.0000002168268 
15.0445537000005 -261.268918076551 0 2.00000029454614 
245.294688467454 -75.6732598772136 0 6.99999949229497 
-198.240160597444 63.2041007310789 0 3.99999974482452 
161.16334418488 -134.270759170683 0 5.00000039095607 
180.409397803776 57.0798555890389 0 7.99999955975397 
190.138673552914 157.191625249149 0 17.0000001324456 
-122.606311145605 -56.870253042062 0 23.9999969365236 
-237.353387087707 -45.642991754321 0 22.0000006126809 
-146.946201419024 188.110383074218 0 25.0000010251253 
-186.218301849808 -152.513138139054 0 23.0000003987004 
-243.667280677421 -4.12028332506826 0 19.9999999252167 
133.747693276338 200.122634033922 0 22.9999998926789 
-107.450195571148 215.387950932438 0 22.9999995348306 
224.535240592594 -94.7345149209718 0 19.9999999305601 
118.154057852868 -209.706924960491 0 23.0000011470679 
171.306124481482 7.60671960207205 0 25.0000005966156 
-208.497202664356 98.7541650304288 0 32.9999998003437 
156.662356295884 -174.762349827946 0 28.9999991603721 
-182.846417346665 151.886428991781 0 26.0000010529643 
-231.856418658384 42.4039470531548 0 27.9999991956934 
201.792888012622 105.488807424565 0 36.0000014057683 
-35.4451109068676 94.5427919995119 0 35.0000085898509 
-59.3767945230791 229.133790827691 0 26.999999182449 
194.924647069293 -132.513040675047 0 28.0000001630708 
224.641173328999 37.2102963358491 0 35.9999915270914 
-141.514001988386 97.2533620856102 0 33.999999922396 
-96.7710090860776 -202.796502118875 0 38.9999926987272 
-20.3391108410857 -222.775588673381 0 39.9999992926216 
4.95602613501261 27.6760201284995 0 42.9999997907191 
41.7976700209841 105.385049136173 0 42.9999984516964 
-87.7665360611639 152.391485416911 0 43.0000029154656 
-200.912977579103 -93.3095198616658 0 38.0000048049982 
222.687819763996 -36.7639127627038 0 38.0000000482525 
74.1595669801666 213.170840746086 0 38.0000010652622 
38.8837222960579 -56.6473153173534 0 41.0000009647098 
56.5922417358424 -219.524880293781 0 36.9999999675474 
86.3010834152835 -136.691403337078 0 51 
125.474629345174 132.627772586517 0 44.9999975024608 
-90.6972056909943 38.078565951581 0 44.000004194413 
98.9066649848768 30.722054750968 0 51 
141.071799844146 -56.634121318189 0 45.9999979298327 
-50.4560443765029 -45.7644506405529 0 49.0000007749498 
-3.77540669600292 181.8317250667 0 45.9999983719839 
-172.17349324213 -4.64866616010971 0 47.9999999503501 
-125.209173574889 -124.820417448984 0 44.0000000771384 
-12.6862726671003 -135.108979766835 0 48.0000007247869 
