268.081070167489
-254.851299022921 -73.6222182695844 0 1.99999999855278 
-192.090871593465 10.1889098385243 0 6.99999990570583 
-4.29163729405088 -84.419251113872 0 17.0000005574157 
207.003267624608 161.847228925601 0 3.99999994815967 
-85.9169046604785 250.348831341279 0 1.99999999855278 
-146.39656573969 154.019391539872 0 8.00000044465375 
-146.166757069725 -215.887879364803 0 5.99999994089626 
-261.56631851998 -16.4177857671813 0 5.99999993909854 
46.07328525801 -247.83486170344 0 15.9999992931927 
192.522118303133 -179.295506756014 0 4.99999997377198 
-188.351880992709 -26.6927358362829 0 24.0000044955111 
164.366020746243 -114.397555722691 0 25.000002029839 
-89.7083301969476 17.7955894727981 0 22.9999997704908 
-74.0155508860549 156.551480670694 0 22.9999997704908 
197.061390898905 -150.701777333217 0 19.999999800114 
-173.544395683354 173.052228514962 0 22.9999997694404 
127.955286300527 210.198329941361 0 21.9999997805237 
-245.006010923949 -38.9393385350219 0 19.9999998001094 
-202.36735146719 134.669462603382 0 24.9999950129901 
-61.0529699113542 74.5799788312052 0 22.9999997704907 
12.5530106727938 -137.090738896497 0 36.0000011996154 
80.5706902524483 226.157653525933 0 27.9999997383636 
163.893757686993 175.435904472193 0 27.9999997201482 
216.214368967488 -108.878761728105 0 26.0000132778719 
-220.515312248898 78.5298964239089 0 33.9999996592153 
57.0009617947969 -35.4403942364731 0 36.0000011996145 
27.2233796019392 239.53909211888 0 26.9999861927914 
-119.520990706815 113.914976265822 0 34.9999996506272 
-234.718423587039 13.0526367181633 0 32.9999996707694 
232.357352059274 -56.3011474468789 0 28.9999996909831 
-45.8858593769036 -37.7564744644114 0 43.0000009032267 
70.8539331322618 -199.856539765157 0 37.9999996203497 
144.59220016966 -177.682955113757 0 38.9999996081319 
-119.012236582526 198.077114755837 0 37.0000111266703 
-68.2793049808419 -129.886475256097 0 43.0000009032253 
8.37467901005461 33.7955196699299 0 43.0000009032249 
-93.4145387765862 -210.264186819727 0 37.9999881245724 
-212.899298060766 -87.2421223257351 0 37.9999996204027 
-152.22962234404 42.5371112071116 0 39.9999996005712 
-130.24987066873 -64.4081721391415 0 40.9999995896248 
-2.88147702975674 130.044032923053 0 51 
193.238970241188 105.32985348787 0 47.9999995194845 
-41.1138128111048 220.277054063055 0 43.9999995601755 
222.430102891514 17.029936288875 0 44.9999875918186 
105.086116244306 51.5066517022086 0 51 
90.0045770767663 -114.075469247944 0 44.0000115182496 
148.124843480854 -40.5437371424685 0 49.0000021900512 
-157.87395853332 -153.334571683483 0 47.9999995200955 
93.4730362585052 149.507738617213 0 45.9999995404095 
-10.2168161373249 -221.845934377766 0 45.9999995398732 
