265.999910576066
44.4896025111011 258.467747185002 0 1.99999998445369 
-209.032992929504 -151.466875419566 0 5.99999994 
-238.27411807425 109.538920065354 0 1.99999998445369 
46.1400237882471 -85.1983003740135 0 15.9999992699232 
-90.3699610826329 -242.878424241668 0 3.99999995703087 
-247.400898319451 -70.8880099220672 0 8.00000048479877 
-50.3446724708774 170.113277249246 0 17.0000005593398 
252.176740176498 63.7950944041275 0 4.99999995593825 
118.806135079391 -228.195465532806 0 6.99999992406174 
258.635332054935 -3.01843643002014 0 5.99999994 
181.880310291462 165.636677184194 0 19.9999998004595 
225.917844871064 83.9171280831228 0 24.9999997492351 
13.08681976186 245.651564719649 0 19.9999998005411 
-207.540340199737 126.396050360023 0 23.0000044838601 
205.181983137616 128.313338806193 0 23.9999950292145 
-65.3885769320602 83.2404281081054 0 25.0000020293348 
173.30576490595 -70.8633676758063 0 22.9999997834247 
-242.45701326621 16.2343268107163 0 22.9999997716552 
2.24414204848904 183.043566085805 0 22.9999997688984 
-181.488790083123 163.088244637015 0 21.9999997833766 
218.154820050624 -95.1442696908836 0 27.9999997202158 
-149.535471925871 -45.6416962948867 0 35.9999996407448 
140.065908500296 191.181848055098 0 28.999999708427 
-176.094655155518 18.0419726593262 0 32.9999996702306 
-235.516602292258 -34.2912176591069 0 27.9999997209518 
64.2562730834574 120.568451751926 0 34.0000132160889 
192.855999789183 -142.851393219001 0 25.9999997406262 
-220.203495252756 69.7953135142963 0 34.9999860938628 
236.703994592009 33.0480911339058 0 26.9999997298737 
136.252046981182 126.293830735089 0 36.0000027589783 
-67.7231819567501 -165.696185750857 0 42.9999995592694 
-13.1800648968805 121.960874555071 0 40.0000110586511 
-40.2102126816865 225.442005849697 0 36.9999996451974 
-15.3456872977656 -227.482898876503 0 37.9999996102846 
165.417000603692 52.8744430278775 0 43.0000035674677 
217.809609391821 -29.1451731606635 0 37.9999996206941 
-206.345354159291 -94.6073696649904 0 38.9999996086159 
140.457245061032 -179.598779803516 0 37.9999996160146 
-82.1770476094731 -82.9490788423689 0 40.9999881417856 
6.41590991511844 41.3072972235611 0 42.9999995720197 
65.2182929145011 -212.20399326788 0 43.9999995605547 
-115.060360217027 185.162292938353 0 47.999999520033 
108.458250453453 -99.7735695244493 0 47.9999995213773 
-81.8762326120026 9.05041801882983 0 51 
-138.964250967082 91.1537596091695 0 49.0000021883151 
89.5313797749704 -2.59963488107244 0 51 
-154.496515094805 -159.420159683893 0 43.9999995605856 
66.8263542455792 207.33628357899 0 45.9999875873968 
15.8539965338332 -138.148823203776 0 45.0000115029964 
-2.85749319615858 -47.208259811781 0 45.9999995392686 
