260.262421590173
180.161559420886 182.242141931815 0 3.99999994971531 
12.7083032854535 -257.949479843229 0 1.99999999542704 
-147.528249528788 -204.625870791446 0 7.99999586368636 
97.6806192632836 235.833326225282 0 4.9999999705695 
-253.398405688893 20.94240772261 0 5.99999993999974 
-232.859532281987 -102.106682794872 0 5.99999993999974 
-240.802308854406 40.968018100157 0 16.0000002136573 
30.0791475382849 -251.469788328872 0 7.0000039477243 
-107.848416067077 234.666048407989 0 1.99999999542704 
-66.1802808736966 87.8983618807396 0 17.0000001837936 
-228.340955648478 74.7424860174901 0 19.999999815318 
156.962294599128 -181.903461448341 0 19.9999998164823 
235.519998359497 28.7016906940412 0 22.9999998682911 
121.754906540327 -204.804112050292 0 21.9999997801272 
183.758074433713 150.088063476002 0 22.9999998344622 
69.7561873756571 224.683068899231 0 24.9999997235059 
-113.463315631609 -136.96811434093 0 25.0000019933689 
184.496694271003 -147.583548775625 0 23.9999952417561 
-14.9619637028327 236.79017818594 0 23.0000041143477 
-159.211965812549 -175.911928006879 0 22.9999998123408 
120.976293691841 97.6377035260765 0 34.9999995834572 
-58.0346648751696 -149.773638355312 0 28.9999997044029 
115.680521895815 -147.092104901635 0 33.9999997363742 
-226.786319575967 -54.5832285316839 0 26.9999865309239 
-118.941096329523 92.9279085187475 0 35.9999996643839 
20.0602434427499 189.309159617478 0 36.000002710579 
-169.497376121312 -31.3841302975151 0 32.9999996814081 
-62.6944866854666 225.717168017487 0 26.0000130414248 
231.207119287265 -22.1156196999725 0 27.9999996317887 
-223.906437522707 0.341308527899798 0 27.9999997152574 
93.4265220809736 -72.254973544407 0 42.9999996846047 
-188.842257511321 117.21427400881 0 37.9999995189451 
-173.379846338462 42.803821429482 0 38.0000109359163 
60.1608398260167 -211.887252381328 0 39.9999996032075 
8.05324111182894 -37.1416856431747 0 42.9999996431414 
170.748773460451 6.75974699461714 0 38.9999882627647 
47.5903459293836 117.398841560781 0 40.999999576196 
-138.31247091517 173.983460639708 0 37.9999996452663 
-96.5430969998066 17.1695417656999 0 43.0000033822203 
-103.006891979593 -198.080007016294 0 36.9999997477378 
-23.7832805286417 -214.950670457932 0 43.9999995742624 
19.5917672701038 -130.430819258015 0 51 
-76.8024493327259 -72.687616766317 0 49.0000079913955 
-179.073070435692 -109.832154630964 0 45.9999995839643 
198.93095678246 84.8287071979215 0 43.9999996094204 
81.8879933285177 21.0341539845146 0 50.9999947109661 
121.58777551404 177.635365724314 0 44.9999995307728 
182.264720630711 -77.619146601515 0 45.9999995483565 
-12.2897995820791 51.5553297843762 0 47.9999994499632 
-55.1800356219672 151.96078902766 0 47.9999995117824 
