265.553784827102
-61.8223430230346 -250.023896680374 0 7.99999955074598 
1.31570964059025 258.550435124771 0 6.99999950922281 
259.309456228775 -11.2593004828505 0 5.99999994000025 
-176.349908056235 95.6564515309558 0 16.0000002092567 
-20.105235172892 262.785797803303 0 2.00000029558437 
35.0230183701783 -76.4071088202257 0 17.000000139218 
243.742559138726 92.075176577432 0 5.00000037078284 
-262.141480950929 -27.247751711347 0 2.00000029558475 
40.9123738157857 -258.334199893886 0 3.99999974961039 
-246.736627366593 -80.5555873468768 0 5.9999999399939 
-216.714995910365 108.935527689308 0 22.9999997698326 
241.87687670671 18.1084278736695 0 22.9999997698059 
180.264796105245 -159.281909832029 0 24.999999750136 
-153.69864952342 188.931651758672 0 22.0000045199897 
-241.53359910766 -3.12275223584723 0 23.999999760157 
-221.927555967333 -97.8800211923809 0 22.9999997683816 
25.9654359786941 244.177102684653 0 19.9999998000404 
214.116726892088 113.957747472916 0 22.9999950316914 
-203.852770095344 -136.896710936549 0 19.9999998000547 
-234.937512408173 -51.6767615011364 0 25.0000020299106 
-178.827648943654 144.552221613476 0 28.9999997099588 
73.4561907937997 220.647798595156 0 32.999999670039 
-110.23474862097 211.556632087516 0 26.9999997300815 
208.967836822681 -117.125826029379 0 25.999999740026 
217.851072344155 63.094655463317 0 27.9999997199934 
-1.04740877537919 -138.782595744445 0 35.0000132098756 
139.050954025863 -192.604862355652 0 27.9999997199502 
-225.496578405696 52.6160484312193 0 33.9999996599704 
133.120593561457 -52.4225347107375 0 36.0000027599508 
-160.118326934003 27.6024073902291 0 35.9999860801543 
75.434217315703 -213.626534995233 0 38.9999996099401 
-155.139234796028 -166.493885205398 0 37.0000111299594 
-111.857194146194 142.562724362323 0 37.9999996200458 
-92.5836334814312 -207.867749319456 0 37.999988120092 
-34.6837632506976 125.67303986313 0 40.9999995899832 
-88.6775363362082 61.3249785181159 0 43.0000035698795 
151.424024659664 107.742893460461 0 39.999999600001 
134.149512698753 183.805966727685 0 37.9999996199925 
80.5052424328047 64.6206696091674 0 42.9999995709483 
-3.78594235433744 47.5620641772147 0 42.9999995691583 
-9.37262288512254 -219.353638159769 0 45.9999995400201 
-158.727509325131 -59.386461398109 0 51 
-30.7014446758902 -40.4126825315173 0 49.0000021899602 
157.417293292096 23.9569722678877 0 43.9999995600487 
214.81619959975 -45.3637550797605 0 45.9999875803854 
60.0153943571724 -19.9320711784686 0 43.9999995600861 
-35.2994354226587 214.670909441108 0 47.9999995200223 
83.6733621904481 -124.004458956899 0 51 
-82.4285064358658 -122.469439799981 0 47.9999995199667 
48.7119724357998 146.67668665302 0 45.0000115095481 
