266.113825771201
-182.140879614807 184.295081495338 0 6.99999537922374 
187.617288767569 -180.163622494779 0 6.00000247712799 
-202.663155340779 -169.362702228309 0 1.99999998570709 
152.183802234334 -213.409765914722 0 3.9999999561799 
-29.0841648754724 -259.48893665322 0 4.99999995002803 
-37.21844485647 -45.4315135408032 0 17.0000005524155 
38.1619086293717 -82.6370387363327 0 15.9999998467485 
245.414367669312 79.9658379034446 0 7.99999991237633 
62.1305878582818 -256.701907844722 0 1.99999998570709 
-143.725528855816 216.799773106863 0 6.0000019544858 
154.659974610304 120.609096228419 0 19.9999998096447 
162.106709572321 -185.18485366362 0 19.9999998059828 
-186.665614881854 152.616595683069 0 24.9999997920673 
-152.190221668643 186.014907429206 0 22.9999998075982 
-113.038359500321 -215.236292641876 0 22.9999997585676 
160.97688923845 183.515670039526 0 21.999999796867 
190.906464062066 147.277282658533 0 25.0000019817442 
-159.908564365296 -101.14206915253 0 23.0000043690599 
125.713514119001 -208.087589119796 0 22.9999997823651 
81.7940970616022 -191.351869078253 0 23.9999950961031 
54.6316647010767 233.816218805808 0 26.0000132164972 
-55.7492190978591 -224.289155272176 0 34.9999996225608 
-200.199090497167 -130.750726201822 0 26.9999862615861 
232.186598739657 45.4111551265245 0 28.9999996963511 
237.845201101832 -11.3072735915775 0 27.9999997284375 
99.2980240852601 112.179720024047 0 35.9999996854405 
215.857312192937 100.517734328959 0 27.9999997195285 
-150.927050188645 -170.009669837458 0 36.0000027051234 
222.265999552832 -70.2842895259238 0 32.9999996712428 
-155.670095765815 44.0618784785898 0 33.9999996932319 
-208.123604260245 93.3835543798763 0 37.9999882108978 
181.01780507765 -129.29773168338 0 38.9999996341588 
-132.225519598656 115.303381504368 0 40.9999995925303 
-95.0496423136388 207.36798969938 0 37.9999996158818 
36.1832269983375 154.517909379139 0 39.9999995738846 
-132.525954896594 -29.3775472322566 0 43.0000035481971 
102.773683649936 193.179424199879 0 37.0000110776125 
3.51767987178529 -138.062507281072 0 42.9999995849035 
22.2173249789041 -222.004887121541 0 42.9999995704907 
-227.250302873354 19.8297132311388 0 37.9999995914429 
-14.3034712390648 221.652797172841 0 43.9999995632949 
147.647058924895 -38.7721716584809 0 47.9999995216216 
157.761812278515 54.6820383169722 0 45.9999876884896 
-71.254425900432 37.9039906412611 0 47.9999995978385 
-48.152036557737 137.678575361648 0 45.9999995340111 
-86.6241332744731 -111.408172864664 0 51 
51.0940688950155 -16.8969023991344 0 51 
-213.567400276972 -61.0206302412493 0 43.9999995631601 
15.2125459850718 72.1453592222767 0 45.0000114036472 
93.5863585791858 -119.310615876372 0 49.0000021110946 
