264.662725996381
-180.981327190326 186.200135448322 0 4.99999995000124 
-121.835601618243 -54.6700754252126 0 17.0000005599589 
-130.86476665211 -211.441633278721 0 15.9999998400326 
-202.588906260046 -159.209980362078 0 6.99999531047827 
223.76543036519 -129.751442244266 0 6.00000224975002 
261.818486904647 21.0425161814291 0 1.99999998004849 
231.116429655532 -120.541497773712 0 3.9999999599658 
217.246473019538 -140.393641421405 0 6.00000224973971 
58.3475300749533 -256.100123597075 0 1.99999998004849 
196.318029869046 165.332955095983 0 7.99999991997659 
144.079847629629 -194.015130216095 0 22.9999997713531 
239.225620256635 34.2341325513563 0 22.9999997873534 
-199.998196228914 -132.334564863321 0 19.9999998000446 
-37.5637520927921 -241.761895485726 0 19.9999998000889 
-235.594530769073 -53.8153353529021 0 22.9999997701227 
-173.859970471473 -167.849885066099 0 22.9999997696408 
17.2891363311322 2.01265445044382 0 25.0000020299342 
-222.491142482719 -96.8653199638932 0 21.9999997803253 
26.7604574084552 -139.524097215628 0 24.0000044614414 
92.2156720023614 -20.4566185139201 0 24.9999950296957 
151.441737893567 184.459472318117 0 25.9999997400354 
17.3898009372414 -231.009120149644 0 32.9999996700165 
86.6595758051273 -136.04615127127 0 35.9999996398545 
217.623691678734 -90.425968464829 0 28.9999861502405 
177.221843030305 -147.640481148189 0 33.9999996600079 
-81.4062220065821 -222.221225418197 0 27.9999997213737 
-143.663171338959 188.069489234482 0 28.0000132783702 
212.972258987164 85.9522237687355 0 34.9999996502324 
-237.631429365008 -3.85684263962566 0 26.999999729989 
-158.199496945117 -95.0670317175789 0 36.0000027598798 
226.286256960727 -24.9969375523965 0 36.9999996322298 
-171.386071171167 -19.204559945714 0 40.999999590025 
-219.005491738223 58.4173443309117 0 37.999999617907 
85.2202267584616 -210.03215106182 0 37.9999996199054 
-50.339649482154 -93.6510201517162 0 43.0000035698781 
-27.5082806169791 -173.449060315891 0 39.9999881023349 
5.39972179225459 226.598399226945 0 37.999999620015 
-108.805042987972 -156.720809297272 0 42.9999995700394 
70.7308442143571 44.0600571783804 0 42.9999995700231 
-182.142329407157 133.220991842284 0 39.0000111076423 
-55.0511779912864 114.732726887356 0 51 
156.31841219096 19.6516969400089 0 45.9999995400322 
37.047041447761 -68.2626997909306 0 47.9999995200274 
142.544717538741 -73.333705996951 0 47.9999995199723 
-135.017356511527 59.8290812646922 0 45.9999995399798 
-58.6836235985485 -0.0220776990585277 0 51 
-74.4025217454598 207.740940399617 0 44.0000115197935 
40.2126401440792 126.598756953461 0 44.9999875902061 
84.2131617111556 203.96122727851 0 43.9999995600476 
133.033027633152 111.753766377992 0 49.0000021899826 
