262.140888412161
-136.092863705068 -214.630663027411 0 7.99999991987929 
-197.642095320318 -162.928679940812 0 5.99999994 
259.353992367812 -20.2184639864205 0 1.99999998010542 
225.910527219024 -97.7229166816002 0 16.0000044585745 
-3.70293497521533 258.114324261906 0 3.99999995992972 
-256.699094804915 -42.1764670098313 0 1.99999998010542 
109.121582153422 232.838816913155 0 4.99999995014056 
-175.53326121296 8.45114455533852 0 16.9999959414056 
143.433748798783 -212.214307470991 0 5.99999994 
-235.354868803688 98.513737909474 0 6.99999992985944 
-210.716620575995 119.292561922175 0 19.9999998000839 
-67.5306215796253 -167.211332650758 0 24.9999997508789 
-31.6023402608452 237.043580332642 0 22.9999950313692 
201.774291101557 -128.356924514709 0 22.9999997698339 
-235.489165379276 56.3654389549126 0 19.9999998000839 
-99.88621316048 -215.077996119104 0 25.0000020290487 
112.553257517174 -209.863877478221 0 23.9999997597668 
-232.553641580944 -55.7419806577175 0 22.9999997701535 
-127.502925744533 202.315023038642 0 22.9999997696377 
139.994686551329 195.113125786187 0 22.0000045191436 
-79.7232033623129 220.15032727036 0 27.9999997200125 
-198.213968729381 -122.743239765658 0 28.9999861498458 
180.197207342224 -82.1462029488127 0 28.0000132801578 
228.663459959112 -54.8111266750608 0 26.9999997299514 
228.057011031329 6.18585804832346 0 33.999999660294 
-105.367128331872 7.41081577337132 0 35.9999996404996 
17.3733649504283 235.500924611821 0 25.9999997400508 
172.543829047711 150.778559321695 0 32.9999996697438 
-227.132047617472 2.00406900758262 0 34.999999650014 
77.2863151770849 -145.605133222959 0 36.0000027594302 
48.9181048461752 -216.687790632741 0 39.9999881008531 
-21.4625216085878 173.851940147577 0 40.9999995901504 
-134.708735922465 -156.670867530446 0 43.0000035693906 
-38.2589576667409 -221.866338049885 0 36.9999996303168 
-163.639386189041 153.17078479983 0 37.9999996198019 
160.646325957253 -19.1083988941943 0 37.9999996200006 
-1.54341588174001 -150.789134506979 0 42.999999569849 
149.811111082671 -160.307321193239 0 37.9999996200329 
-26.5423382022677 2.15226688086934 0 42.9999995705536 
113.238836647002 -79.7840250541468 0 39.0000111090511 
29.1672038961758 -67.2555623672821 0 45.9999995399575 
202.930896857837 80.0281106206791 0 43.999999560106 
11.6816516064234 88.0296598215305 0 51 
-161.557226908328 -55.0285362497647 0 47.9999995200368 
-159.172432725041 69.2896415934395 0 45.9999995399756 
81.8426590683745 6.94884505106791 0 44.9999875912907 
-80.1491129031232 112.363031465314 0 44.0000115187615 
-66.5624075480934 -82.9029743730727 0 51 
70.8300820571656 184.330823119064 0 47.9999995206867 
111.347462743894 96.1982968075456 0 49.0000021892457 
