263.327994030973
234.42110507551 78.8535489349393 0 15.9999998400897 
42.5049352026367 257.848115666967 0 1.99999998007602 
-48.5043667637154 241.505293066277 0 17.000000559899 
159.918469846729 200.325038771431 0 7.00000454882111 
234.068547387828 -109.294408028995 0 4.99999995009997 
-249.320695868612 55.0597634114247 0 7.99999530098882 
236.795618422667 100.725029839588 0 5.99999994000001 
-199.122861465127 162.996265443846 0 5.99999994 
82.0483220652951 -246.006262423663 0 3.99999995994933 
256.340447662814 50.8123543666722 0 1.99999998007601 
-231.060435485878 76.2862237009698 0 19.9999998000556 
-98.175282075643 218.264759179989 0 23.999995020095 
-85.3368863613621 -156.003220094643 0 22.999999770145 
129.973977866393 202.149226817402 0 22.9999997701568 
209.352466358603 110.099125166333 0 23.0000045094955 
-198.899851226939 -131.297680684034 0 25.0000020298695 
-15.5890570795721 67.3522230500652 0 19.99999979997 
205.992238499515 -119.864217078197 0 24.999999750112 
179.451111501924 -159.858823360076 0 22.9999997700945 
-128.219085046025 -60.6426352949648 0 21.9999997800062 
-52.0440770513742 194.266605584912 0 27.9999997199338 
-71.9820287835726 -74.8339635570741 0 36.0000027599654 
-130.948069107509 -118.578384239238 0 35.9999860798417 
227.443013313257 29.3428815395868 0 33.9999996602592 
-163.472812662371 52.0415734102175 0 32.9999996697502 
-165.64245719582 -169.962211236097 0 25.999999740022 
81.0806219648227 219.853454974092 0 28.9999997099596 
-121.733973169001 -201.395393896483 0 27.999999720001 
141.808165205199 -111.131720099484 0 35.0000132101751 
148.297230984089 -12.9311542492177 0 26.999999730092 
-224.746779577158 16.1737483047247 0 37.999999620325 
-119.361923037093 -2.31124913337328 0 36.9999996300449 
-190.236790828181 118.882348794357 0 38.999998810771 
52.6578846071665 -130.528070091021 0 43.0000033183965 
118.689181674875 -185.626784665657 0 42.9999998219079 
165.694837479177 152.702082166391 0 37.9999996200254 
-78.5834996826976 66.5154902975164 0 42.9999995696561 
-28.2434783216691 -134.524328560959 0 38.0000004188583 
81.4155363107774 150.854257676603 0 40.0000103006904 
11.1151043511902 222.049986096449 0 40.9999888893243 
37.2182659838326 -216.147102307138 0 43.9999995600309 
-195.21487498806 -61.3947276303319 0 45.0000115092841 
150.303537010878 65.0430387480836 0 51 
211.710072838907 -49.094829136342 0 45.9999995399415 
-5.05744540625737 134.53172188093 0 47.9999995200068 
74.8483096669874 -39.1848396062108 0 51 
-50.7381719966776 -213.378553423254 0 43.9999995600448 
-110.917319045816 149.434256799312 0 45.9999875807749 
-22.0371650106186 -6.05525010022342 0 49.0000021902193 
51.626481141113 57.0531294384905 0 47.9999995199579 
