261.470595608032
195.989693676603 160.733895583677 0 7.9999953055945 
-6.33283030032122 257.392696734531 0 3.99999995975296 
-145.958314878154 -213.826683684709 0 1.99999998037054 
168.983634711841 196.899767962079 0 1.99999998037054 
-95.7249101500157 -165.685997120471 0 4.99999995049408 
255.046864906709 14.707801346864 0 5.99999993999996 
-252.423797224055 31.3583366228162 0 7.00000454347254 
229.651815135216 86.6940432599534 0 15.9999998411125 
-45.9684947174993 -250.685414814217 0 5.99999994 
173.57204978071 171.799564817913 0 17.0000005588324 
-194.346559570698 138.194210668656 0 22.9999997699914 
193.758049911932 -144.103658319837 0 19.99999980003 
237.167029920119 -24.9002557757657 0 23.0000045094907 
-11.2862311186248 -241.206689861564 0 19.99999980003 
-72.6457753351273 143.356255012607 0 21.9999997801041 
137.117613298943 192.657994457671 0 24.9999997503478 
67.2786887268837 -139.81469326294 0 23.9999950203113 
-228.888123229542 -66.9212382102411 0 22.9999997701394 
-29.7859747705314 236.603087017693 0 22.9999997699293 
129.791241908743 143.197662268624 0 25.0000020296262 
-10.0953970181861 -181.156190517059 0 34.9999996502365 
-100.3398674972 -67.6773047969468 0 36.0000027599317 
-170.250211397114 -64.1355319672048 0 33.9999996600392 
229.533699191954 42.6941886660477 0 28.0000132794927 
-228.209223838606 -10.925354138982 0 32.9999996700248 
78.9971850850289 211.178678835876 0 35.9999996397516 
-78.6318793207893 218.768397662695 0 28.9999861504168 
20.124082394789 233.605397281206 0 26.9999997300164 
-207.629411359964 -111.06947851094 0 25.9999997400349 
197.341428553999 124.759287111049 0 27.9999997200553 
146.648955542311 82.4949629970336 0 37.9999996196171 
10.70314149631 -107.811462880487 0 40.9999995899796 
-133.995275609384 3.79516895967456 0 43.0000035695057 
-14.4948785641554 172.398863716235 0 42.9999995704011 
-64.3870733631668 -132.356476438453 0 37.9999881201181 
138.940712270035 -176.302357390113 0 37.0000111302884 
-79.0773694934902 -207.942145120848 0 38.9999996103048 
52.7965442952428 -38.6078118956177 0 39.9999995999837 
62.4248505711152 133.936477909647 0 42.9999995700809 
207.414928910859 -83.1754443105516 0 37.9999996197206 
71.2935379605074 45.3794554575227 0 45.9999995399665 
-147.548378760509 -154.269808686704 0 47.999993540405 
-13.3282064917259 83.4065057106069 0 46.0000055197084 
166.07511219927 -4.35907813317507 0 51 
121.977414803445 -92.9953748202734 0 47.9999995198805 
-34.0280330943381 -11.3590911570366 0 51 
-104.95510204051 85.8053443265114 0 43.9999995602868 
-201.288556753567 66.5296520824111 0 49.0000021900173 
64.2942104547369 -207.74916280806 0 43.999999560041 
-134.175681735841 169.871732163776 0 44.9999995497464 
