265.067986880545
80.6414927164164 164.106865821258 0 7.9999999199753 
-249.43857571991 66.1776611295825 0 6.99999992986276 
262.331270502256 19.6741003368516 0 1.99999998004008 
22.9014961496409 -248.012869914163 0 15.9999998400317 
-0.223742132228793 -260.06788601941 0 5.00000456945966 
230.27004013663 123.013017140174 0 3.99999995997354 
-139.232853006692 -218.472960516546 0 5.99999994011558 
252.636171596572 -73.3466463366081 0 1.99999998003974 
-123.956941636359 147.416375845563 0 17.0000005599613 
-246.761367018855 78.8989987196596 0 5.99999532054034 
221.439852475029 -97.7819110025292 0 22.9999997706579 
238.482626938046 41.508397143484 0 22.9999997682717 
-95.1436332233789 177.974410463299 0 25.0000020298524 
-236.965941684865 42.2311919456004 0 19.9999998001125 
194.338966990205 22.6580061605594 0 24.9999997500765 
-138.974330696251 198.199515852512 0 22.9999950336095 
-84.240633879251 -226.937052918231 0 22.9999997703986 
236.662265551404 -55.4347915474565 0 22.0000045181478 
-103.313431716645 222.226580585076 0 19.9999998000675 
199.87823208892 134.768196366767 0 23.9999997588056 
221.057525017565 88.3738122035545 0 27.0000132885037 
6.40197985636804 140.711922634798 0 34.9999996510609 
-173.506340433174 154.113920582187 0 32.9999996700247 
238.95064731751 -7.48936718069755 0 25.9999997401661 
191.823661704842 -139.301542616697 0 27.9999861615696 
-118.252814614658 -94.7631236971214 0 36.000002759956 
144.984039011237 -179.922325325025 0 33.9999996600092 
140.22759661056 -101.435406699982 0 35.9999996389245 
-236.997788002146 -5.76879701209714 0 27.9999997197864 
-38.7703138081468 -70.0453579187407 0 28.9999997099989 
-24.3155802500028 -223.939074163688 0 36.9999996303997 
98.7659489694238 7.73790438038822 0 40.9999995899975 
-176.03187321562 19.512760457116 0 37.999999620334 
-40.4324353509862 218.356152094487 0 42.9999995700525 
-165.290485986538 -154.226441670991 0 38.9999881103937 
-86.8965372253413 -163.993061157754 0 39.9999995999911 
179.10952704539 -38.4735366677292 0 38.0000111192559 
-204.209915078936 90.0960293058113 0 37.9999996196495 
53.1493495341398 78.2724803479253 0 43.0000035697205 
-123.2842728735 86.626109483497 0 42.9999995702055 
2.73012509635942 -9.98943843835097 0 43.999999560334 
149.990975148676 76.8175438402158 0 44.9999995497864 
-35.5884508167086 71.4457361261099 0 46.0000055193589 
-200.579149908724 -73.611874104361 0 49.0000021901693 
66.3158359120051 -70.8241096816235 0 43.9999995600426 
-92.2681349993594 -10.5644100183033 0 51 
136.442352426759 168.825340517562 0 47.9999995203394 
69.9272644210667 -207.607708836799 0 45.9999995399791 
50.2828811764688 211.163788546667 0 47.9999935402134 
0.770522962458991 -139.590467471565 0 51 
