265.179778726162
-152.011049877509 208.685023048073 0 6.99999992926297 
-73.128975004254 248.648970832574 0 5.99999994 
-167.95772645047 -197.393920502781 0 5.99999993932805 
-12.6998190100663 -260.870832756284 0 3.99999995949048 
114.548625260324 -145.273305387906 0 15.9999992637873 
239.287271835519 109.568231832226 0 1.99999998076428 
258.652670359044 48.6044442974286 0 1.99999998076428 
148.88659948827 209.700307042472 0 8.00000049530696 
-37.35406517481 -245.35255461752 0 17.0000005598867 
206.781083179957 157.908520579593 0 4.99999995140897 
209.753427815337 -126.951264327089 0 19.9999998000507 
229.169675784411 78.3090351714129 0 22.9999997700043 
155.27151977159 -14.5161757228103 0 23.9999997596797 
-219.947925592893 -101.36053303921 0 22.9999950310934 
210.228799480269 120.228520566855 0 22.9999997700043 
-130.084564800934 -205.461452762462 0 22.0000045192408 
-3.993339762885 -100.325748051148 0 24.9999997536468 
-166.412557756012 175.948588824369 0 22.9999997700044 
12.628826382711 -244.854317378708 0 19.9999998000313 
21.9332750268735 -18.1768493220627 0 25.0000020262442 
38.6397646432289 232.997560094574 0 28.9999861503303 
-52.7535953154739 -43.734463630972 0 36.0000027597684 
176.387711616971 -160.053060931172 0 26.9999997299783 
-229.599119467393 67.0164981275101 0 25.9999997401125 
217.733473709704 -71.5227625896155 0 35.9999996401687 
125.713545264 -194.010811004434 0 33.9999996599058 
62.4463047709717 -221.547262940318 0 34.9999996500128 
-81.260631949246 -222.824933044715 0 28.0000132796363 
-220.798669972539 -45.3670003192148 0 32.9999996701331 
-236.795370739764 13.4981469786368 0 27.9999997199538 
-193.139181844466 119.615669861943 0 37.9999996201633 
162.605094145553 158.651301266527 0 37.9999996194653 
-6.3439651922164 -184.779088702339 0 42.999999570015 
84.0314314377647 -45.8864000208977 0 42.9999995707166 
-27.0466080887437 226.571164492377 0 36.9999996304482 
61.7680205713632 35.1095163199103 0 40.9999880915592 
147.173022803398 -99.7579250689798 0 40.0000110984285 
-28.8559179526479 151.576452425238 0 37.999999621046 
58.1633579047547 -127.903735455972 0 43.0000035692393 
99.6802272384914 203.029911046332 0 38.9999996089187 
-71.0466048527963 -123.667974627058 0 45.9999995399668 
-162.902329808048 -143.631081034941 0 47.999999520024 
-107.672734846396 103.352684980698 0 48.9999902301244 
-164.01200936413 26.86161227814 0 45.9999995399845 
-131.627504118175 -57.1100713897537 0 43.9999995600557 
219.977056178778 9.44615864908594 0 44.9999995499831 
-30.0876222522089 40.2610971710186 0 51 
54.1064926013024 128.921634148858 0 48.0000114798571 
146.421154062434 71.1351307216841 0 51 
-102.132104018602 196.187481866632 0 43.9999995600249 
