261.798079240315
178.481450291502 -169.00020124752 0 15.9999992641841 
-68.1254747177817 -245.345877390858 0 6.9999999286545 
158.545502934099 203.69638544995 0 1.99999998101051 
-239.680055956778 -79.4770699494631 0 8.00000049461827 
128.164608456462 224.064130312034 0 1.99999998101051 
168.704792154758 -38.9930267942088 0 17.0000005598503 
251.334768926281 56.3934808623521 0 3.99999995932633 
-181.474259008433 180.276869535598 0 5.99999993999629 
-127.611886535003 -221.951444008858 0 4.9999999513492 
-235.338150090037 -98.5954392436834 0 5.99999994 
30.4010131852154 142.266988475074 0 23.0000021399274 
90.8696129178701 220.833050531435 0 22.9999997699885 
-233.948901108634 -42.6126803758128 0 23.9999950202506 
77.1271589367655 -117.340406681294 0 23.0000021397603 
27.9655218329277 -238.161811593575 0 21.9999997800013 
-150.5472011057 182.78093634009 0 24.9999997500869 
-126.416202482506 -115.52182235833 0 19.9999998000394 
173.017631781642 164.588644357424 0 22.9999997700155 
-90.7664498127337 -218.711636708657 0 25.0000020298932 
121.774999518324 79.1069330020662 0 19.9999998000368 
-23.3281910715893 157.922499491692 0 28.999999709839 
-48.7422283913657 228.660746869665 0 27.999999719796 
195.771217392936 -129.629350772159 0 26.9999997303227 
77.23525633904 -57.7122367486985 0 35.9999860807732 
-185.208540014714 142.68615452378 0 27.999999720027 
29.8853005398217 -180.193589744392 0 36.0000027598341 
-26.7469086946141 -226.222386018322 0 33.9999996599768 
73.8125569848152 -223.947406163631 0 25.9999997400402 
-128.637673352688 114.960017492174 0 35.000013209351 
-228.362403918914 14.1128909659195 0 32.9999996700399 
-191.542736700028 75.9862455083428 0 38.9999996098727 
214.162028588678 -68.328633143605 0 36.9999996300984 
12.5831342910986 -103.111585285681 0 42.9999995702847 
61.1243700248269 72.5877561802662 0 40.9999880901894 
-60.7170747253485 -157.120810771657 0 42.9999995707503 
-87.9604834768578 175.576583684338 0 37.9999996200039 
-139.766904285695 -174.787851145237 0 37.9999996200639 
-189.724886108838 -114.886250794833 0 40.0000110997954 
-21.8078608560392 85.938549417918 0 43.000003568951 
142.924348350177 -91.7848221302403 0 37.9999996199902 
125.445722500389 11.0754695181949 0 47.9999995200215 
217.433001333574 12.6052942672004 0 43.9999995600308 
9.26711898871897 -3.40450275062034 0 51 
-99.2478881440073 36.2692104520989 0 49.0000021899882 
103.342399109663 150.937202986313 0 47.9999995199984 
-164.666112228074 -32.618045365213 0 45.9999875801791 
118.490811827414 -170.059991619424 0 43.9999995600594 
185.385293507147 96.7060924878252 0 45.9999995400094 
23.0738384377875 215.566695366996 0 45.0000115097567 
-72.8511794102306 -63.907273564379 0 51 
