263.425811847312
-70.6851176148159 250.84173417676 0 1.99999998019869 
206.080573053908 49.3808661407752 0 7.99999991990087 
-43.1727685079791 -253.779706357792 0 6.00000212733933 
251.343372508746 50.8006740244123 0 6.99999531210218 
-185.583997109811 -24.4545735207149 0 6.00000237042644 
243.134771393752 -93.7341440913361 0 1.99999998019869 
-178.549860270761 -186.924102841105 0 3.99999995986751 
120.591673208257 121.044254104932 0 15.9999998402318 
39.9423595729284 154.23329162167 0 4.99999994999941 
4.88091576191575 50.0095884768973 0 17.0000005597351 
68.4162475210873 142.492707682239 0 24.9999997500745 
229.567912090722 71.4362992525182 0 22.9999997700335 
-224.645388716917 85.6680829782019 0 22.9999997699722 
97.8392454909816 -115.215260135766 0 22.9999950303908 
-63.1662644920926 -233.015972571999 0 22.0000045197045 
-94.3145448365726 224.412279751574 0 19.9999998000264 
82.3017762309213 17.2198849051789 0 23.9999997598984 
186.029386330169 -157.000548063306 0 19.9999998000264 
-35.3388601515734 237.814499297578 0 22.9999997699775 
18.340925166411 -19.615854327765 0 25.0000020298957 
-135.37132873879 186.468849533147 0 33.0000132300077 
9.67353029839511 126.052103084884 0 36.0000027596203 
-49.9198265521962 85.6462598825005 0 35.9999996403637 
-181.107784647701 -150.417031468508 0 27.9999997199636 
233.420732599868 19.579229145378 0 28.9999997099644 
68.1161602460325 -30.7255867175826 0 25.9999997400205 
-14.2569353805934 -235.995560188573 0 26.9999997300401 
-111.193984779947 121.513758160664 0 34.9999996499988 
206.213582450685 -111.291881577372 0 27.9999997200169 
-138.220118980539 -105.643753999713 0 33.9999861000041 
221.82867448525 -45.3947972159273 0 36.9999996301441 
-134.628488371927 47.117356744432 0 43.0000035697066 
-65.2185662288499 -88.445805738899 0 40.9999880902517 
-53.9459570869433 174.491708325 0 42.9999995701892 
67.6693821854682 78.4970663441757 0 38.9999996098826 
-132.660519154558 -33.8587361096654 0 37.9999996200197 
-183.601613235769 130.794665164727 0 37.9999996199291 
-25.7796730031301 -169.993833173847 0 40.0000110997325 
48.7664145910151 -220.087786180293 0 37.9999996200595 
123.191033721585 182.78815040542 0 42.999999570085 
33.1621157443983 209.821351157745 0 51 
-112.724665401611 -183.579493481208 0 47.9999995200535 
149.482077446844 36.8872952725791 0 45.999999539971 
137.537707595918 -56.3507433819743 0 47.9999995199836 
-52.8169529661626 0.695644995148871 0 49.0000021900595 
-207.816889874795 -70.4260419207882 0 43.999999560071 
183.592403135661 120.172861365469 0 43.9999995600413 
-217.680741588467 18.0256759808919 0 45.0000115094063 
26.5093052085422 -95.5165556283552 0 51 
122.414586053711 -179.690450996575 0 45.999987580567 
