266.205645423934
-69.782245556084 254.823578523504 0 1.99999998319579 
35.3375082601038 -260.897817013639 0 1.99999998319679 
-162.766936043172 13.159880075294 0 5.99999994000707 
-138.433864057237 215.485439983475 0 7.99999991627764 
160.276786195388 129.201385942106 0 5.99999994000707 
-249.123350520738 6.40405547860876 0 16.9999959826448 
242.556199822988 95.8070840718188 0 3.99999995787135 
-128.015484681725 227.68491352918 0 4.99999995425333 
40.6491745400152 -135.140419605771 0 16.0000044168172 
-154.148013000814 208.388943386509 0 6.999999925729 
-197.301483124764 -6.51947248079198 0 25.0000020263621 
-240.989127145401 -32.7601382278765 0 22.9999997406141 
245.942175514405 -11.387108165206 0 19.9999998022614 
-91.5783560925163 -150.519549575741 0 23.9999997253672 
58.0246710494874 182.993111604736 0 22.999999785942 
-242.45721361602 42.798592259103 0 19.9999998012244 
31.2089930124545 83.8428891360826 0 22.9999951135277 
-178.483802985408 -55.0328906135255 0 22.9999997884325 
31.438775099967 -187.389527805682 0 22.0000044667323 
143.388168075148 -61.2944247997873 0 24.9999997495365 
187.473502139372 -138.70313334783 0 32.9999996726296 
-76.3667200022198 -16.8400122737713 0 36.0000026939799 
94.4645464518632 218.674137376681 0 27.9999997749922 
-99.5903124058572 51.3117550300728 0 35.999987793948 
199.24078426564 128.72306811352 0 28.9999996529655 
-135.100252319077 -188.858102855422 0 34.0000012265507 
7.80972785298689 -240.078654531104 0 25.9999997449871 
60.1155163967396 -231.528541686796 0 26.9999997280509 
-224.058709663798 -80.8679433105108 0 27.9999997206015 
-81.4610557806429 119.95816600904 0 35.0000099912947 
224.232767112291 42.3967325364889 0 37.9999996146044 
154.101067917727 76.5368064469713 0 39.9999995993656 
161.892003757215 -1.07311178443754 0 37.9999881431704 
85.1560182430517 -96.4087613986587 0 42.9999995719987 
18.839422025864 228.430074548911 0 37.0000111154974 
-183.39728874039 -134.118753248521 0 38.9999996032964 
-16.3406307688017 -136.218639315008 0 40.9999995908169 
-20.9829885872593 43.4449078996437 0 43.0000035651504 
85.231624453805 122.861741633203 0 42.9999995710268 
148.89950927209 172.935690092737 0 37.9999996250731 
-58.6011230860348 -212.265010924573 0 45.9999995067683 
-180.395805219931 65.2570491074476 0 46.0000054677103 
5.31092608325337 -46.8027005376024 0 51 
-115.23073156027 -86.7656082129233 0 43.9999995629725 
212.241218264295 -65.7952454255583 0 43.9999995620087 
77.0243435828622 25.7313325807975 0 51 
-80.1612100038814 202.947990649057 0 47.9999935753678 
-159.064737106695 153.721654780492 0 44.9999995982084 
-2.72204795907849 146.2102179013 0 47.9999995183343 
118.042369982958 -182.330168479638 0 49.0000021912112 
