265.155057102714
-76.9938158675171 247.453623992004 0 5.99999993989182 
44.3003726278909 -257.370240792775 0 3.9999999599452 
-261.027283017457 -33.1593247730177 0 1.99999998008214 
171.110736041771 -62.938438223224 0 7.9999999198876 
-106.032193756539 240.847997637034 0 1.99999998008181 
-138.47909400954 207.127450547237 0 16.000004458867 
108.723462364361 26.4946825402795 0 16.9999959411196 
215.242149641188 -5.17901509510682 0 5.99999994000843 
8.52088961227293 260.015476831197 0 4.99999995017479 
-190.471789839449 107.077691700542 0 6.99999992994158 
241.106159821202 -22.5142507740359 0 22.9999997700034 
144.416131513328 -45.2919549369232 0 24.0000044989104 
139.542113405191 -197.906721407115 0 22.9999997700688 
-217.784916894312 -105.871628712459 0 22.9999997701004 
236.313189277087 -65.2462925740066 0 19.999999800041 
31.7911246586247 238.041540217187 0 25.0000020299593 
174.218218605185 -172.479026049079 0 19.9999998000622 
-200.65864777558 135.55507691672 0 22.9999997700575 
88.9969075338652 226.282859164629 0 21.9999997800459 
2.84142021018366 -152.718853988816 0 24.9999950107511 
227.644483706335 33.9019101101844 0 34.9999996500125 
-227.80242622796 24.8615159599744 0 35.9999996400413 
53.32726268358 183.112540963629 0 33.9999996600047 
-185.263392677443 -146.446872502893 0 28.9999997099908 
-164.149418253331 171.165113777476 0 27.9999861603253 
0.323188747316156 -29.4097902706192 0 32.9999996700087 
-77.6034210575591 -225.15668751746 0 27.0000132898366 
-220.066641461659 88.392276643142 0 27.9999997198211 
194.806359328179 -38.5557104176635 0 25.9999997400503 
159.890867742087 12.6781529715938 0 36.0000027599087 
-59.8817319236076 -158.618473553744 0 37.9999996199592 
-37.0731894868537 219.039832562357 0 42.9999995700768 
32.5558102242307 -94.9083374682818 0 40.0000110989627 
-150.34819714617 74.9632337506508 0 43.0000035694267 
110.521939268429 -97.2071188434492 0 37.9999996199411 
-48.3222083921145 -82.4910980624287 0 38.9999996099921 
-130.918212915673 -185.63362213754 0 37.9999996193289 
-118.49798080741 -111.669186603073 0 36.999999630868 
76.1213803483998 -23.8749879941325 0 42.9999995704802 
-8.16313541518785 140.171545344962 0 40.9999880909644 
-6.72210805069582 -221.052873183781 0 43.9999995600657 
89.665215279058 89.6831543713751 0 49.0000021899467 
-95.0454171403207 144.695601259153 0 45.9999995400931 
-175.834050703924 -44.9116019037598 0 51 
-87.1127596767535 5.41267475147422 0 51 
0.458044671750745 51.590096663216 0 47.9999995198297 
192.960753582261 105.9924133002 0 45.0000115092173 
191.383445628988 -110.823897313841 0 43.9999995600557 
132.840940608807 174.304988441859 0 45.9999875807709 
72.5558169279199 -174.373001244016 0 47.9999995200982 
