266.103583694228
-172.711811892508 180.893428720229 0 15.9999999584827 
17.4055628376857 85.1724534286391 0 5.00000174630804 
207.180266234192 163.789621404456 0 2.00000008155606 
217.630434784243 146.066020864192 0 3.99999982853908 
211.837571190139 -157.719834608549 0 2.00000008155609 
-201.933671858678 160.74903455197 0 7.99999980151536 
-256.915243783355 33.603949919147 0 6.99999819746565 
-244.568050634457 -47.3187460826036 0 17.0000004245914 
-2.98690116597717 260.086434709395 0 5.99999821803128 
-2.01280307600248 -162.125800473447 0 6.00000166195436 
101.54174261195 -106.973368405483 0 24.0000044988088 
-29.3107762886221 -242.337446700134 0 21.9999997803483 
-212.817276471369 123.595229891942 0 19.9999998000493 
214.905214611487 113.644627018405 0 22.9999997699102 
-225.052758962185 -86.4996887886465 0 24.9999950121827 
62.6808502582629 -232.813333172982 0 25.0000020287438 
108.233103766152 -217.680839226394 0 22.9999997698497 
-25.3484301534982 -195.242586252667 0 22.9999997701545 
15.6884756758437 -242.59683478522 0 22.9999997698894 
154.498311956353 5.74283284984567 0 19.9999998000633 
-118.2898534325 197.370637470974 0 36.0000027599393 
-79.220699124236 -219.229016590973 0 32.9999996700166 
-135.964653318352 -194.246551028381 0 28.9999997099694 
-238.101535049958 0.98778469647206 0 27.999999719998 
204.501376982743 -105.483867047056 0 35.9999996399983 
-71.8725136055521 153.308985796412 0 27.9999861601281 
36.3315781717014 229.242426591473 0 33.999999660041 
99.2204985488774 139.419829493382 0 25.9999997400411 
148.113914771749 87.4609426866666 0 27.0000132898727 
-145.824757630902 47.0435376133805 0 34.9999996499955 
-217.664160826295 64.7946431592311 0 39.0000111094534 
-149.831638986232 124.94055556821 0 43.0000035688907 
226.287543811806 -35.8106094192587 0 36.9999996303518 
-86.8795777881242 -148.643313528404 0 37.9999996200181 
103.486780002466 203.277473992048 0 37.9999996200664 
57.1932618673532 -165.035116973557 0 42.9999995704243 
164.746702898534 153.395395827073 0 40.9999995900015 
8.33783892772688 -94.2597857440697 0 42.9999995706645 
82.056074914087 -20.0622871677482 0 39.9999881004283 
153.10928509673 -52.2405314822632 0 37.999999619701 
74.4875315370919 68.6153053963112 0 49.0000021901683 
-64.381186137999 74.6649910672459 0 51 
-4.49688277535726 -4.16944959198617 0 47.9999935405433 
-75.8433041462107 -65.3714663869831 0 45.9999995397484 
-168.280962867813 -35.9728395443606 0 51 
207.523651510342 45.0405946573229 0 46.0000055194237 
-40.8978675209067 218.30567220786 0 43.9999995600339 
15.2433203918354 145.421058941184 0 47.9999995200456 
145.077753073281 -160.527783971481 0 44.9999995501074 
-172.228251091693 -130.890798540507 0 43.9999995601706 
