267.0820701664
-123.483020362006 -142.277321992691 0 15.9999992629943 
210.500834689847 135.020146880344 0 17.0000005599561 
-259.261000190346 20.1682070533601 0 4.99999995039548 
-90.601943134127 241.186242253649 0 8.00000049665422 
142.634338465844 216.484337513174 0 6.99999992960452 
-259.075089120393 -12.3811565109552 0 5.99999994 
209.068397340508 -158.086547405245 0 3.99999995980226 
-218.462674906736 147.931104437856 0 1.99999998029661 
128.03048088002 226.539145196698 0 5.99999994 
244.000155144246 -100.219417175483 0 1.99999998029661 
233.714280891083 -70.3824693822017 0 22.9999997699721 
-99.2073650402458 74.0760621164494 0 22.9999997700106 
27.2892182775654 196.748926424636 0 19.9999998000243 
239.977291020553 58.8255836578298 0 19.9999998000151 
240.992941688599 -22.9375428783681 0 24.9999997501647 
92.9327140294576 -226.07940475408 0 22.0000045197443 
177.830644678423 -167.189470068936 0 22.9999997699918 
-184.402931281345 156.841597314164 0 25.0000020298011 
28.9988174189797 242.353312316965 0 22.9999950303702 
-233.76849075023 66.6422214923973 0 23.9999997599058 
202.728193505566 -117.028608835007 0 32.9999996700319 
138.950397327953 -197.011044775665 0 25.9999997400207 
-133.095888729968 -191.344547857462 0 33.99999966009 
145.381356656843 -96.2358160951036 0 27.9999997183268 
-211.962075306161 112.745166915011 0 27.0000132898702 
-78.4242707942888 -118.387805954987 0 34.9999996499015 
6.33040671095962 83.4088695319063 0 28.9999997099917 
-147.02889712283 108.631828859159 0 35.9999996400037 
210.861832817885 20.6642321569411 0 27.999986161802 
-24.8721277433197 -71.7705525293226 0 36.0000027599615 
82.7952444210505 213.596681966436 0 37.9999996196594 
-60.1062689491215 -215.870356446564 0 42.9999995778883 
178.835994879326 -38.1859488102189 0 38.9999996099134 
26.5832003788489 -225.52073112429 0 39.9999996000203 
-6.51664232925004 -148.608541334221 0 42.9999995700087 
-181.480075420598 -131.444873612718 0 43.0000035620636 
89.7379169334985 -57.6173306944503 0 37.9999996200663 
186.87422701685 82.1507459442707 0 37.9999881204838 
40.4362930833269 139.913647619787 0 37.0000111298963 
-73.7924642659115 15.3386570380023 0 40.9999995899999 
85.3919631684411 -144.508717010864 0 49.0000021898032 
-216.937327125337 -51.9981377148384 0 43.9999995600351 
-119.630232236718 185.919040142552 0 45.9999995398463 
-126.950407821718 -53.5324754571732 0 45.9999995399914 
116.918686533557 27.1305648077839 0 51 
-54.4113259286676 123.898912227665 0 44.0000115195497 
-34.9778691147078 219.31028264139 0 44.9999875906199 
17.5303573447984 4.1967419609801 0 51 
149.882162557461 159.78826936201 0 47.9999995201232 
-172.623058424749 28.6259617858431 0 47.9999995200557 
