2.050  7.94999977230053E+0000  5.44999974353186E+0000  4.91540683952185E+0000
1.897  2.03115135029991E+0000  2.03363571650140E+0000  1.04446526886608E+0001
1.485  1.50011413226782E+0000  6.00041544321852E+0000  1.48716364907061E+0000
0.952  4.72125053152602E+0000  9.52000208031210E-0001  5.98714195336528E+0000
1.933  1.93300020000000E+0000  5.56699944440734E+0000  8.70744128220757E+0000
2.098  7.90199973053367E+0000  2.09800023913438E+0000  1.23496179366357E+0001
1.699  8.29102884780858E+0000  1.72147620108932E+0000  5.97870465963742E+0000
0.890  8.99595892080700E-0001  6.60039651371854E+0000  1.11285521505373E+0001
0.844  9.09863060220238E+0000  3.02369704682894E+0000  8.08990278591487E+0000
0.972  4.67968689086100E+0000  6.51933667954547E+0000  4.62880546364329E+0000
1.239  1.23900062579781E+0000  6.26099979138302E+0000  1.32086175577720E+0001
1.463  8.49735770103008E+0000  5.96200250603178E+0000  1.47273269190044E+0000
1.329  1.32900022641468E+0000  3.69615549352211E+0000  1.31186179861482E+0001
1.345  4.34499580546053E+0000  1.41204842737283E+0000  1.29718705227759E+0001
1.600  5.06291664262965E+0000  5.89999976036860E+0000  7.10281491188705E+0000
1.177  1.17700020353779E+0000  1.17700020349339E+0000  1.32706179912944E+0001
2.010  2.01000020000000E+0000  2.01000055210414E+0000  6.53778103069200E+0000
1.953  5.13245020912218E+0000  5.39684319486245E+0000  1.95889520439920E+0000
2.030  7.96999980000000E+0000  5.46999980000000E+0000  9.23374687171487E+0000
0.816  4.38007656361155E+0000  6.68266994774536E+0000  9.28491971642359E+0000
1.927  1.92700043062854E+0000  5.57299980000000E+0000  4.84745017630401E+0000
2.106  5.61807016934138E+0000  2.11493316786495E+0000  8.66942977913638E+0000
1.198  5.14465662817926E+0000  1.19800021261586E+0000  3.89364893017940E+0000
1.525  8.44179762905120E+0000  5.81814039098377E+0000  1.28263663486397E+0001
1.226  8.77399978688097E+0000  1.22600022541571E+0000  9.26283790865521E+0000
1.489  4.80878329991744E+0000  3.65107827688151E+0000  4.97532039667472E+0000
2.272  2.27200020460740E+0000  2.27457035488380E+0000  2.27200020000000E+0000
2.167  7.83299980000000E+0000  2.25380442560961E+0000  2.16700020000000E+0000
2.382  4.60512989466198E+0000  5.11799977116955E+0000  1.20656179796485E+0001
0.653  6.61584087818659E+0000  6.78734675551121E+0000  1.37246182384900E+0001
 1.44476181912944E+0001