1.660  8.33999980000000E+0000  5.01051065622441E+0000  4.21304203875016E+0000
1.998  7.49016147901845E+0000  8.00199980000000E+0000  6.13910900056237E+0000
1.405  4.89355706561489E+0000  5.40725489214923E+0000  1.12315192469079E+0001
0.871  9.12899976628562E+0000  5.41309697710610E+0000  1.17655193038668E+0001
1.712  1.71200024486806E+0000  4.11679515355564E+0000  6.61983049924152E+0000
2.213  2.29372530307113E+0000  7.78699978792657E+0000  1.04144406388214E+0001
2.004  5.03100741861083E+0000  5.32390862077362E+0000  7.81135191661415E+0000
1.208  8.72359847198403E+0000  4.90019852314998E+0000  1.26486571576899E+0000
2.088  4.62822081114629E+0000  5.44450204114999E+0000  3.74100948010046E+0000
0.719  9.18310464541974E+0000  9.16134079994124E+0000  8.12072947300245E+0000
2.324  7.66643287295473E+0000  2.97225349565565E+0000  1.03125193326106E+0001
1.235  1.24177452394667E+0000  1.26084239794765E+0000  5.41944235214190E+0000
2.065  7.49803374027449E+0000  7.93499980000000E+0000  2.06500020000000E+0000
2.411  2.75526788470509E+0000  2.41100020000000E+0000  1.02255189908403E+0001
2.163  6.82199307486634E+0000  2.16300020000000E+0000  2.16300020000000E+0000
1.389  8.60522873942248E+0000  5.04763302140902E+0000  7.37395739543759E+0000
0.973  1.01398014883220E+0000  5.14938146601600E+0000  9.06068661571479E+0000
2.116  2.13670593077680E+0000  7.88399980000000E+0000  6.08937627359559E+0000
1.053  4.72790039185231E+0000  8.94699978837146E+0000  1.05300020533160E+0000
1.030  1.03000020291445E+0000  5.04856977207259E+0000  1.16065193210582E+0001
2.254  7.57642034833467E+0000  7.74599980000000E+0000  1.03825193001437E+0001
1.065  1.11293589647066E+0000  5.18280588779611E+0000  1.10790645473100E+0000
1.346  4.90060425531101E+0000  8.65399980000000E+0000  8.15192500330933E+0000
1.253  1.27055613351231E+0000  5.28572251195286E+0000  3.81853254853969E+0000
1.989  1.98900020000000E+0000  8.01099975173419E+0000  1.98900025014438E+0000
2.199  2.19900038267677E+0000  2.26653483671413E+0000  2.19900031171684E+0000
1.966  8.03156097965262E+0000  1.96600020000000E+0000  6.15821563739690E+0000
0.894  5.45229356105494E+0000  9.53120648564450E-0001  1.16569402374100E+0001
1.841  4.26112222437272E+0000  1.84100026084385E+0000  5.64692403969817E+0000
0.626  7.54282930378250E-0001  9.24204373120486E+0000  8.27661606498695E+0000
 1.26365195326106E+0001