2.494  7.50599980000000E+0000  5.00599980000000E+0000  1.21954815530293E+0001
1.371  1.49974343642054E+0000  1.44453190847318E+0000  1.45563953603355E+0000
1.368  5.13289249689155E+0000  4.33665447696393E+0000  2.23453867749062E+0001
1.768  4.98954126780077E+0000  1.79056891960358E+0000  5.85523448092927E+0000
1.339  8.58273520084810E+0000  1.37395667908088E+0000  1.14056772693659E+0001
1.679  5.05227540731555E+0000  1.67900044218089E+0000  1.32587878293281E+0001
1.445  8.42975130785014E+0000  1.53581511358433E+0000  3.38636318230529E+0001
1.259  8.65356125159980E+0000  1.29989616667650E+0000  1.92041644192729E+0001
1.853  5.05731017710310E+0000  1.85305767282866E+0000  1.85336802527832E+0000
1.961  8.03899857653311E+0000  5.53899980000000E+0000  2.81112177596126E+0001
1.425  1.44945750153146E+0000  6.02227733680738E+0000  1.57603279773632E+0001
1.298  4.99074732939840E+0000  6.20199002683032E+0000  4.64463708170576E+0000
2.088  7.91199980000000E+0000  2.19074943492310E+0000  3.03844303260760E+0001
2.454  2.45400057014508E+0000  5.04599693627951E+0000  1.21261565241687E+0001
2.364  7.50428140929740E+0000  5.13599980000000E+0000  1.94330184698791E+0001
1.700  8.24613694307733E+0000  1.73153623147856E+0000  4.57215051052405E+0000
1.963  1.96300023777751E+0000  5.53699973482785E+0000  2.79178414257758E+0001
1.518  5.04996828657317E+0000  1.51800021235772E+0000  2.44041165548957E+0001
2.000  4.98890510144376E+0000  5.49999980000000E+0000  1.58855001879024E+0001
2.145  7.83229062220759E+0000  5.35204949736465E+0000  3.32018328041734E+0001
2.359  2.35900020000000E+0000  5.14099980000000E+0000  1.93431877990792E+0001
1.891  2.59173852978318E+0000  1.89100020000000E+0000  2.20718941673423E+0001
2.086  4.89200492061778E+0000  2.08600025702275E+0000  3.32638291995160E+0001
2.201  7.79899980000000E+0000  2.20100020000000E+0000  1.59490341166083E+0001
2.010  7.98999977850659E+0000  5.48999980000000E+0000  2.41408217238156E+0001
2.494  7.50599957616098E+0000  4.98260726477566E+0000  7.20753600455487E+0000
1.371  8.41967338188205E+0000  1.46565903555286E+0000  1.43230420898967E+0000
1.368  8.55617047157752E+0000  1.42120072666694E+0000  8.47163043221005E+0000
1.768  5.00047695938128E+0000  4.31430502614518E+0000  2.61292338248737E+0001
1.339  1.38879478846810E+0000  1.36950445332404E+0000  1.24630000084820E+0001
1.679  1.67900027383069E+0000  1.67900076369455E+0000  9.44013513102375E+0000
1.445  1.45422975651459E+0000  1.48688820767934E+0000  3.38606838933141E+0001
1.259  4.99387994946294E+0000  6.24099948261215E+0000  9.69565133243687E+0000
1.853  4.93463697966549E+0000  1.85300020186949E+0000  1.87990360608126E+0001
1.961  8.03899980000000E+0000  1.96100020000000E+0000  2.23207653614170E+0001
1.425  8.51933500836496E+0000  6.01101195654596E+0000  1.58670700699502E+0001
1.298  1.34271732830702E+0000  1.35547912404667E+0000  1.91464014419905E+0001
2.088  2.08800020000000E+0000  2.17420522738701E+0000  3.01731890262518E+0001
2.454  2.47878078308348E+0000  5.04599724627982E+0000  7.18062504707712E+0000
2.364  2.36402720028651E+0000  5.05763780495666E+0000  2.36400277311196E+0000
1.700  1.71643483245908E+0000  1.72639206521191E+0000  4.65610316059869E+0000
1.963  5.30458877552723E+0000  1.96300025061420E+0000  9.63665454765941E+0000
1.518  4.99092415302920E+0000  1.54152985250411E+0000  2.81108094779970E+0001
2.000  2.00000021449319E+0000  2.00000020000000E+0000  2.60898502075473E+0001
2.145  2.14576542660613E+0000  5.35071676875642E+0000  3.32040571647901E+0001
2.359  7.64099978820124E+0000  5.14099977408150E+0000  2.35900020000000E+0000
1.891  4.97761864063972E+0000  4.90497956237325E+0000  3.03622927298802E+0001
2.086  2.08600020000000E+0000  5.41399980000000E+0000  2.38465023651613E+0001
2.201  2.20100024064496E+0000  2.23796567419284E+0000  1.58302060424923E+0001
2.010  7.98999980000000E+0000  2.01000030540233E+0000  2.62911610878019E+0001
 3.53498293995160E+0001