1.103  6.42026127568137E+0000  3.27578843500759E+0000  3.28120955632528E+0000
1.455  6.46104108344482E+0000  6.34261952718127E+0000  1.45500020839342E+0000
0.672  3.27410591565181E+0000  8.92022525032270E-0001  8.01777753309280E-0001
1.478  8.52199980000000E+0000  1.47800020000000E+0000  4.72916319434584E+0000
1.103  6.45305022197622E+0000  8.80601330350311E+0000  3.34961909565391E+0000
1.455  6.50682027232785E+0000  6.46800053059990E+0000  5.07031966220801E+0000
0.672  9.32799972491783E+0000  2.63140876357543E+0000  3.10358181314492E+0000
1.478  5.58325633285859E+0000  1.50039179474034E+0000  5.04731964577725E+0000
1.103  8.84146225074353E+0000  6.64459700216781E+0000  3.34142647438907E+0000
1.455  1.45500020156850E+0000  4.52448614902224E+0000  1.45500020245084E+0000
0.672  6.46359815978276E+0000  9.19963461392233E+0000  7.31159335567120E-0001
1.478  8.52199980000000E+0000  1.47800027584308E+0000  1.47800031198596E+0000
1.103  1.10300242041264E+0000  6.48867627504820E+0000  3.05544540603688E+0000
1.455  1.95516746785425E+0000  1.45500020554514E+0000  5.06836163554269E+0000
0.672  7.97689875240640E-0001  6.53442034777109E+0000  5.67521644512171E+0000
1.478  1.47800040533912E+0000  8.52199885756915E+0000  4.60028936750739E+0000
1.103  2.94906690895318E+0000  6.41074371148390E+0000  5.38031688502290E+0000
1.455  1.45500020000000E+0000  4.32169364763303E+0000  5.07031965853673E+0000
0.672  6.45844288959042E+0000  9.10045289257706E+0000  5.72376207534304E+0000
1.478  8.52199980000000E+0000  4.36388779612264E+0000  2.11799442879096E+0000
1.103  3.14563187162439E+0000  6.41160747201908E+0000  1.10300032179457E+0000
1.455  8.54499980000000E+0000  8.54499980000000E+0000  5.07031964309387E+0000
0.672  9.01694807076473E+0000  6.25441655724809E+0000  7.95246092870560E-0001
1.478  1.53571834372406E+0000  8.51027721128007E+0000  1.49326394531873E+0000
1.103  4.70967356780763E+0000  6.75628596459112E+0000  3.27295456459207E+0000
1.455  8.54499980000000E+0000  4.39100118295409E+0000  5.07031955872892E+0000
0.672  3.77034879602029E+0000  6.72000300035420E-0001  5.85331955817188E+0000
1.478  4.44446338899432E+0000  4.21297700093642E+0000  1.47800029848902E+0000
1.103  2.98111775797556E+0000  3.16967278247683E+0000  3.33048493133887E+0000
1.455  1.45500020000000E+0000  1.45500020000000E+0000  2.20166731873531E+0000
0.672  5.90262869866269E+0000  5.12143264459079E+0000  3.29299546073786E+0000
1.478  8.42375981846877E+0000  8.52199964730351E+0000  1.47800021190694E+0000
1.103  3.75059946460957E+0000  1.10300023173097E+0000  3.27390150791259E+0000
1.455  4.51241611345434E+0000  8.54499980000000E+0000  1.45500020000000E+0000
0.672  9.32799976871759E+0000  9.32799976634601E+0000  3.25429290308139E+0000
1.478  4.56061342189674E+0000  4.27386258486956E+0000  5.04731964974680E+0000
1.103  2.98969978193943E+0000  5.37560955159149E+0000  3.31608919307062E+0000
1.455  4.37300214392859E+0000  8.54499980000000E+0000  5.07031963118410E+0000
0.672  6.72000206210370E-0001  2.70845950886394E+0000  6.72000200363460E-0001
1.478  5.56599935709054E+0000  1.47800052240859E+0000  1.47800025394272E+0000
 6.52531986220801E+0000
1.103  1.10300033231538E+0000  1.10300021490210E+0000  3.67197540052062E+0000
1.455  3.61209542136450E+0000  8.54499980000000E+0000  5.05735173986370E+0000
0.672  8.27911380121130E-0001  8.50788722504250E-0001  5.66412544395556E+0000
1.478  5.55887204819553E+0000  1.47800020000000E+0000  5.03435174057302E+0000
1.103  1.10300021941769E+0000  8.89699973609615E+0000  3.20335129597466E+0000
1.455  6.12048659800647E+0000  6.17626981283726E+0000  1.45500020000000E+0000
0.672  5.53603543396628E+0000  8.94741275739316E+0000  7.95295088168100E-0001
1.478  1.48714730246494E+0000  6.23171532765412E+0000  5.02175512094639E+0000
1.103  3.08804317355939E+0000  1.10300025167712E+0000  1.10300031344863E+0000
1.455  5.59447932785297E+0000  1.45500099543621E+0000  1.47345911785969E+0000
0.672  6.75035715565304E+0000  3.34882592676558E+0000  5.71846902307413E+0000
1.478  8.25375312462472E+0000  8.47074267713623E+0000  1.48670062573938E+0000
1.103  8.85511337685923E+0000  7.20009794129537E+0000  5.39997540444206E+0000
1.455  1.45500020000000E+0000  3.22436648452569E+0000  5.05735169073892E+0000
0.672  3.80927087835908E+0000  6.36107777791227E+0000  7.67951973402640E-0001
1.478  8.52199980000000E+0000  1.63415204041506E+0000  1.47800022156396E+0000
1.103  7.05250523824326E+0000  8.84672982328264E+0000  5.37253999006903E+0000
1.455  8.54499980000000E+0000  4.56697253357550E+0000  1.45500020000000E+0000
0.672  3.79023123448209E+0000  6.29052993524141E+0000  5.73028970737500E+0000
1.478  8.45223464782561E+0000  1.47800022533516E+0000  4.42904884922974E+0000
1.103  8.87184251906796E+0000  6.53327851695690E+0000  3.15741208659331E+0000
1.455  4.23212493359114E+0000  4.09366540186878E+0000  5.05735175070143E+0000
0.672  6.73603631980214E+0000  7.37199476406560E-0001  3.21076068195100E+0000
1.478  2.98557873077686E+0000  8.52199980000000E+0000  1.47800020000000E+0000
1.103  2.96435395089740E+0000  1.13481666812465E+0000  5.35137423859868E+0000
1.455  4.17402630561622E+0000  4.01307887369417E+0000  1.45500021120608E+0000
0.672  9.16447700700018E+0000  6.57395325598349E+0000  7.53394423674880E-0001
1.478  1.47800020000000E+0000  5.87587460854249E+0000  1.47800020156647E+0000
1.103  3.58368458946890E+0000  1.84675532801194E+0000  3.24158952520316E+0000
1.455  6.44523479635544E+0000  3.61356512557668E+0000  3.22985322489315E+0000
0.672  7.56994166316306E+0000  7.59068493976720E+0000  3.92493734077192E+0000
1.478  6.10220627659683E+0000  6.35652010715696E+0000  5.03435174021401E+0000
1.103  1.10300024574953E+0000  8.89699948395491E+0000  5.40935172693221E+0000
1.455  3.80445107265246E+0000  6.30294380594079E+0000  3.21228092362907E+0000
0.672  7.27138462005035E+0000  5.64266863637172E+0000  3.26601887081299E+0000
1.478  8.52199980000000E+0000  4.65879631845146E+0000  5.01787735119624E+0000
1.103  8.87533631888061E+0000  8.88906640433663E+0000  3.96845036309563E+0000
1.455  5.77397340992997E+0000  8.54499980000000E+0000  3.10943330707819E+0000
0.672  9.32799976918719E+0000  2.84319671674997E+0000  5.84035172897277E+0000
1.478  1.47800020588018E+0000  2.95166023498681E+0000  1.91033000048567E+0000
 6.51235195070143E+0000
1.103  6.23849555771878E+0000  8.89699931709634E+0000  2.50357155025166E+0000
1.455  5.61321365716809E+0000  8.54499980000000E+0000  4.95886904306090E+0000
0.672  9.02419140929722E+0000  8.37631046037070E-0001  3.08822379236100E+0000
1.478  8.47928780279347E+0000  3.62727589023729E+0000  4.93586904546695E+0000
1.103  3.56583119804768E+0000  8.89699980000000E+0000  3.46632516427552E+0000
1.455  2.02504112789705E+0000  8.54499980000000E+0000  1.45500020000000E+0000
0.672  9.17586117087333E+0000  6.53504415611826E+0000  3.40687886641300E+0000
1.478  6.82400721281882E+0000  6.15109095117751E+0000  3.77325929809267E+0000
1.103  8.89609877435606E+0000  1.10489836038422E+0000  5.30895346926995E+0000
1.455  4.02862633229783E+0000  6.37596811646003E+0000  1.46107089950479E+0000
0.672  7.22247935271593E+0000  7.16187053216219E+0000  5.69926374623999E+0000
1.478  3.59034507579149E+0000  6.42662425639702E+0000  4.75703594542489E+0000
1.103  1.10301179343742E+0000  4.11460775046178E+0000  1.10300429091619E+0000
1.455  5.22649383008515E+0000  3.99591765571757E+0000  4.95886904843692E+0000
0.672  3.55189304483799E+0000  9.10133286702567E+0000  5.63228908315802E+0000
1.478  1.47800027115216E+0000  8.51889066976540E+0000  4.93586893359101E+0000
1.103  8.89699980000000E+0000  6.14649300588105E+0000  5.31086902414566E+0000
1.455  4.48179382771878E+0000  1.45500020000000E+0000  1.45500020000000E+0000
0.672  4.85060571095558E+0000  5.35523736442016E+0000  3.22210558526356E+0000
1.478  6.03828124840544E+0000  4.08533759061309E+0000  1.50145251734532E+0000
1.103  6.46194145474654E+0000  7.09407754642619E+0000  1.11176811108146E+0000
1.455  8.54499980000000E+0000  5.63499945739477E+0000  1.45500020000000E+0000
0.672  1.74432001764061E+0000  7.97391030116960E-0001  5.68001717850400E+0000
1.478  3.61332464397905E+0000  1.47800098392317E+0000  4.46461315546353E+0000
1.103  1.10300027076490E+0000  5.99296206795666E+0000  5.31086904511265E+0000
1.455  7.39179423977716E+0000  1.45500020000000E+0000  1.45500020000000E+0000
0.672  7.52768671749710E-0001  3.30689351161312E+0000  2.80183787623562E+0000
1.478  1.47800046102252E+0000  3.46703362500085E+0000  4.93586885959550E+0000
1.103  1.10300174941015E+0000  1.10300052517897E+0000  3.97031811330559E+0000
1.455  8.54499971921435E+0000  8.54499980000000E+0000  1.45500024568763E+0000
0.672  9.27867077545554E+0000  7.22403591241020E-0001  7.29976811937210E-0001
1.478  1.55250887645607E+0000  1.60086272302845E+0000  1.47800110574118E+0000
1.103  8.89699980000000E+0000  3.28881078472043E+0000  2.41148375041682E+0000
1.455  1.45500020000000E+0000  6.01623496546830E+0000  2.77731017950777E+0000
0.672  5.18012068429780E+0000  6.89179533084750E-0001  5.73162894189903E+0000
1.478  6.56280082098084E+0000  1.47800020014287E+0000  4.26831364642851E+0000
1.103  4.53413669905507E+0000  8.89699819439219E+0000  1.10300043604710E+0000
1.455  3.37045191189388E+0000  3.82618685140568E+0000  2.72405312071904E+0000
0.672  9.16831433180501E+0000  2.59980682027305E+0000  7.23880938134040E-0001
1.478  8.48990942635287E+0000  8.52199980000000E+0000  4.38739309362989E+0000
 6.41386924843692E+0000
1.103  4.23496672718726E+0000  8.87195972958224E+0000  3.26168901963279E+0000
1.455  8.54499980000000E+0000  1.45500020026793E+0000  4.48270636411042E+0000
0.672  4.19564603779440E+0000  9.04375423980567E+0000  5.51814867796788E+0000
1.478  2.04861795385920E+0000  8.52136578809427E+0000  4.71507767482299E+0000
1.103  6.44497085923813E+0000  6.45055100955903E+0000  3.20456456239341E+0000
1.455  8.39731677635508E+0000  6.41309591247599E+0000  1.45500020355219E+0000
0.672  8.91860088444107E+0000  3.68798483876503E+0000  5.48560978127094E+0000
1.478  8.52199980000000E+0000  6.37107162585144E+0000  4.86584966740036E+0000
1.103  1.10300022059651E+0000  1.10300025359499E+0000  2.37975460044206E+0000
1.455  5.51559556508574E+0000  1.45500038251461E+0000  1.45500020755654E+0000
0.672  8.96480971285995E+0000  3.87326515429691E+0000  7.86457603537550E-0001
1.478  8.49311269728939E+0000  1.51131135950632E+0000  1.49785200698169E+0000
1.103  8.89699980000000E+0000  8.89699980000000E+0000  5.24084968756357E+0000
1.455  1.45500020000000E+0000  5.67008784025159E+0000  4.36061851115753E+0000
0.672  8.23288208659120E-0001  3.72392390800810E+0000  5.50856394432038E+0000
1.478  6.35906098091451E+0000  8.52199980000000E+0000  1.47800046910078E+0000
1.103  8.89699980000000E+0000  8.89699980000000E+0000  1.10300020159142E+0000
1.455  1.45500021394878E+0000  5.51044460119741E+0000  1.45500026617054E+0000
0.672  7.03353112203945E+0000  7.23915917393350E-0001  2.96773846379226E+0000
1.478  6.14920198695367E+0000  4.52949730054152E+0000  1.47800026397418E+0000
1.103  8.40019823955042E+0000  8.31461131973563E+0000  3.17192493044587E+0000
1.455  5.62841067893940E+0000  1.67349139368123E+0000  4.35459274367192E+0000
0.672  6.37141274520708E+0000  6.49800390750903E+0000  5.62951631066612E+0000
1.478  6.38658333896594E+0000  8.52199980000000E+0000  4.77314579075027E+0000
1.103  2.90198217628221E+0000  1.10300025849036E+0000  1.10300020000000E+0000
1.455  6.30290391116094E+0000  4.45337102858828E+0000  4.88884968421602E+0000
0.672  7.10058110184410E-0001  7.10064137787740E-0001  6.82732196201300E-0001
1.478  3.49085805787027E+0000  3.62008160738973E+0000  4.86584961418700E+0000
1.103  3.39078605960104E+0000  1.10300021582481E+0000  3.25416466231157E+0000
1.455  3.45866769695117E+0000  3.45605871079803E+0000  1.93761598521948E+0000
0.672  3.76546203995832E+0000  8.22870986643100E-0001  5.50226329960818E+0000
1.478  4.12354704891657E+0000  6.63773911263239E+0000  1.91386454578245E+0000
1.103  1.10498368936467E+0000  2.90198117286249E+0000  1.10300020590063E+0000
1.455  1.45500020184941E+0000  1.45500024366745E+0000  4.88884970359697E+0000
0.672  6.75989419476570E-0001  7.16225388039045E+0000  5.66794366527381E+0000
1.478  4.21761448635406E+0000  6.51577992016991E+0000  4.86584968752146E+0000
1.103  1.10300026435225E+0000  3.39078532588788E+0000  3.25416370632022E+0000
1.455  8.54499980000000E+0000  4.00891890958257E+0000  3.08785813126162E+0000
0.672  6.96481638653091E+0000  6.72000200502540E-0001  5.67184970465128E+0000
1.478  1.60121543306974E+0000  8.48492261546994E+0000  1.58881377091737E+0000
 6.34384990465128E+0000
1.103  1.13504881239127E+0000  8.79721330562603E+0000  2.92512347818079E+0000
1.455  6.54884765259082E+0000  3.52013252545784E+0000  1.92266252754999E+0000
0.672  8.43778715367420E-0001  3.84532767035547E+0000  5.44318226705150E+0000
1.478  1.57913311019423E+0000  1.47800022252841E+0000  4.80911569632063E+0000
1.103  8.89699979079036E+0000  3.36438571424535E+0000  3.16667009091304E+0000
1.455  6.55308757165393E+0000  3.57641194706232E+0000  4.83211568257254E+0000
0.672  4.69066922872940E+0000  3.25095084560688E+0000  3.18069937813255E+0000
1.478  1.48010539820104E+0000  6.39019758846451E+0000  4.68824364845313E+0000
1.103  6.65601411112071E+0000  1.10300472254165E+0000  3.14355309558330E+0000
1.455  8.54499980000000E+0000  8.43272435723204E+0000  1.45500020000000E+0000
0.672  2.94645512600023E+0000  7.59488401443120E-0001  3.08806523707885E+0000
1.478  3.78189226268091E+0000  4.53684884101716E+0000  4.80911573657249E+0000
1.103  6.65901589482522E+0000  8.89699980000000E+0000  3.11959586871699E+0000
1.455  8.54499980000000E+0000  1.45500020000000E+0000  4.83211571831753E+0000
0.672  6.89998073954570E-0001  8.11720373787490E+0000  7.09094382715710E-0001
1.478  4.52362264202207E+0000  1.47800144676084E+0000  4.54849393936181E+0000
1.103  8.88577579403871E+0000  4.60307315747435E+0000  5.16748840665284E+0000
1.455  3.25561677325015E+0000  8.54499980000000E+0000  1.45500021931238E+0000
0.672  6.51909924410355E+0000  7.78137506294920E-0001  7.69040186476520E-0001
1.478  5.90739751055737E+0000  6.34737655025464E+0000  1.47800025127510E+0000
1.103  8.89699919207057E+0000  4.14393977590483E+0000  1.10300021382962E+0000
1.455  1.45500020677117E+0000  6.25898097166914E+0000  1.45500020926739E+0000
0.672  3.68965000819076E+0000  6.45829075534822E+0000  7.41769781457270E-0001
1.478  8.51436495765500E+0000  8.24605654648130E+0000  4.80123618386103E+0000
1.103  3.49720493764357E+0000  6.34832949116547E+0000  2.99278559810665E+0000
1.455  3.78386062511401E+0000  4.32437027333220E+0000  1.45500023216523E+0000
0.672  6.47635919086550E+0000  7.86886333325000E-0001  5.49046165619330E+0000
1.478  8.52199980000000E+0000  5.90867939472331E+0000  2.94870684298349E+0000
1.103  1.10300020298368E+0000  8.89699978746594E+0000  5.18411570912507E+0000
1.455  8.54499980000000E+0000  1.45500025255813E+0000  1.45500044803455E+0000
0.672  5.02189884105325E+0000  7.98290940009444E+0000  2.81256205141042E+0000
1.478  1.53506554044361E+0000  1.47800020374461E+0000  1.47800021205998E+0000
1.103  5.88171578912949E+0000  8.89699980000000E+0000  5.18411574583659E+0000
1.455  3.49235801009022E+0000  8.51332820162502E+0000  4.35518176146181E+0000
0.672  7.98588375648375E+0000  6.18868069447768E+0000  5.53733660621875E+0000
1.478  4.49106644442038E+0000  1.47800021685100E+0000  1.47800086504105E+0000
1.103  5.76471185950361E+0000  8.89699980000000E+0000  1.10300020000000E+0000
1.455  1.45500020000000E+0000  3.88994909100471E+0000  3.14490859507544E+0000
0.672  1.36506863591489E+0000  9.29834972644720E+0000  7.41500271785050E-0001
1.478  6.01848782213108E+0000  6.43220525252397E+0000  4.43069423700419E+0000
 6.28711594583659E+0000
1.103  1.10300022277067E+0000  8.89699980000000E+0000  2.06044855411814E+0000
1.455  6.29646505270936E+0000  6.24550327740114E+0000  3.16344877151108E+0000
0.672  3.64939233514196E+0000  3.57718194660597E+0000  5.54927937607842E+0000
1.478  8.49269555087968E+0000  1.68506531527465E+0000  4.84203337699522E+0000
1.103  1.49206109132134E+0000  6.94806111901737E+0000  5.22389735003607E+0000
1.455  5.59820470526691E+0000  8.49533412881456E+0000  4.87189733556254E+0000
0.672  3.64924412033144E+0000  3.57597128029108E+0000  7.59915781874370E-0001
1.478  3.90054677844762E+0000  6.09945330082062E+0000  4.84889729451584E+0000
1.103  1.49206109104583E+0000  6.94806111929574E+0000  1.10300020000000E+0000
1.455  5.59820470184528E+0000  8.49533412776685E+0000  1.45500020747853E+0000
0.672  9.18242230328086E+0000  6.86049879664448E+0000  3.16416294885663E+0000
1.478  8.31494812987069E+0000  1.72383606103261E+0000  1.48485006210739E+0000
1.103  3.05193895909951E+0000  8.50793898752741E+0000  5.22389735003638E+0000
1.455  4.45691939887993E+0000  1.45500022787578E+0000  4.87189727598412E+0000
0.672  9.21223221604730E+0000  3.59157374647109E+0000  7.30041213500270E-0001
1.478  6.15041559946960E+0000  3.84958444578355E+0000  4.84889704278794E+0000
1.103  3.05193895882195E+0000  8.50793898780793E+0000  1.10300020000000E+0000
1.455  4.45691939896440E+0000  1.45500022787635E+0000  1.45500026705809E+0000
0.672  6.52316842613861E+0000  7.72972729509640E-0001  5.52375961299197E+0000
1.478  1.53307407171315E+0000  1.47800021226402E+0000  1.68544837551061E+0000
1.103  6.52472801736457E+0000  1.10603703052721E+0000  3.25882148355051E+0000
1.455  1.50466591066524E+0000  4.40179536506276E+0000  4.87189733556167E+0000
0.672  2.73184529268859E+0000  7.26939508374445E+0000  3.16278946157817E+0000
1.478  3.90054677860536E+0000  6.09945330067109E+0000  1.47800024829515E+0000
1.103  8.86594313226258E+0000  3.63729441659806E+0000  3.16250636203974E+0000
1.455  3.75449676554346E+0000  3.70353502878141E+0000  3.16344877150477E+0000
0.672  9.22049791748548E+0000  3.61162494090401E+0000  5.60005003692738E+0000
1.478  1.53307394178589E+0000  1.47800021226418E+0000  4.64144911408222E+0000
1.103  3.73722800722591E+0000  8.89699980000000E+0000  3.16344877326087E+0000
1.455  8.54499980000000E+0000  5.54308061012258E+0000  4.87189727598066E+0000
0.672  5.58781456831271E+0000  2.61541042213272E+0000  3.16176768647340E+0000
1.478  8.52199980000000E+0000  8.46692606741979E+0000  4.64144911926583E+0000
1.103  1.10300020511862E+0000  6.26277207140655E+0000  3.16344877326027E+0000
1.455  1.50466591170313E+0000  4.40179536848142E+0000  1.45500020747929E+0000
0.672  3.13824480370567E+0000  7.44974591112910E-0001  3.16254915037221E+0000
1.478  8.52199980000000E+0000  8.46692607297737E+0000  1.68544838117649E+0000
1.103  1.10300022277071E+0000  8.89699980000000E+0000  4.26644899312172E+0000
1.455  8.54499980000000E+0000  5.54308061008006E+0000  1.45500026705976E+0000
0.672  9.30029432685316E+0000  6.84221250990150E-0001  3.10365903632304E+0000
1.478  6.15041559931622E+0000  3.84958444595663E+0000  1.47800050002282E+0000
 6.32689755003638E+0000
1.103  8.66927469823771E+0000  7.02459865175798E+0000  1.10300020000000E+0000
1.455  8.52563717478708E+0000  1.45500020000000E+0000  4.36470052914806E+0000
0.672  3.74117330516748E+0000  6.30317137272437E+0000  7.76117135456360E-0001
1.478  1.47800021894149E+0000  8.46397467669065E+0000  4.38679137467392E+0000
1.103  6.81254543409921E+0000  8.89699972176913E+0000  1.10300020293162E+0000
1.455  8.53396975553052E+0000  8.31114123387574E+0000  4.75474267910778E+0000
0.672  6.18935349250434E+0000  3.79722322066520E+0000  7.61848959532040E-0001
1.478  6.22173167195422E+0000  6.29626388940319E+0000  1.47800026990634E+0000
1.103  1.10302577864339E+0000  1.10301223061795E+0000  3.99084731483549E+0000
1.455  5.63523515041550E+0000  1.45500023431879E+0000  1.45500391883688E+0000
0.672  7.54201974327187E+0000  7.47360451032281E+0000  2.79846461230152E+0000
1.478  6.13466468013301E+0000  3.83983364811614E+0000  3.12004440606635E+0000
1.103  1.10301175919292E+0000  3.53691221908645E+0000  2.96657268925871E+0000
1.455  1.45500020354768E+0000  8.54499980000000E+0000  1.45500030109978E+0000
0.672  3.60055315832816E+0000  7.77157030195950E-0001  7.68324918433700E-0001
1.478  1.55761403164803E+0000  1.47800697812527E+0000  1.47800489891176E+0000
1.103  3.61745000480441E+0000  1.10304498652955E+0000  2.98735244965373E+0000
1.455  8.54499980000000E+0000  1.49204272148476E+0000  1.45500025703906E+0000
0.672  9.16956179089761E+0000  6.32665347340631E+0000  5.45578524711254E+0000
1.478  8.52199971102107E+0000  4.42486520027813E+0000  1.47800035420963E+0000
1.103  1.16062096752405E+0000  3.00510484039527E+0000  5.10673968068096E+0000
1.455  4.35350554934149E+0000  8.54499976345958E+0000  1.71339763791197E+0000
0.672  7.90543140380670E-0001  3.52477957636810E+0000  7.79344994875940E-0001
1.478  4.41323109411797E+0000  8.52199958301128E+0000  4.73174263528181E+0000
1.103  3.00584680906872E+0000  1.12862475281526E+0000  5.10673319433166E+0000
1.455  1.45500025980213E+0000  5.55423538098845E+0000  4.75474253443739E+0000
0.672  6.52933460320088E+0000  9.10876212314308E+0000  5.42156987276462E+0000
1.478  1.47800023041870E+0000  5.61218411950331E+0000  1.47855023758261E+0000
1.103  8.89699980000000E+0000  6.32589652134115E+0000  3.18299884397298E+0000
1.455  8.54493514774944E+0000  4.33867789736525E+0000  4.75474267111634E+0000
0.672  9.22439240496585E+0000  3.04202232487468E+0000  3.04120162648054E+0000
1.478  3.68442214822724E+0000  3.64504391830023E+0000  1.47800055990310E+0000
1.103  6.52063928418597E+0000  8.89699980000000E+0000  3.28960229039570E+0000
1.455  5.64189361212622E+0000  1.45500024964538E+0000  4.75474256409811E+0000
0.672  9.32799978838456E+0000  9.32799977698884E+0000  6.72000200000000E-0001
1.478  6.37024062076875E+0000  6.30658702575258E+0000  4.73174263245009E+0000
1.103  8.68501279281922E+0000  8.89699980000000E+0000  2.26932083917282E+0000
1.455  3.85081173772409E+0000  6.08970371130409E+0000  3.19222411207469E+0000
0.672  5.49689470848732E+0000  7.45495417780870E+0000  3.13768438386506E+0000
1.478  3.64363271147527E+0000  3.60183903501776E+0000  4.73173907175964E+0000
 6.20974287910778E+0000
1.103  5.93746298342608E+0000  5.76668783562136E+0000  1.12550013205346E+0000
1.455  8.54497047910654E+0000  5.58966220712028E+0000  4.66398464316961E+0000
0.672  3.64274986653792E+0000  7.97741263597080E-0001  7.88854976655040E-0001
1.478  1.48945722198783E+0000  8.34725570491866E+0000  1.49249512691770E+0000
1.103  3.46988413296097E+0000  1.10331037521341E+0000  3.13495423754933E+0000
1.455  1.45509915017752E+0000  8.52789986630416E+0000  4.75307479747598E+0000
0.672  3.52146504415486E+0000  9.06533390466121E+0000  7.75536275042520E-0001
1.478  5.57495391109156E+0000  8.52188799134875E+0000  4.49678990117545E+0000
1.103  6.88565613448020E+0000  6.91710080233737E+0000  2.95743663201109E+0000
1.455  5.63630375529860E+0000  5.59123791402845E+0000  4.75328557315478E+0000
0.672  7.25730901549693E+0000  6.72198137393230E-0001  2.88779287789253E+0000
1.478  8.52197969484697E+0000  1.69117861944026E+0000  1.47809563787218E+0000
1.103  8.01839995587505E+0000  3.63384216243540E+0000  3.10132112713158E+0000
1.455  1.45506003440405E+0000  5.61738666527049E+0000  4.75023585080875E+0000
0.672  9.24209495892655E+0000  6.96253649341544E+0000  3.13526808384843E+0000
1.478  8.52194209530521E+0000  1.47805112796984E+0000  4.42875398510683E+0000
1.103  6.79094820814117E+0000  3.65916532349119E+0000  1.11923588533598E+0000
1.455  1.68823885759680E+0000  1.84650121976289E+0000  1.45536695040985E+0000
0.672  9.21770414957973E+0000  3.63390366836211E+0000  7.26238352821850E-0001
1.478  8.52188786500011E+0000  8.52191952016668E+0000  4.72953889560628E+0000
1.103  3.40883522203002E+0000  8.89697624741181E+0000  3.14358676681693E+0000
1.455  5.60599968848661E+0000  8.54497709147129E+0000  1.45503634017822E+0000
0.672  6.87074018482590E+0000  5.09451251833575E+0000  2.89881676092914E+0000
1.478  8.52182304067691E+0000  5.57661555319808E+0000  1.47813379227768E+0000
1.103  5.81223904034072E+0000  3.62446131881691E+0000  3.12702028155237E+0000
1.455  1.45500894740074E+0000  5.37567815760854E+0000  1.45503217044739E+0000
0.672  5.35911904122534E+0000  3.54102329271328E+0000  5.52156678600725E+0000
1.478  3.53306747159731E+0000  3.58415108365973E+0000  4.36178514072366E+0000
1.103  3.55320188154678E+0000  7.03713458231623E+0000  5.10509132003277E+0000
1.455  3.88107545449131E+0000  3.76869012198867E+0000  1.45504018282651E+0000
0.672  6.72958171661490E-0001  6.72870033644370E-0001  2.91108416220152E+0000
1.478  1.47811415995544E+0000  1.49084949460747E+0000  4.73018244657432E+0000
1.103  7.10165056101913E+0000  3.52424409887833E+0000  5.10525014783755E+0000
1.455  3.91569987592197E+0000  6.45581139318950E+0000  2.57149374029635E+0000
0.672  8.82851256532592E+0000  3.31686026532587E+0000  5.53181265833147E+0000
1.478  8.52197189371891E+0000  8.52176539934832E+0000  1.77006706114748E+0000
1.103  1.10460678644940E+0000  3.57490548843010E+0000  3.24949363384214E+0000
1.455  5.61473687464036E+0000  1.45501522303610E+0000  1.78596003999574E+0000
0.672  9.32101875104978E+0000  3.61944052601940E+0000  4.31258664530004E+0000
1.478  5.57616694639504E+0000  1.47806175870604E+0000  4.72047273667591E+0000
 6.20828577315478E+0000
1.103  1.10300023582328E+0000  6.41234386716384E+0000  3.02826503792918E+0000
1.455  8.19353483899701E+0000  1.45500023332514E+0000  4.77954743110425E+0000
0.672  4.23224238276581E+0000  4.29192319136844E+0000  5.46943266525544E+0000
1.478  8.52199976421439E+0000  6.39302503789680E+0000  4.63050031180484E+0000
1.103  3.60280340805119E+0000  8.86012322156894E+0000  2.93519532173582E+0000
1.455  4.36499571036581E+0000  1.45500020000000E+0000  1.46033826017218E+0000
0.672  3.60228963770853E+0000  9.08014136707252E+0000  7.72795192432340E-0001
1.478  6.29748987274582E+0000  3.69262759903531E+0000  4.75654738287160E+0000
1.103  7.08436259557361E+0000  1.29531661673946E+0000  1.10300026757061E+0000
1.455  6.42032888025249E+0000  8.54499980000000E+0000  4.59716665996796E+0000
0.672  6.12073744075661E+0000  6.12119644471936E+0000  7.58566765611450E-0001
1.478  1.50105440202612E+0000  4.38754882842242E+0000  1.47800020445998E+0000
1.103  8.89699980000000E+0000  2.92581077781703E+0000  1.10300020000000E+0000
1.455  3.86161889387120E+0000  3.83628008650467E+0000  3.12916037713109E+0000
0.672  6.17062182018147E+0000  6.16035770858737E+0000  5.45166028333132E+0000
1.478  1.47800020000000E+0000  8.52199980000000E+0000  4.46711518470327E+0000
1.103  8.89699980000000E+0000  8.89699980000000E+0000  5.13154743400630E+0000
1.455  4.33514680315797E+0000  1.48679089570131E+0000  4.77954734503784E+0000
0.672  7.88729727846790E-0001  6.45498348642008E+0000  7.79217793209470E-0001
1.478  3.60216162354590E+0000  6.46653977580141E+0000  1.51093253108068E+0000
1.103  8.25445324068498E+0000  3.80167638723401E+0000  3.02300829048503E+0000
1.455  8.54499971949561E+0000  5.80175126884226E+0000  1.45500020694122E+0000
0.672  3.19213177125375E+0000  3.19756914966316E+0000  5.50260634884629E+0000
1.478  3.65659337232029E+0000  6.35957358910955E+0000  4.75654739722884E+0000
1.103  6.26130958227585E+0000  1.10300049641053E+0000  3.14065490681198E+0000
1.455  6.04954002456228E+0000  6.08812339661723E+0000  3.08244686333813E+0000
0.672  9.31793733587706E+0000  6.76966278106390E-0001  6.73292263679010E-0001
1.478  1.47800022107409E+0000  4.36165707772776E+0000  4.75654720382875E+0000
1.103  3.94365788271607E+0000  8.89699980000000E+0000  5.13154744837458E+0000
1.455  1.45500020000000E+0000  1.45500020160000E+0000  1.45500036525761E+0000
0.672  9.28366269187769E+0000  9.28366268966494E+0000  6.81272395052690E-0001
1.478  1.47800674136331E+0000  8.52199310861545E+0000  1.47859205290593E+0000
1.103  8.89699980000000E+0000  3.88905020871132E+0000  5.13154745664359E+0000
1.455  1.45500031944949E+0000  1.45500022014978E+0000  4.36500096709344E+0000
0.672  6.72000311109080E-0001  6.35484886015993E+0000  4.74918354212958E+0000
1.478  5.72629410684430E+0000  8.52199980000000E+0000  1.47800023819513E+0000
1.103  8.89699980000000E+0000  1.10300021038369E+0000  2.34549747195287E+0000
1.455  6.23687002314348E+0000  3.68303978672587E+0000  1.45500020000000E+0000
0.672  1.68999778626075E+0000  6.68417824571647E+0000  5.56254735526340E+0000
1.478  8.52199980000000E+0000  8.52199980000000E+0000  2.55145361883026E+0000
 6.23454765664359E+0000
1.103  5.74792845199114E+0000  8.87050644328603E+0000  3.29498598320945E+0000
1.455  6.53878592681863E+0000  3.63449213446062E+0000  4.78774566607271E+0000
0.672  7.38138271342345E+0000  7.09590557568882E+0000  3.12982644053763E+0000
1.478  3.62012153243989E+0000  8.52199978057017E+0000  1.78582688141536E+0000
1.103  6.55443224960856E+0000  1.10300073542477E+0000  3.02251555472789E+0000
1.455  8.54499980000000E+0000  5.69931377392851E+0000  4.36381179421218E+0000
0.672  6.75569901500601E+0000  5.17776001627388E+0000  3.27675543189918E+0000
1.478  7.85457371100362E+0000  8.52199978551594E+0000  4.76474548498530E+0000
1.103  8.87113366549334E+0000  3.50803228780124E+0000  3.01717072254325E+0000
1.455  8.54499980000000E+0000  5.61610390857426E+0000  1.45500024837869E+0000
0.672  7.20857905896850E-0001  9.14373895264680E+0000  3.01911840161446E+0000
1.478  8.52199980000000E+0000  1.47800022588415E+0000  4.65028035368656E+0000
1.103  3.53840109894736E+0000  6.27301809809001E+0000  3.12708095362599E+0000
1.455  3.71444371159935E+0000  4.33534436204179E+0000  4.78774560565124E+0000
0.672  6.43514463976016E+0000  8.04315662982870E-0001  7.80281824089810E-0001
1.478  5.75134521345237E+0000  6.43633890801281E+0000  1.80883604327002E+0000
1.103  1.10300022352770E+0000  8.89699978189544E+0000  5.13974549575977E+0000
1.455  1.62814637820582E+0000  1.45500020000000E+0000  4.74181087535320E+0000
0.672  9.05015440517684E+0000  3.67439160121381E+0000  5.42769034626205E+0000
1.478  4.55832027269035E+0000  1.47800024346436E+0000  4.61514759284522E+0000
1.103  1.10300023412729E+0000  8.89699980000000E+0000  1.10300025371661E+0000
1.455  8.54499980000000E+0000  1.45500020000000E+0000  1.45500024732732E+0000
0.672  9.32799970025562E+0000  7.51047290095546E+0000  3.56961728481704E+0000
1.478  8.52199979363244E+0000  8.52199980000000E+0000  1.85215419662706E+0000
1.103  1.10300021599109E+0000  3.88002721630145E+0000  1.10300020000000E+0000
1.455  1.60769851109623E+0000  6.41411007728091E+0000  1.45500020000000E+0000
0.672  2.10184335395616E+0000  7.80128653993126E+0000  3.18982891214648E+0000
1.478  5.73993406771688E+0000  6.45651237685320E+0000  4.76474563692697E+0000
1.103  1.10300020000000E+0000  3.92668696274657E+0000  5.13974568630552E+0000
1.455  1.58863107617379E+0000  6.41184335355820E+0000  4.77707871200402E+0000
0.672  7.07219676158600E-0001  7.60152246284920E+0000  3.10563370049881E+0000
1.478  6.51704591089214E+0000  3.53555204714841E+0000  1.85649512626531E+0000
1.103  6.08074873672781E+0000  8.89699980000000E+0000  1.10300024498116E+0000
1.455  1.45500071340986E+0000  1.45500021574659E+0000  1.83696607076597E+0000
0.672  2.11310902578315E+0000  9.24650594819453E+0000  3.28174562888732E+0000
1.478  3.62541885766850E+0000  8.52199980000000E+0000  4.74182274526358E+0000
1.103  1.78447795083439E+0000  4.47572871697743E+0000  3.11475704639459E+0000
1.455  3.72645365557375E+0000  4.34418550653329E+0000  1.45500020000000E+0000
0.672  2.83470054089728E+0000  2.57901728476133E+0000  6.72000307726120E-0001
1.478  4.40542615494169E+0000  1.47800094133018E+0000  1.64312704338736E+0000
 6.24274588630552E+0000
1.103  6.36481966367227E+0000  1.12122342321241E+0000  3.34401808967664E+0000
1.455  1.45500021532451E+0000  3.65484396665277E+0000  1.45500020033362E+0000
0.672  7.69062830519440E-0001  5.66978258703886E+0000  7.61809980105290E-0001
1.478  5.75088237406772E+0000  3.62589833357963E+0000  1.47800021864284E+0000
1.103  1.10300031565171E+0000  5.66768842534863E+0000  2.99380475185691E+0000
1.455  1.51940186132983E+0000  8.54499980000000E+0000  4.31426233791728E+0000
0.672  2.88777997149316E+0000  7.35399791481306E+0000  3.09141569870689E+0000
1.478  3.69570128381391E+0000  1.47800024505869E+0000  4.76885770339790E+0000
1.103  6.47785256440260E+0000  8.86060245397947E+0000  3.16028444647006E+0000
1.455  3.65609031005401E+0000  1.57314188688481E+0000  1.45500020000000E+0000
0.672  6.97366952850969E+0000  4.68892926029827E+0000  3.01885748760676E+0000
1.478  6.41084883154466E+0000  6.48836799949719E+0000  1.85921076558916E+0000
1.103  8.87782307245768E+0000  6.52350511780778E+0000  3.08566382148215E+0000
1.455  8.54499980000000E+0000  1.63000875668038E+0000  1.81661833174980E+0000
0.672  5.09064033532047E+0000  5.19351730598605E+0000  2.99217666534039E+0000
1.478  8.50939798746007E+0000  8.50639637298906E+0000  4.74889741652320E+0000
1.103  3.42752388796421E+0000  3.53816445267578E+0000  3.08003402492709E+0000
1.455  1.52892420170595E+0000  3.66374924895037E+0000  4.79185775262306E+0000
0.672  6.29495969084270E+0000  9.00901882976084E+0000  7.86859433591860E-0001
1.478  8.52199980000000E+0000  1.47800021287630E+0000  4.74558676652079E+0000
1.103  1.10300021615782E+0000  1.10300021569515E+0000  1.10300020000000E+0000
1.455  1.47648818959037E+0000  7.67665673007050E+0000  1.45500021046008E+0000
0.672  3.67249019901636E+0000  3.70522791369074E+0000  5.50813781505443E+0000
1.478  8.52199980000000E+0000  4.42848457696096E+0000  4.56508259826620E+0000
1.103  1.10300020586526E+0000  1.10300020557775E+0000  5.14385777275507E+0000
1.455  8.54499980000000E+0000  4.51745325607954E+0000  1.45500030775640E+0000
0.672  9.32799971797540E+0000  3.24017572387483E+0000  2.96483629653974E+0000
1.478  3.60068506274712E+0000  5.65434365691313E+0000  1.47800023775225E+0000
1.103  6.14575472740193E+0000  1.10300021360251E+0000  1.10300021448120E+0000
1.455  6.40288605669754E+0000  6.44353326212820E+0000  4.79185772344718E+0000
0.672  6.72000221596740E-0001  9.32799977166226E+0000  2.52737889493497E+0000
1.478  4.26201367497545E+0000  8.52054392151553E+0000  1.83464829905232E+0000
1.103  1.72382432879895E+0000  1.73457183025852E+0000  3.12342898978353E+0000
1.455  4.38994280168574E+0000  8.54499980000000E+0000  4.79185764178300E+0000
0.672  7.26131366235526E+0000  3.00949679299535E+0000  5.57485775991033E+0000
1.478  8.52199980000000E+0000  8.52199980000000E+0000  1.47800037207279E+0000
1.103  1.10300020784634E+0000  6.16135828157929E+0000  5.14385776413315E+0000
1.455  5.61063838911561E+0000  3.66998421074842E+0000  4.40731406087523E+0000
0.672  4.91727976221535E+0000  2.14295166235840E+0000  3.08203431829033E+0000
1.478  3.55077725339472E+0000  5.75777384027360E+0000  4.43176905110183E+0000
 6.24685797275507E+0000
