0.898  4.24573412812961E+0000  8.96093391202009E+0000  3.74397317894526E+0000
1.678  8.32200000000000E+0000  8.32199984315662E+0000  1.67799998455235E+0000
0.805  6.51182045724153E+0000  3.80366479020433E+0000  3.11216197165244E+0000
1.063  3.08982448280335E+0000  3.08982451184479E+0000  2.90001357897520E+0000
1.188  6.01015900177818E+0000  1.46053365949784E+0000  5.11350240794886E+0000
0.898  8.86542930976706E+0000  9.28451433595720E-0001  5.60118856135955E+0000
1.678  1.69243127433913E+0000  1.98972911978210E+0000  4.91628667094338E+0000
0.805  3.72548179650114E+0000  9.19499993459709E+0000  8.28345461778870E-0001
1.063  8.92555344446573E+0000  6.85838089976637E+0000  4.02010351690522E+0000
1.188  1.76588997226636E+0000  5.23430992242518E+0000  1.18800098915331E+0000
0.898  2.96907783237924E+0000  8.98917363850735E+0000  3.25198403837960E+0000
1.678  5.86975020706722E+0000  1.67800004714125E+0000  1.64194444803498E+0000
0.805  4.32305681421912E+0000  7.67239012717437E+0000  8.05000458947710E-0001
1.063  4.22203172746950E+0000  1.08352398647016E+0000  3.30563977710724E+0000
1.188  4.24930287413151E+0000  6.75088590833030E+0000  1.18800007715272E+0000
0.898  2.76450123413330E+0000  4.27817979033392E+0000  4.04569856588660E+0000
1.678  6.84245858493029E+0000  1.67800000000000E+0000  1.71684489975311E+0000
0.805  9.10105807188830E+0000  8.50326377686060E-0001  2.72563347947551E+0000
1.063  1.06300005448943E+0000  6.54506264420192E+0000  1.06300003967459E+0000
1.188  8.79133398372947E+0000  8.65528936576298E+0000  5.40449535731187E+0000
0.898  9.15435157880450E-0001  9.10753861558090E-0001  1.96597719329196E+0000
1.678  8.32200000000000E+0000  4.96599962678454E+0000  1.67800002771571E+0000
0.805  3.94643227299038E+0000  2.96536858622894E+0000  5.78928644233009E+0000
1.063  3.79553559552860E+0000  1.07231202765340E+0000  3.12491361275540E+0000
1.188  5.94299137541717E+0000  6.48724049853253E+0000  5.13759570953321E+0000
0.898  9.03779997953763E+0000  2.68352962886648E+0000  5.69628682804987E+0000
1.678  4.38574374780031E+0000  4.13164376196224E+0000  4.91628683540315E+0000
0.805  9.18950838209956E+0000  6.14832171306300E+0000  5.76111190994347E+0000
1.063  1.06300008466771E+0000  5.23900764300545E+0000  3.83271488815710E+0000
1.188  8.81199964306816E+0000  1.18800006653745E+0000  4.83629593579086E+0000
0.898  8.98000000000000E-0001  7.19574665596934E+0000  2.83208426305985E+0000
1.678  1.67800004337850E+0000  8.09455523454632E+0000  1.67800002891711E+0000
0.805  3.43368117440488E+0000  6.30712523049035E+0000  5.78927778006102E+0000
1.063  5.72264807349099E+0000  8.93700000000000E+0000  3.75535291910342E+0000
1.188  2.94328668350821E+0000  1.18800000305661E+0000  5.35804073189950E+0000
0.898  9.10199991776554E+0000  2.63812995712961E+0000  8.98000113384130E-0001
1.678  8.32199999958924E+0000  3.96896350823739E+0000  4.91628683540315E+0000
0.805  7.54511054270517E+0000  9.17146315843928E+0000  3.84692194244783E+0000
1.063  7.36218649174498E+0000  6.46687846992407E+0000  1.06300004401056E+0000
1.188  1.18800000000000E+0000  2.94328647649096E+0000  5.40628223935268E+0000
0.898  8.98000114015570E-0001  8.98000038018210E-0001  5.69628679775515E+0000
1.678  5.11944778631051E+0000  4.97215585102865E+0000  1.67800619987079E+0000
0.805  8.12534877176730E-0001  3.43159614005207E+0000  5.78928647843413E+0000
1.063  6.87650448736113E+0000  6.48863600309965E+0000  3.21927750735077E+0000
1.188  1.18800000037733E+0000  8.81200000000000E+0000  5.34994966378479E+0000
0.898  3.08723890128620E+0000  8.13602615349984E+0000  3.38140272341560E+0000
1.678  5.43550009344377E+0000  8.32200044234189E+0000  4.91717783682224E+0000
0.805  8.12781268174290E-0001  4.93789750822271E+0000  3.02033066873027E+0000
1.063  2.72531686382640E+0000  5.25573460097868E+0000  1.06300001376251E+0000
1.188  2.91098262519259E+0000  6.73185372879564E+0000  5.30965698877754E+0000
 6.59514803682224E+0000
