1.471  3.94775305696363E+0000  1.47100020000000E+0000  8.21642456230919E+0000
1.358  2.13743957987121E+0000  3.64199980000000E+0000  8.32942456037859E+0000
1.471  1.47100020000000E+0000  3.52899979931230E+0000  1.60687192604777E+0000
1.358  8.64199954375375E+0000  3.64199969042104E+0000  6.27023918556502E+0000
1.471  1.49730661753623E+0000  3.51948615071468E+0000  5.25084079072418E+0000
1.358  4.24295289515284E+0000  3.64199980000000E+0000  6.42677068226287E+0000
1.471  6.04216599650487E+0000  1.47100020000000E+0000  6.15031691037639E+0000
1.358  1.35800033578365E+0000  1.35800033026632E+0000  3.41718577035470E+0000
1.471  8.50282052733801E+0000  1.47703588801510E+0000  4.43621096862322E+0000
1.358  7.86256044601259E+0000  1.35800020000000E+0000  1.35800020000000E+0000
1.471  8.52899980000000E+0000  1.47100020000000E+0000  8.08055301382808E+0000
1.358  5.75704713808620E+0000  1.35800020000000E+0000  3.26065410924386E+0000
1.471  6.05224693995944E+0000  3.52899980000000E+0000  1.47100020000000E+0000
1.358  6.63792793018696E+0000  3.64199980000000E+0000  4.43711186535930E+0000
1.471  6.43101443336124E+0000  3.52899980000000E+0000  8.21642456433490E+0000
1.358  8.64199980000000E+0000  3.64199980000000E+0000  2.60398499340271E+0000
1.471  3.56898562843965E+0000  1.47100020000000E+0000  1.47100020000000E+0000
1.358  3.36207208778365E+0000  1.35800020000000E+0000  5.25031293685015E+0000
1.471  3.95783401101288E+0000  3.52899980000000E+0000  3.53710785653817E+0000
1.358  1.35800020000000E+0000  1.35800020000000E+0000  7.08343978137554E+0000
 9.68742476433490E+0000
