1.737  4.49525065171003E+0000  3.26299980000000E+0000  8.31709686034075E+0000
1.926  8.07399980000000E+0000  1.92600020295582E+0000  3.04964301616707E+0001
1.610  5.07783871173942E+0000  3.38999978956760E+0000  2.93204103929790E+0001
2.295  7.70499980000000E+0000  2.70499980000000E+0000  2.15564791738867E+0001
1.751  4.84845367633548E+0000  1.75100020000000E+0000  3.22530059980459E+0001
2.234  2.72646851727763E+0000  2.76599980000000E+0000  2.23400020000000E+0000
1.281  1.28100020000000E+0000  1.28100020000000E+0000  5.07312421875282E+0000
2.355  7.24358693103603E+0000  2.35500020000000E+0000  1.12096133711830E+0001
1.878  1.87800020000000E+0000  3.12199979937548E+0000  3.06825251657873E+0001
2.138  5.00814386818668E+0000  2.86199980000000E+0000  1.52473964923684E+0001
2.329  2.32900020000000E+0000  2.56129079621783E+0000  1.16856755909550E+0001
2.014  7.98599980000000E+0000  2.98599980000000E+0000  6.95064317542335E+0000
1.755  1.75500187053219E+0000  3.24499978641864E+0000  1.79243060635625E+0001
1.815  1.83342571694630E+0000  1.86749181613665E+0000  3.41926811981556E+0001
2.437  2.43700020000000E+0000  2.43700021318179E+0000  3.83823749845359E+0001
2.402  2.40469849760882E+0000  2.40200020615987E+0000  2.64965255277841E+0001
1.483  8.51699980000000E+0000  3.51699980000000E+0000  1.46386691629551E+0001
1.851  8.14899976645862E+0000  1.85100021118523E+0000  3.42719409972717E+0001
1.477  1.47700028997185E+0000  1.47700022260377E+0000  1.52330759669715E+0001
2.246  2.24600020000000E+0000  2.75399980000000E+0000  2.18645908449513E+0001
1.373  5.04288745617214E+0000  1.37300020528567E+0000  2.36996455182104E+0001
1.423  2.50370901743246E+0000  3.57699980000000E+0000  5.81135659951988E+0000
1.741  4.77501349108138E+0000  1.74100020000000E+0000  1.89535608423996E+0001
1.858  8.14199980000000E+0000  1.85800020000000E+0000  1.75143219453974E+0001
1.608  1.60800020000000E+0000  1.60800020000000E+0000  7.93449334707712E+0000
2.392  7.60799980000000E+0000  2.51638720282920E+0000  3.84273749919042E+0001
2.404  7.54452262673952E+0000  2.59599980000000E+0000  2.62514734064210E+0001
1.692  4.93041405228922E+0000  1.69200020000000E+0000  5.30037069057321E+0000
2.382  7.61799980000000E+0000  2.61799980000000E+0000  2.38200020000000E+0000
1.695  5.07238693802028E+0000  3.30499980000000E+0000  3.53205551483774E+0001
 4.08193751919042E+0001