1.737  8.26299980000000E+0000  5.76299980000000E+0000  1.73700020000000E+0000
1.926  5.24000367179157E+0000  5.57399980000000E+0000  9.24694524702451E+0000
1.610  5.47301168122631E+0000  1.64636209887231E+0000  6.27284777581650E+0000
2.295  7.70499980000000E+0000  5.20499980000000E+0000  1.27902991649579E+0001
1.751  8.24899980000000E+0000  1.75100025822452E+0000  1.99481858706580E+0001
2.234  2.54562122200756E+0000  5.26599980000000E+0000  2.31572350409046E+0000
1.281  4.14518307832389E+0000  4.52112139864803E+0000  5.35575405976032E+0000
2.355  6.09249473605811E+0000  2.35500020000000E+0000  2.38423527647882E+0000
1.878  1.88848664160635E+0000  1.88904799046830E+0000  1.45453536700910E+0001
2.138  3.27877644776964E+0000  5.33735591461858E+0000  1.29965044764760E+0001
2.329  7.67099980000000E+0000  5.17099980000000E+0000  5.77810146094083E+0000
2.014  2.01400020000000E+0000  2.01400020000000E+0000  5.18420140652055E+0000
1.755  1.75500025473503E+0000  1.75500036777952E+0000  1.99834213826944E+0001
1.815  1.81500020000000E+0000  5.68499980000000E+0000  7.02932901141070E+0000
2.437  2.43700020000000E+0000  5.06299980000000E+0000  1.74850198371654E+0001
2.402  2.55091780316697E+0000  5.09799975298409E+0000  2.23225525421239E+0001
1.483  8.50403586323470E+0000  1.48536414485983E+0000  5.25669497720775E+0000
1.851  5.09559014143129E+0000  1.85100020000000E+0000  1.64840677665883E+0001
1.477  1.48577939535269E+0000  1.47969068065755E+0000  2.32388771121636E+0001
2.246  7.75399980000000E+0000  2.24600020000000E+0000  9.34608592818414E+0000
1.373  1.37300020000000E+0000  6.12699980000000E+0000  1.01554477825277E+0001
1.423  8.54759196072040E+0000  1.46104000349027E+0000  2.32340460779097E+0001
1.741  8.25899980000000E+0000  1.74100021064205E+0000  1.47860671777406E+0001
1.858  5.24637061832876E+0000  1.85800020000000E+0000  1.27781400438503E+0001
1.608  1.60800020000000E+0000  1.60800020000000E+0000  1.60800020000000E+0000
2.392  7.60799980000000E+0000  5.10799980000000E+0000  1.75246459735570E+0001
2.404  7.58049804637538E+0000  5.09599917278993E+0000  2.23205525252744E+0001
1.692  5.00441913958136E+0000  2.90147116577995E+0000  1.98901806066681E+0001
2.382  2.38200020000000E+0000  2.38200020000000E+0000  9.69619107648964E+0000
1.695  5.40510334632221E+0000  1.69500065533125E+0000  2.30295522803097E+0001
 2.47245527421239E+0001