0.701  9.15414214138618E+0000  4.66126002988049E+0000  2.55112187367492E+0000
0.587  6.35194040956710E-0001  3.45414339984770E+0000  2.68784081594577E+0000
1.567  4.38589777693827E+0000  3.45610014451456E+0000  1.70381449912614E+0000
1.004  8.96624027063741E+0000  8.96083140176007E+0000  1.04697069143825E+0000
1.661  1.67291741151096E+0000  1.68018720632648E+0000  1.66100020000000E+0000
0.819  6.65029066772730E+0000  2.81572128337095E+0000  8.91988890183040E-0001
1.104  5.89019328465719E+0000  1.17490802184770E+0000  2.18505420097417E+0000
1.486  4.25515505869551E+0000  6.52378238947099E+0000  1.51229419760936E+0000
0.975  9.01037079744985E+0000  3.79428914445792E+0000  9.96762373310750E-0001
1.492  6.60269330960026E+0000  8.40981378572531E+0000  1.75139733241248E+0000
0.701  4.80377515547728E+0000  9.21445526843623E+0000  7.15022787415570E-0001
0.587  2.50348683506100E+0000  6.45734068908148E+0000  2.70636095380052E+0000
1.567  7.00805151534074E+0000  5.20055448160895E+0000  1.73712006314660E+0000
1.004  4.19566198263560E+0000  8.95758232714084E+0000  2.30518147768218E+0000
1.661  1.66772341012442E+0000  8.32517349567525E+0000  1.66100020000000E+0000
0.819  9.15528489625778E+0000  5.77780262983940E+0000  8.36505087829440E-0001
1.104  8.85283323639894E+0000  7.14541060841800E+0000  2.19653204993585E+0000
1.486  8.45485211626475E+0000  1.50511503436115E+0000  1.77362961024539E+0000
0.975  4.15956348222853E+0000  9.95092886257350E-0001  9.98804816783200E-0001
1.492  1.55491102069565E+0000  4.97516826259966E+0000  1.52359242550439E+0000
 3.32200040000000E+0000
