1.000 -5.75235901286899E+0000 -6.98911620063582E+0001 -1.64900958368911E+0001
2.000  2.68460877052812E+0001 -3.73636068599441E+0001  5.56612086769604E+0001
3.000 -3.34667427601768E+0001  5.34125378722593E+0001 -3.53366610519346E+0001
4.000  2.92643857968365E+0001  2.84050726739277E+0001  5.73352811451886E+0001
5.000 -2.96811310189915E+0001  5.37970499719222E+0001  3.44377225284453E+0001
6.000 -4.44620433796032E+0000 -8.94021732471593E+0000 -7.06133742706173E+0001
7.000  2.72805652693126E+0000  5.78156541146137E+0001 -4.29309948185501E+0001
8.000 -4.94568526275013E+0001 -4.89790086407621E+0001  1.38574756154351E+0001
9.000 -3.94776872156818E+0000  5.73615551591717E+0001  3.68616958941609E+0001
10.000  3.81254925963118E+0001 -4.74545769269949E+0001  3.61740004659138E+0001
11.000 -1.47858338372606E+0001 -2.15110034213050E+0001  6.58208086949022E+0001
12.000 -3.51004272286378E+0001 -4.57030572051392E+0001 -4.08763969042526E+0001
13.000  1.56545396772342E+0001 -6.72043506098277E+0001 -6.04945351497431E+0000
14.000  1.34543426220691E+0001 -1.89838013398779E+0001  6.37740092086528E+0001
15.000 -3.13312838268769E+0001 -1.72308439611136E+0001 -5.75127822669191E+0001
16.000 -2.91513947976974E+0001 -5.79269152334497E+0001 -1.48044580057523E+0001
17.000  5.96201136998410E+0001  2.74983187530418E+0001  4.80114197020050E+0000
18.000 -5.03346416650295E+0001  3.44954825244579E+0001 -2.18995388374161E+0001
19.000  2.92656293205503E+0001  7.49724520934720E+0000 -5.62294951963848E+0001
20.000 -4.96212016151301E+0001 -1.24385395161034E+0001  3.64801073208677E+0001
21.000  4.21205851452465E+0001 -4.49383917879451E+0001  2.60450587680399E+0000
22.000 -5.09399488398839E+0001  2.82107873609080E+0001  1.75990587176685E+0001
23.000  3.99809476333310E+0000  7.42085668476321E+0000 -1.09376204316838E+0000
24.000  2.79328392073698E+0001  4.57027656775968E+0001  2.43339309085639E+0001
25.000  5.39927041142810E+0001 -6.06715118900990E+0000 -1.98099635637058E+0001
26.000  3.14941816678152E+0001  4.00264146821294E+0001 -2.52151882368712E+0001
27.000 -1.44897730532020E+0001  5.38467771138791E+0001 -2.77694191208251E+0000
28.000 -1.48329680763421E+0001  2.16111867949609E+0001 -4.81603032324623E+0001
29.000  4.23601235563102E+0001 -4.57092735563180E+0000  3.29019879394935E+0001
30.000 -1.09937875354665E+0001  1.67915866231522E+0001  4.88705584263519E+0001
31.000 -4.77993690349772E+0001 -1.38711777366311E+0001 -1.44672100589878E+0001
32.000  7.46849611420760E+0000 -3.42996057581403E+0001 -3.67639145376687E+0001
33.000 -6.73509291839739E+0000 -4.18395718430091E+0001  2.62155070903795E+0001
 8.28313584790946E+0001
