126.40915591826
-28.2393281882067 -7.63109628626903 0 1 
-48.3260065026104 -27.7941742263075 0 1 
-122.881322299287 19.437406636858 0 2 
97.7429472900085 76.7083344747094 0 2 
22.1448105933884 -117.335233056004 0 7 
-48.0121076087746 -108.235728476642 0 8 
11.1333532100273 -31.8090219258857 0 8 
-110.03377426147 30.8803888390179 0 12 
20.2223472452922 75.326440521447 0 12 
-48.0237932551818 -9.35752500865335 0 13 
15.9257694206377 -54.7945513359436 0 14 
-5.52730300122287 -7.13382154439329 0 15 
-11.3469398551779 109.460386483197 0 16 
-9.77439360142384 69.3100624550885 0 18 
23.0510442911681 105.922414150947 0 18 
106.378466758506 2.45018612292969 0 20 
66.9351522636848 10.1126052944523 0 20 
41.340298306054 -21.9327416605434 0 21 
-20.459469853061 -41.703163501723 0 22 
-85.5028605084005 58.1611001349931 0 23 
93.5853238511879 43.9913480274393 0 23 
-48.6479235219855 88.978595781121 0 25 
60.4259732192583 80.1916206924853 0 26 
48.3762841212632 -85.6948213573428 0 28 
-9.99701434570392 -91.7315592224828 0 28 
-40.5018910899208 33.6474118016166 0 28 
21.2871559660534 30.7392050828386 0 29 
87.0997221083168 -43.6139857639495 0 29 
-94.405886706201 -12.1403131263117 0 30 
-67.8574131326215 -67.0691984946617 0 31 
