115.16807783853
-36.5739056646081 11.1958284953279 0 13 
-49.9802392480493 -5.65353470574453 0 31 
-86.1036754171847 46.1773217940598 0 12 
81.7511711316577 59.0629697051193 0 8 
56.6768449723457 -79.5760164695059 0 20 
-50.7611508554598 -85.4502848786226 0 12 
38.8275860702437 -36.7629108213647 0 8 
-71.3738443840794 29.3052851149371 0 22 
-6.13449175274053 47.9023247986267 0 7 
-44.1555304324668 0.457204022502474 0 1 
37.7280561918058 -42.2429987138958 0 28 
9.03057300052477 2.98068416521295 0 23 
-31.1972830333734 75.3837413916909 0 28 
-1.12136987012565 12.4078014139433 0 2 
-18.825745865311 68.0425622405993 0 18 
72.4224365350895 -38.4396063335114 0 28 
49.0357482809119 3.36931167094471 0 18 
38.5924534097279 -26.562474535264 0 1 
2.04534028208753 -14.1448740315677 0 30 
-83.9601604123414 51.0489402087633 0 2 
76.9128358186748 41.7077990342123 0 20 
-55.0995128152114 73.8313134599002 0 15 
55.8148882821272 19.0276529286186 0 16 
46.5568625996309 -51.7949562846349 0 25 
36.6224119136835 -55.8420604393703 0 26 
-39.9741623729037 30.6573451957622 0 23 
34.0863292334072 -12.630271564376 0 14 
82.7653748438532 -82.6642402840457 0 29 
-86.1680778385302 35.3724099200711 0 29 
-62.7895850057044 -73.1540834755423 0 21 
