124.647721284475
-72.3563426513749 -47.1981895028677 0 7.99999778388522 
99.2546627101421 -61.2797097591223 0 7.99999991972157 
108.730698249451 -55.335208387185 0 1.99999997912494 
-121.560105306218 -12.1670983786173 0 0.999999990915452 
23.1920351342266 110.23447121324 0 11.9999998801224 
39.58558098743 38.7794527610359 0 13.0000005293996 
5.27310971089279 -115.840593806521 0 7.00000206646769 
-98.9982281836292 -69.396981719444 0 1.99999997912494 
-29.8428555344113 118.490249835607 0 0.999999990915452 
-81.082139149779 1.97549896050724 0 11.9999998803227 
-69.8151152694621 75.2489495440937 0 21.9999997803133 
-49.6013955225663 17.2713443830591 0 23.0000016393196 
-8.25691380505281 104.321469444242 0 19.9999997954875 
35.5719681452255 -100.540397722556 0 17.999999824405 
-43.0822507925984 100.829281766087 0 14.9999926468477 
109.537851973872 -2.90247735314302 0 14.0000070641368 
-108.316345637456 8.47918879574867 0 15.9999998393558 
-95.7544828406254 42.2164023352426 0 19.9999998026189 
-70.3377622245746 -76.1278488897213 0 20.9999997872282 
100.630545657924 -35.3161404158256 0 17.9999998202872 
87.3776588966335 36.3776788760823 0 30.0000018466026 
68.2568362818892 -72.5993899709893 0 25.0000061844616 
14.7110335455342 -56.2028129769402 0 31 
-18.0343639630523 57.3278377175852 0 27.9999997290913 
3.67576274490052 4.62422934962548 0 28.9999997134481 
-27.2144558888575 -94.8195529726109 0 25.9999933055603 
-39.4052525660452 -32.6990349317332 0 27.9999997301282 
58.2747077295342 -14.9450101953619 0 28.999999679577 
-97.4316916623122 -28.9711019576256 0 22.9999997701307 
51.3828796069987 81.8570813243091 0 27.9999997313718 
