123.681016579259
-49.8246452679674 50.9563891167962 0 12.0000008508017 
13.2895579610345 -93.8422756218076 0 1.99999974631748 
2.41004176217629 -121.677235983443 0 1.0000002351593 
17.2014462793768 -110.348356185935 0 11.9999998478494 
-118.736519074589 19.7788003318758 0 1.99999974631747 
57.1767377843924 36.6034389100744 0 7.99999986551364 
12.7474536601762 -16.8585341598796 0 7.00000009723398 
-102.473453150132 -41.8267717212046 0 12.9999995101341 
-50.7399194942551 -103.198080561333 0 7.99999986551365 
112.093297168931 -46.7152205534908 0 1.00000023515931 
-16.4928044957967 106.410472870965 0 15.9999996641044 
28.8378203107469 47.9904742338367 0 20.9999999094993 
-86.9860517327967 -65.1535886096956 0 15.0000000144297 
-50.3410201506912 -70.2664797747567 0 21.9999997314783 
-45.7309564386452 99.6925521303914 0 13.9999999698979 
86.0817989014492 -57.7899395065816 0 19.9999997557648 
-103.303714169815 -8.8372212417007 0 19.9999968080889 
102.977160520764 -23.7525079300861 0 17.9999999999804 
-16.0404634173696 -99.3950212938698 0 23.0000014937922 
-70.1642317703282 79.0282051764557 0 18.0000026529641 
43.7613256375724 -80.4389464120544 0 27.99999981534 
-17.5080805137402 66.7991865119791 0 23.0000007685817 
68.8383195539034 70.7052262062417 0 24.9999987889258 
-54.2290530406259 -18.4120392308747 0 29.9999981144976 
23.8488394233401 94.7249378104013 0 25.9999997522379 
92.0965938050371 21.9707160414252 0 28.9999992522697 
50.4915214777195 -21.2614260388397 0 31 
-3.70441063410157 -48.8794108102937 0 29.0000033918027 
-5.4835214948343 13.0184068920975 0 27.9999999125354 
-88.3340890470888 36.7688093285815 0 27.9999999234443 
