125.081040499394
79.3906758706161 -86.0528364223679 0 7.99999987956877 
-100.124577169606 73.2882899314359 0 0.999999994602559 
120.397935257503 25.5593364569331 0 1.99999997547488 
-114.365926235414 -48.1304405837101 0 0.99999999460256 
55.1407071976292 98.7260027967934 0 12.0000019597973 
75.8118220836795 89.2218442413864 0 7.99999991871724 
16.1745188046061 -78.409109325698 0 1.99999997572391 
-94.7729401330798 59.8351886823665 0 12.9999984455398 
5.16959165037999 112.962812758088 0 11.9999998841421 
116.805779489348 17.3072810647219 0 6.99999997183093 
-87.5626754642899 -58.0930544839922 0 19.9999997966629 
11.1923577598501 -54.7734396875997 0 17.9999998243029 
30.4359467649751 106.83000857051 0 13.9999998615039 
-25.0243330230528 -57.2516984334312 0 14.999999978605 
55.1076310487304 -0.244934058538516 0 23.0000016391173 
-104.159289564713 32.396232112048 0 15.9999997105639 
43.8735833600753 -39.6758406196201 0 17.9999998243351 
-50.94093963908 -29.0537433218559 0 21.0000068555844 
-56.4179659527976 -86.2711743775717 0 21.9999927142965 
-68.4458340904371 79.7320068095947 0 19.999999795028 
101.716304503282 -8.62161657594857 0 22.9999997725544 
-20.5144719743379 82.2980309215242 0 27.9999997228185 
45.3906854249409 -86.0778205075829 0 25.9999997398883 
33.4468027668492 63.9355484242459 0 28.9999997040833 
3.77390724575275 12.9402569635298 0 30.0000018555997 
84.6020264634159 -53.4669222659933 0 24.9999997566244 
-7.53653490449075 -96.7880628801658 0 27.9999997325197 
-96.4642779355164 -10.9256712380285 0 28.0000061244542 
-54.5994594339891 30.6476106773217 0 31 
86.8023125062401 41.1937637961193 0 28.9999932886382 
