124.959007137636
-47.6400279300396 46.7656888493083 0 12.0000018546695 
-85.5841295768021 -17.6883165178845 0 7.99999991941827 
-42.4641607001468 17.418820052635 0 6.99999993121652 
122.302998851418 -12.6843718880089 0 1.99999997893102 
19.1483617810702 121.458869825739 0 1.99999997893102 
113.634552080551 49.528006199119 0 0.999999991118324 
-28.7692220477128 31.9369043332413 0 12.0000000406179 
-123.706631880651 7.9059505028419 0 0.999999991118324 
32.3335072619128 77.9356574778585 0 12.9999983945785 
-102.316840785315 56.6628048589904 0 7.99999991940055 
1.31872362566111 110.951170620535 0 13.9999998609843 
45.2181635395504 -6.7254989483312 0 21.9999997797196 
70.432494584672 -73.7217912598689 0 23.0000016396812 
33.9172957654051 -98.2705131569254 0 20.999992577222 
61.9105728515177 87.2198957560094 0 17.9999998187758 
-79.3698053419029 71.6984187138434 0 17.9999998197909 
102.765823243802 21.3442563655229 0 20.0000070103598 
-108.459027427995 -10.4261517294373 0 15.9999998410202 
29.8623154659361 105.826392730022 0 14.9999998497277 
-95.3178713587112 -43.9419687672277 0 19.9999998027185 
59.1130156343861 41.3050437867774 0 27.9999997208764 
-12.0727455787571 -99.2272743348814 0 24.9999997501665 
92.2248822718885 -26.5085306245247 0 28.9999997098791 
-59.8490367942734 -76.2833003593428 0 27.9999997208554 
4.06222569464563 51.0705408188881 0 25.9999997398507 
14.6045860436522 -49.9898976757823 0 30.9999938451268 
-47.6314698349134 -19.5846937633665 0 30.0000083144036 
-83.6250585155514 25.895659207723 0 27.999999721596 
0.690448538817024 2.18668795453198 0 22.999999770194 
-35.6985992088334 89.0715505722314 0 28.9999997070515 
