125.270566350334
-55.7541656390512 14.0846076633532 0 13.0000005250317 
-56.1033320728613 -47.2437813764872 0 11.9999998823382 
110.188923365995 -40.1346161591842 0 7.99999779937068 
-123.262782854013 1.38509224179443 0 1.99999997585604 
-33.4899449348822 -71.1244909511095 0 11.9999998821221 
61.3336683837044 108.080314418808 0 0.999999994321641 
23.1168749933479 59.175375672426 0 7.99999991855329 
-108.643166034705 -60.3310510121108 0 0.999999994321641 
-60.3155739661909 107.506574936449 0 1.99999997585604 
111.649925491029 39.0156444093545 0 7.00000205222873 
26.9566295291745 19.6882784280305 0 20.9999997696783 
23.3988867977407 -24.1676515393644 0 23.0000016398578 
22.5371946860734 -107.942914048314 0 14.9999998419673 
4.64648332338246 -62.863226137014 0 19.9999998406633 
-31.9436216476297 106.586790928732 0 13.9999998692082 
68.311795141747 -26.9660072978209 0 21.9999997597771 
106.295887908148 -14.4277305207954 0 17.9999963164013 
-82.1869825292468 -65.7813961943801 0 19.999999790976 
-54.8566109416512 -92.1831149932875 0 17.9999997674755 
93.183094712537 -57.0698412783626 0 16.0000034039952 
-60.4656708862919 79.9880564125495 0 24.9999997518371 
-20.6487421211401 40.6102429608291 0 31 
61.6550725974464 77.8029396488636 0 25.9999997383082 
52.0416178319801 -75.3010941234364 0 28.999993260313 
-14.8571788218954 -101.185636441061 0 22.9999997703214 
-29.0388853031361 -17.7901531983558 0 28.0000061820329 
-95.2753472932351 -19.6002890050873 0 27.9999997212551 
77.7594585052754 24.1685390036545 0 30.0000018493521 
-90.2925532277489 36.1775892364235 0 27.999999721089 
9.67701529635552 95.7829701611337 0 28.9999996958999 
