129.677473257746
113.257059500905 10.0638555153438 0 12.0000000774023 
-21.5630371803244 -31.8921878224886 0 13.0000000747458 
-123.725563593922 -31.2121477646813 0 1.00000039458163 
118.850752004973 -45.1144954578322 0 1.00000039458171 
116.639938868408 32.8562752953608 0 7.99999972259744 
106.553578608927 -55.6551121158321 0 7.99999972259755 
23.4842021165654 -123.97731525151 0 1.99999959327126 
122.686415433918 -28.5210019578248 0 1.99999959327128 
105.02527081615 52.0538437280377 0 12.0000000774022 
120.216222105927 -11.9138957244813 0 7.00000034954885 
77.5111842322992 74.7425886994672 0 21.9999995624822 
87.1118830755847 -74.5817853167527 0 14.9999995208045 
20.6483991540245 51.9014166716003 0 17.9999998374333 
2.28281362430711 -60.3858952638848 0 18.0000001668456 
-5.53277895539469 -106.533897132848 0 23.0000013901623 
-103.753424850569 -46.4520608333847 0 15.9999998902262 
-89.7486736505084 -72.9825533482244 0 14.0000003344919 
9.50045225249849 -0.775582947168305 0 20.0000039390838 
-17.23051754399 61.1851336735502 0 20.9999958849774 
-109.138767233206 -10.8571436601171 0 19.9999994734929 
44.5426314788143 -89.1714753782012 0 30.0000019835843 
67.8603362003733 -32.804064697493 0 30.9999999022058 
-46.7906857828404 -74.8829055109628 0 28.9999994978411 
-17.803248136459 105.181403004495 0 22.9999998647341 
60.3346881762557 26.7220982956759 0 28.9999952188876 
-43.6931500999687 23.5589620055318 0 24.9999999730124 
-62.3369803285079 80.3268893676342 0 28.0000005118763 
-95.4127638894564 35.1384750881739 0 28.000000866445 
-64.7417645349225 -22.8948418401476 0 25.9999995739026 
32.4293215230417 96.3672498635738 0 28.0000026075109 
