124.750825876598
-111.850361645694 14.2212986234133 0 11.9999998881465 
-85.4782822653894 -71.9840957109462 0 13.000000479913 
107.325461620119 34.5542188969426 0 11.9999998329193 
118.682390663348 -29.7540725727235 0 1.99999980156145 
-23.9194969129438 120.397748553256 0 1.99999979948216 
-12.2372173927393 116.595538948679 0 7.00000118920424 
-86.5389633967601 -8.39829867012368 0 1.00000017774169 
-107.160376416486 46.0787550763907 0 7.99999913265057 
3.75733013230263 116.690328195609 0 7.99999952064228 
113.406771825184 -49.4317454793857 0 1.00000017773878 
54.8854882967712 -91.5604828051638 0 17.9999998261567 
-23.1020070382486 0.662472097641992 0 23.0000016098079 
-32.5609462148591 -105.856148319826 0 14.0000065638705 
35.1114640077365 31.1229828268895 0 21.9999997917882 
-62.164730334049 -89.2316560417592 0 15.9999998413122 
-105.575886198338 -15.1152141116402 0 17.9999998492112 
-98.9651268972664 -47.4462741376737 0 14.9999931602515 
-78.9190320905447 16.3490910373366 0 20.9999994874188 
-34.0967400475539 99.0461529116261 0 20.0000001013272 
54.9375788883039 -5.90302343460317 0 19.9999997688559 
-62.9489924202055 -27.8545034504814 0 25.9999997334265 
30.3685012623483 91.8611804717518 0 27.9999997582532 
80.3597019827522 -52.0628248420588 0 29.0000058960874 
-12.2714173916733 52.5440492164535 0 29.9999956562023 
9.132261647251 -96.3188670456776 0 27.9999997382319 
-31.3603505650507 -65.313249606119 0 22.9999997796397 
14.9922464380419 -37.6106002560355 0 31 
-69.8278010457873 65.5156388864617 0 28.9999995416924 
99.7370251106837 -1.65925383747813 0 24.9999997597699 
76.1760803110367 59.6483621243986 0 27.9999998386466 
