126.439255120564
52.6107006454394 36.5753732662871 0 11.9999998800874 
45.9016414530331 -28.7528726263501 0 7.99999991995305 
122.801239654012 16.1383240819295 0 1.99999997983453 
-35.2429047241669 -113.074291268066 0 7.99999778076597 
20.5915839810473 -123.737598652016 0 0.999999990175354 
95.0704309977549 78.6366717599687 0 1.99999997983453 
33.2923912542226 -45.5363319247369 0 11.9999998800913 
115.773717885969 -45.3093400230084 0 0.999999990170767 
-82.2913002533626 2.4807168150792 0 7.00000206928631 
67.0602173147111 -4.52892007833906 0 13.0000005298008 
-29.1090539183738 55.1210887445524 0 19.9999997998554 
-108.347604922089 -4.45742051720048 0 17.9999998201108 
-13.2889827605488 -111.651193726652 0 13.9999998600437 
25.2900212043664 107.504622851321 0 15.9999998399538 
11.6795052292684 59.2797388345435 0 21.0000070094861 
-105.015502400342 -37.2887633319686 0 14.999999850019 
-86.8965282013173 -64.8696036420198 0 17.9999998200351 
103.044282361945 -17.0128021380134 0 21.9999925604975 
-68.0566608834379 -28.4545034887707 0 23.0000016399766 
25.8241031714454 17.2881074756453 0 19.999999800022 
-47.6805838491163 -82.5079049094585 0 24.9999997501032 
-27.0820696751195 5.16219711467654 0 29.9999953802833 
25.32353550548 -95.126261112903 0 27.9999997200044 
-62.0458237833279 82.7646983835203 0 22.9999997700103 
-15.8760304193518 99.1765883640982 0 25.999999739913 
58.9213754298037 77.6059276882455 0 28.999999709967 
-89.473459311211 38.5863617451778 0 29.0000061796647 
73.4286063478381 -60.9663114233765 0 31 
93.0971084654869 31.9877382623556 0 27.9999997200533 
-6.55014611869474 -49.0820610764306 0 27.9999997200146 
