126.445700295377
78.4662159686867 41.6795059323852 0 7.99999991746306 
-102.376205897537 -68.3700163401491 0 1.99999997376532 
-113.397459454414 3.30809030023351 0 12.9999984218035 
99.0437113901546 -57.342493591101 0 11.9999998842882 
2.05957174420438 123.213473875415 0 1.99999997376532 
91.1003988274763 -75.697432379051 0 7.99999991077862 
-50.4610209936871 -55.7147071803932 0 12.0000019830833 
-115.421658206978 30.742394778044 0 6.99999994200765 
-7.83936121977308 -123.536685718049 0 0.99999999652252 
82.6867311127752 92.4493566878309 0 0.99999999652252 
-8.7282082376974 -53.7101483962169 0 21.9999925944928 
14.829578549535 -15.3691760117013 0 23.0000016373625 
66.9450326693508 -85.3160743122827 0 17.9999998235522 
50.506942835535 -47.3942272250231 0 21.0000069761305 
59.2678809437347 95.5581175505414 0 13.9999998622305 
104.907740098831 34.2222056825005 0 15.9999998403114 
86.6497629098319 67.9243494899122 0 14.9999998505596 
-17.1855960080579 105.049238172745 0 19.9999997989783 
-74.9452287092699 -78.3816473549407 0 17.9999998213629 
22.7999822625944 103.97522763926 0 19.9999997950192 
-78.3184530178389 26.4048998252547 0 28.9999932706737 
-36.0477250168201 -11.8336246958655 0 27.9999997270396 
-13.5854943519916 42.7678183290372 0 28.0000061588587 
-34.0089863774852 -94.5131081096668 0 25.9999997387997 
20.9872225484997 -95.1588201410987 0 28.9999997017743 
49.2533105591455 15.1432281017018 0 22.9999997712321 
39.2477402103255 62.0888191259016 0 24.999999751465 
94.322045365238 -14.6025136324139 0 31 
-90.1099785472337 -32.8401220764616 0 30.0000018567517 
-57.8968560572281 79.6210400429202 0 27.9999997226851 
