124.092065408644
-103.452417577622 -43.1535450663455 0 11.9999998800189 
96.6917168837636 -74.2176979473118 0 1.99999997974522 
-54.1418697430275 -19.0345615829657 0 11.9999998812779 
-113.305915163795 41.275326834435 0 1.99999997974522 
-55.4282648178902 -102.005270098618 0 7.99999991994159 
-102.553733594916 -65.348910044441 0 0.999999990267186 
-52.5968853066696 -110.668936943212 0 0.999999990267186 
97.2214666475087 -63.4456821905569 0 7.99999778227514 
-42.2652514996605 -109.197984471952 0 7.0000020678029 
80.673801524141 -76.3752880634331 0 13.0000005286588 
-16.402162538443 49.1600472449238 0 22.0000069991249 
-33.0324676142405 -50.0500910602662 0 22.9999944208331 
-69.6422223473306 -82.6671367891953 0 15.9999998400431 
82.2233565724146 71.6965717571703 0 14.9999998499358 
6.60535840115003 102.880237333898 0 20.999999789679 
51.1047791763537 -46.9657595445192 0 13.999999860115 
-74.017696719168 -48.9498533729735 0 17.999999819964 
13.7611358780795 -52.0596349824731 0 19.9999998002184 
-50.9799255642531 13.3261979933232 0 17.9999998199998 
45.8096116406333 -7.09521648159112 0 19.9999998000871 
-37.9718430771497 91.5280099734082 0 24.9999997501475 
-10.0285477497948 -95.5673267360649 0 27.9999964878521 
90.7133650643387 28.5234352368414 0 28.9999997087929 
43.4319161911766 -87.9529497433064 0 26.0000029728111 
34.8051742150555 39.6263236363957 0 27.999999719357 
-5.08663291219195 -3.84370888588596 0 31 
48.2949940301973 88.8099053409441 0 22.9999997700744 
-77.5292927384994 53.3153373067833 0 30.0000018500008 
-95.0439378949838 -3.02503355819894 0 28.9999997104598 
88.8004239307915 -28.4444556429278 0 27.9999997214479 
