124.56357863605
-76.6325712798439 -81.292278906164 0 12.0000000774025 
-48.6893563930806 88.8878621695277 0 13.0000000747455 
94.7828810362358 -75.8098539790612 0 1.00000039458158 
118.047326664505 -24.2498215605174 0 1.99999959327139 
-40.8168820612139 108.808655054116 0 7.9999997225972 
-58.5299836258455 107.023970569812 0 1.00000039458153 
71.4352869916962 89.7666465579378 0 7.99999972259766 
-117.254383896285 29.1172886657264 0 1.99999959327136 
104.403357010935 -48.4510222864902 0 7.00000034954895 
-73.7198832186026 84.4756868003875 0 12.0000000774023 
1.60206851048057 42.0842415486459 0 17.9999998205435 
-35.6418470595101 -41.5317731267736 0 21.999999765185 
-37.5773203073008 54.1662783297418 0 23.0000016381623 
-15.5213247309376 -106.984981174771 0 15.9999998407397 
37.8976758534157 103.831073878503 0 14.0000070451888 
-104.155893779895 5.44972452849223 0 19.9999998012206 
64.899278169664 -81.9855213505566 0 19.9999997973686 
-47.6326082950581 -92.6976231841768 0 17.9999998222026 
49.6723930229861 19.8161939487271 0 20.9999998036031 
37.0046871611953 -103.125324231265 0 14.9999926657858 
-86.628108367375 -40.3480911676674 0 28.9999996899767 
9.32638728748627 -67.6441852636722 0 30.0000018445059 
96.4261321603788 5.15032081852877 0 27.9999997404015 
4.99921963155425 -6.79785515903255 0 31 
38.3565163427751 64.4026438163927 0 25.0000061563088 
-5.87266549397913 95.3829618838696 0 28.9999997018536 
85.4161025052313 54.9477022563365 0 22.9999997720873 
-52.7125649814365 5.46387070525752 0 27.9999997214291 
-86.1686738906335 47.8512276356177 0 25.9999933367842 
57.0183190316338 -34.6369158988211 0 27.9999997293043 
