125.617573573274
74.3139348240828 96.217784758422 0 1.99999956723954 
7.07421506659365 59.2073351399098 0 12.0000000249759 
77.7031919588784 -1.20100357897948 0 7.00000038593057 
-24.0950671351829 -114.422567564309 0 7.99999970330008 
-80.9542110899665 -90.3891200444902 0 1.00000042172696 
-77.2408607372989 93.2631721583937 0 1.99999956723957 
-71.911363107037 27.3252268916287 0 1.0000004217269 
103.293280906797 56.2521626760543 0 7.99999970341619 
-4.20292010636017 -112.341201864803 0 12.0000000251429 
59.0855064177783 -8.50757206795641 0 13.0000001793013 
-54.9503382981269 -61.5917573932211 0 19.9999993118444 
-27.5588475982029 63.1233796462892 0 21.0000000406245 
-44.3107824319272 -98.0718922154387 0 18.0000005920886 
-48.1446570106625 96.2477719094875 0 17.9999998280696 
-52.7364678514815 -19.6501429982846 0 21.999999964506 
-90.9481193154669 -61.1919233638905 0 16.0000000678372 
-105.922976670194 -35.1966566911926 0 14.0000002947261 
82.5986007568661 69.8188944487259 0 14.9999996850683 
-13.1029717475374 -71.4810493469558 0 23.0000004452448 
72.2125232992371 -77.0741336280967 0 19.9999997699905 
91.7822689757609 -33.2446279588179 0 28.000001112573 
28.8129123509327 -39.0455878805805 0 30.0000018544578 
29.8641911255267 -95.0357335873998 0 25.9999990516729 
-96.3827757866952 6.73167297016117 0 28.9999995230709 
-7.59917640364139 102.335809608941 0 22.9999999486815 
45.1631927323608 30.056262849134 0 28.0000008218316 
42.0795661202677 86.9727897183086 0 28.9999960977292 
97.7827485675192 23.7152122951611 0 25.000000355136 
-11.5130282781444 13.6609424622183 0 30.9999998608126 
-76.79705861884 60.2611046354003 0 28.0000013740346 
