125.074106993757
117.948995669923 -5.43407637041696 0 6.99999987293791 
-93.7981659846581 -61.3392996616879 0 12.9999990788101 
102.07138265718 48.6537307096598 0 12.0000011443086 
-123.812477380467 8.05321997783781 0 1.0000000703328 
-53.0802989970757 -104.34954902518 0 7.99999991761389 
-69.3088040069689 94.3537780743244 0 7.99999992775852 
-22.4234770531862 -11.2130663381439 0 12.000000043985 
-105.271485336195 65.6680834989902 0 1.00000011643684 
11.3879641582829 -122.546113678534 0 1.99999988497037 
-88.8858603051132 -15.9288364730545 0 1.99999994284597 
-66.3865916448475 -79.7133446073223 0 19.9999998123766 
2.57062606262031 1.84321085149337 0 14.9999998544127 
-41.3970899050512 96.5756125881179 0 19.9999997970045 
-23.3419092303479 -100.396356114689 0 21.9999926386347 
48.7583166089914 91.9458799836976 0 21.0000069164973 
110.178667236375 14.0754594134663 0 13.9999998631601 
-102.32499617342 -31.535053218852 0 17.9999998172313 
81.0092284855404 70.0169216812974 0 17.9999998195484 
21.6534564506491 -99.750943772132 0 23.0000016364718 
-86.4180029692716 66.5514053507698 0 15.9999998446625 
-61.6409000135762 -26.4552610974575 0 22.999999773321 
3.47136524357368 100.013881825292 0 24.999999752503 
64.2054276422781 -75.4542321145824 0 26.0000029020776 
-46.152570371642 48.8117626634045 0 27.9999997059348 
-16.8379814904439 -50.821182412719 0 27.9999965855696 
92.4964176399835 -29.4583608555132 0 27.9999997171293 
-93.7694562762105 15.6963229389503 0 30.0000017604017 
10.8010827369424 46.513646380296 0 28.9999997613283 
66.1400390113796 23.3274451488525 0 31 
35.5089210240396 -28.2645563492304 0 28.9999997395387 
