125.255371522937
-95.6332419424216 58.7839408335736 0 12.9999988731601 
-77.4328544890893 81.7813393341445 0 12.0000007017165 
101.837386803481 67.2749850222569 0 1.99999987071897 
-67.561796695814 102.986115124941 0 1.00000010643177 
-14.1287322846457 -116.401035420804 0 7.99999983017029 
118.962217357678 -32.5870382853363 0 1.0000001064317 
-71.3213441861424 -87.6109537817224 0 12.0000007017141 
92.6188971961206 -12.2741900847471 0 1.9999998671141 
-16.6479553419348 63.4875577455315 0 7.99999988006105 
-115.005614281844 -27.5325521699923 0 7.00000006248142 
-36.3153196976664 -97.7260525695405 0 20.9999936686469 
-58.3977245628953 -4.33579913328249 0 21.9999994442877 
37.8481252516728 104.61967844558 0 13.9999998755426 
13.3697515096755 68.5584121575082 0 17.9999998585856 
5.94366265280946 107.090558012092 0 17.9999997371767 
99.6246964228156 33.9648807658042 0 19.9999997828434 
-105.349206544996 32.5237049581317 0 14.999999870422 
95.2749859021844 -37.1326990600468 0 23.0000016263873 
-104.952165814542 -2.47404949392039 0 20.0000062262243 
109.252962200228 -0.723684219231792 0 15.9999999098837 
-26.4983951325651 -46.6611196928554 0 31 
69.3583874712197 -75.1370423315056 0 22.9999997800472 
-34.9986630159445 93.9480342771353 0 24.9999997495832 
-4.12597186857213 16.420634556563 0 26.0000024569718 
15.9950213278408 -94.9170989883283 0 29.0000006023843 
-85.4975999637594 -46.3548028375124 0 27.9999996824378 
32.152807677313 -40.2551772120332 0 27.9999970661594 
64.7867977540066 69.8301972233594 0 30.000000972688 
56.0909797175901 11.4745391302635 0 28.9999996869255 
-56.797694908803 45.638592573476 0 27.9999997267239 
