123.559845506853
122.466375187397 4.78535800274306 0 0.999999992201702 
23.9316421440059 79.0058665804598 0 0.999999992202283 
-107.830032709019 41.5542963205233 0 7.99999991967069 
-109.444919867986 21.6195895742486 0 12.0000020099479 
-44.03657692265 91.3563269299756 0 12.9999983983408 
-25.8605002736918 108.521120895437 0 11.9999998813059 
-62.8402162448832 98.169775504454 0 6.9999999307357 
-116.852935229201 33.4990476925434 0 1.99999997792987 
-26.2667771896162 -58.8573141844879 0 7.99999991973525 
115.182741099645 38.8552334611084 0 1.99999997792993 
44.3826091148653 -34.5411892827489 0 17.9999998199609 
-43.3258346823389 -16.6879055797951 0 23.0000016386203 
-20.5352479924439 68.1898118761207 0 19.9999997998406 
20.1896448593124 -3.95197733488153 0 20.9999925765447 
-2.60804097576424 -40.4110624798032 0 21.9999997810159 
107.464731807182 21.3234892790775 0 13.999999860587 
108.288923663564 -7.6647961335286 0 14.9999998502559 
93.0299954709958 49.8828724417075 0 17.9999998202714 
25.8737002143482 37.5094823000876 0 20.000007013097 
-73.9998922920601 78.0585443114648 0 15.9999998398063 
67.8904607293944 7.25659279204381 0 28.0000061832108 
87.5548656884226 -43.0356712494556 0 25.9999997398582 
48.1358167168798 -81.3910855587359 0 28.999993245215 
8.1431837359042 100.229592101013 0 22.9999997703954 
-64.5410699630556 -66.3458757628487 0 31 
-68.6753503737817 34.3819004968735 0 27.9999997214209 
-94.3097338343653 -15.4064347066864 0 27.9999997208816 
54.7238460795648 77.1159199177961 0 28.9999997098635 
-16.8379151580502 23.3419614309037 0 24.9999997501591 
-9.69960807794783 -93.0556927205965 0 30.0000018499386 
