141.170105660494
54.9576840196857 -42.8681643987011 0 13.0000003867153 
-112.13168349902 -84.1079278131851 0 0.999999987996259 
-40.1932298018116 -126.320872248727 0 7.99999993102174 
-10.3656780684095 139.631560495896 0 0.999999987996289 
22.5808438084849 -137.118754700393 0 2.00000000104159 
-60.9728824381717 125.102459453872 0 2.00000000104157 
-68.2814353369767 -108.147530958886 0 11.9999998689782 
128.661679729986 37.6288645104559 0 6.99999989192468 
-112.531130709734 -61.994345028313 0 11.9999998689782 
-92.9608186427794 -87.1944995231765 0 7.99999993102174 
41.3656755278525 -120.254381155309 0 13.9999998734413 
-32.6004620269225 -79.1186309194306 0 23.0000013174281 
9.35805130791827 122.4078817766 0 17.9999998164162 
-49.7751270167358 -30.9806679764602 0 20.9999997971676 
-8.95682725259756 -123.054075542954 0 15.999999841792 
123.007287229684 6.33100703567243 0 17.9999998164165 
-123.640260266754 25.1392372130331 0 14.9999998499995 
-70.6235821563762 97.7839813106674 0 19.999999799104 
-10.5006873961328 80.7088144888281 0 21.99999978 
-33.2048791636233 116.531669793139 0 19.999999799104 
-111.762602473701 -17.7930635924475 0 27.9999997381151 
73.8632555563711 -89.6644439464671 0 24.9999998063541 
-98.0410552796598 58.9150947556535 0 25.999999750063 
52.4067530244619 100.090993897719 0 27.9999997381149 
22.5554638680006 -77.7102950003997 0 22.9999996572919 
103.351639422774 -43.5955370434068 0 28.9999996858467 
-43.9745664555902 28.7605927012842 0 31 
20.9522894288812 38.9702007090888 0 28.9999996858467 
95.3042481831167 61.0292774041025 0 27.9999997381145 
71.5659346819951 6.62947406761319 0 30.0000016605652 
