126.001228752364
-50.3504267356867 78.8725578362013 0 0.999999990215295 
75.5747556798144 99.5678396201967 0 0.999999990215318 
113.895709097672 4.9038386476658 0 11.9999998800421 
8.36101674883082 117.704644788745 0 7.99999991991171 
-28.6042760348994 -110.354315089415 0 12.0000020192164 
-25.2622873068096 115.265375746195 0 7.99999991992961 
-1.63130205442199 118.096516371928 0 1.99999997965057 
111.225667630473 -19.9531682538012 0 12.9999983907256 
-48.57263819885 -114.092045384392 0 1.99999997993089 
-10.6210337766815 118.526309748222 0 6.99999993016247 
-14.4267793518505 -77.5395927913251 0 21.9999925605599 
80.9138810671215 3.80863325661965 0 21.000007009394 
-2.35997025646259 -111.975114302322 0 13.9999998601949 
36.9165656217814 4.29545471399269 0 23.0000016399752 
-20.3755837824624 7.40644491676307 0 17.9999998200102 
105.372158740574 31.5749667383566 0 15.999999839985 
-105.827560666802 33.4932862100359 0 14.9999998498587 
-56.6010495132377 18.8831867781639 0 19.9999998000288 
-54.1730743459666 -91.1127793194017 0 19.9999997999579 
-44.900073034769 98.2255002131837 0 17.9999998200353 
-96.5335355223694 -9.51393478706581 0 28.9999997100507 
34.8972353465655 -90.5064785301829 0 28.9999932407428 
-74.8244313184715 63.289367998435 0 28.000006188787 
-39.6430673262905 -34.3639277838782 0 27.999999719788 
6.12104490428864 47.4305480116733 0 30.000001849933 
14.6674328224171 -39.362032903475 0 25.9999997401721 
32.7982570989397 95.5276012011862 0 24.999999749976 
80.1107700524311 -51.0636654270598 0 31 
74.8462422951024 63.2635827777917 0 27.999999720569 
-83.7753195198851 -59.9245276259917 0 22.999999770047 
