126.404483999038
-73.5911165139898 -46.1946030217047 0 11.999999880085 
69.0336500836442 91.2290560306683 0 12.0000020195127 
103.435999330857 68.3424369865586 0 1.99999997990664 
76.3391760993663 -91.8137299574803 0 6.99999993008749 
-74.5597562454151 100.102960339733 0 0.999999990097685 
-14.7527295611082 117.481823419657 0 7.99999991997005 
-28.1021267964461 -73.4975756765776 0 12.9999983903881 
117.43543855373 -39.4058632364443 0 1.99999997990664 
17.5912894972526 -123.595332763009 0 0.999999990097685 
-118.191861509695 1.67337678665702 0 7.99999991994802 
-101.775927159419 -31.0415031062246 0 19.9999997999975 
53.865819216202 14.4083953763432 0 22.9999944207221 
-48.201764556862 -97.0985174167404 0 17.9999998200473 
38.0828324617882 99.3559869335561 0 19.9999997998455 
6.60633784355901 112.21017942227 0 13.9999998600836 
102.506249678404 41.007546892651 0 15.9999998399277 
-103.853594225807 40.3161271547112 0 14.9999998500236 
69.7626669615576 58.2371076431498 0 20.9999997899812 
-77.3416171547895 -75.9592420091573 0 17.9999998201264 
-23.0389160464372 88.6488615276424 0 22.0000069992452 
100.400087613236 -0.939610894953897 0 25.9999997399395 
-69.6929883052173 68.0479315139844 0 28.9999997099986 
26.5399738519707 -32.1673236951702 0 31 
83.4182830522641 -52.1999167345302 0 28.00000618952 
-7.64655310067163 -103.121373077063 0 22.9999997700137 
19.957125660916 53.8317288016973 0 28.9999932403027 
-30.2688171211411 26.8807757714565 0 27.9999997199929 
41.4327008687279 -89.2567858823429 0 27.9999997202063 
-34.4482459778119 -30.9684468549953 0 30.000001849957 
-79.8984886871151 8.28250543205418 0 24.9999997500868 
