124.492715649697
-45.3745318047559 -49.7252748519321 0 7.99999973178907 
-106.172742568947 37.1747116754752 0 12.0000000511269 
81.5486368913842 77.4882559244828 0 12.0000000558521 
80.968512337657 92.2206511986494 0 1.0000003968857 
22.198571943743 120.123957495634 0 1.00000039688589 
57.1277986373077 68.2326294413613 0 13.0000001203628 
50.1256364937237 -52.9165872111486 0 1.99999959106895 
113.967968142962 -27.1350731455111 0 7.00000038050184 
69.5253275419479 93.4707496039532 0 7.99999968445775 
-115.949371045973 -33.3436241442165 0 1.99999959106899 
46.0069941395214 98.2548961740778 0 15.999999703826 
-42.8963800225835 -23.2204150178764 0 18.000000144088 
5.82552633013968 3.72629800212779 0 23.0000012041585 
-1.99353466370761 -109.474564678807 0 14.9999996738861 
-7.85049063688356 44.8686481413213 0 19.99999995165 
-93.0335255988264 59.6104224231157 0 14.0000005940024 
55.070317063376 14.9906557850115 0 20.9999995526589 
102.492335210614 0.278572276259631 0 21.9999990799837 
39.1014108254753 -24.5589222145956 0 19.999999951657 
30.9566530492598 49.6026199823341 0 18.0000001440897 
-50.7574102722727 22.5459889568067 0 28.0000017289037 
-55.6780674826202 78.8085992613924 0 28.0000005423132 
83.1708832673495 -46.919747087056 0 28.9999977744914 
0.161109037554153 94.4925668393799 0 30.0000018408835 
-3.41480846726291 -44.9309676952908 0 25.9999997988051 
37.3825530932785 -85.6938199457798 0 30.9999998139865 
-39.7240403039915 -86.8381138103532 0 28.9999982227489 
-99.489621293224 0.783283894909604 0 24.9999998725323 
90.6332854040655 43.6878226311702 0 22.9999999811535 
-82.813792650977 -49.524935544732 0 28.0000004241818 
