124.261749072779
-61.6489530843685 0.306907682898131 0 11.9999998800725 
-121.514247667412 -4.3150156805491 0 0.999999990077375 
115.652022094153 13.4982509292568 0 6.99999993008085 
95.0090479189331 74.52355805412 0 1.99999997992604 
50.7301362359726 109.652099810489 0 1.99999997992604 
-39.4457821079269 115.780693879566 0 0.999999990077375 
-22.4771076213127 109.67133419237 0 12.0000020196014 
-3.19077201043017 116.196929007838 0 7.99999991996144 
-21.8695620889657 3.98837500839483 0 12.9999983903155 
110.437377174106 30.4210817417251 0 7.99999991996144 
21.289499010538 102.065026300304 0 19.9999997996975 
-47.8889588645912 98.207835937117 0 14.9999926317797 
25.9704385979922 -97.8748068312426 0 23.000001639488 
-11.7930310725015 -107.617520716121 0 15.9999998399349 
-0.0274368692732254 -66.1713275733739 0 17.9999998204309 
-44.931128494898 27.5926974040748 0 19.9999997998688 
7.19724291364143 21.6269895572899 0 20.9999997899502 
-81.3914811883549 -68.3153434023135 0 17.9999998200564 
-73.2960503343332 71.3102683598399 0 21.9999997804883 
95.7897082397767 50.959726512449 0 14.0000070783053 
56.1501501603854 23.7747381777239 0 27.9999997200074 
-39.2835600365355 -36.4189580042528 0 31 
60.2556955519502 77.6184419823849 0 25.9999997399849 
-46.5503733898849 -89.92777440336 0 22.9999997700096 
25.9414892836414 -25.9199336654144 0 29.0000061796617 
67.7722317586172 -66.9456906313821 0 28.9999997099491 
-92.8765182705566 25.3036902923859 0 27.9999997200222 
94.7920636768116 -16.7567613926 0 27.9999997200024 
-95.3360847806526 -27.6392079701066 0 24.999999750064 
-14.9177809229443 67.5826772195574 0 29.999995380327 
