0.964  3.02700050780346E+0000  9.64015297366590E-0001  1.16835371125874E+0000
0.641  6.41012640723230E-0001  4.35885652024024E+0000  6.41034301703340E-0001
0.848  2.66608901301997E+0000  8.48166652556270E-0001  2.94039990568929E+0000
0.794  2.05527862928624E+0000  4.20598415728487E+0000  8.30100991093310E-0001
0.738  8.28718795122876E+0000  3.29730287590675E+0000  1.91946074610137E+0000
0.948  2.30607980554809E+0000  4.05194520490664E+0000  2.75152405656207E+0000
0.705  8.31312144116401E+0000  1.85493529227306E+0000  1.88143994560508E+0000
0.885  8.85052598886610E-0001  2.79527881209057E+0000  8.85093491482970E-0001
0.845  4.08587497108900E+0000  4.15490871462293E+0000  2.94330460110431E+0000
0.712  2.00075960512858E+0000  1.94790761247678E+0000  2.05601741635391E+0000
0.831  2.59593971081112E+0000  2.67354892046477E+0000  8.31060466836960E-0001
0.750  5.94117157112930E+0000  7.50100035996620E-0001  1.92143142438781E+0000
0.778  7.61594254698766E+0000  2.55900171611821E+0000  7.78011953878000E-0001
0.835  7.47647893466457E+0000  4.16496668491320E+0000  8.35106278898790E-0001
0.941  5.94924615195385E+0000  2.17559300510621E+0000  9.51671582781500E-0001
0.958  3.40092089364149E+0000  2.49250193041021E+0000  2.80088728775993E+0000
0.907  7.29385390551491E+0000  9.07477464411130E-0001  9.68510063602540E-0001
0.826  9.17396472129296E+0000  2.51394103231825E+0000  2.96248247947014E+0000
0.950  4.52342582077628E+0000  9.50036148572270E-0001  2.83815009736927E+0000
0.887  5.81008912032360E+0000  4.11132631257781E+0000  2.78431857319824E+0000
0.964  1.10416878968720E+0000  9.64081113757280E-0001  1.01852099546798E+0000
0.641  1.02698788659913E+0000  4.00079692589578E+0000  1.80999186883653E+0000
0.848  9.13750876960282E+0000  8.50389432708820E-0001  2.75552210101126E+0000
0.794  4.18758410648487E+0000  2.34790877221375E+0000  7.94038307101600E-0001
0.738  4.77674800711303E+0000  3.08876274424596E+0000  1.99875157773769E+0000
0.948  5.94343178095818E+0000  2.20953748747860E+0000  2.84047038116030E+0000
0.705  7.05032085761690E-0001  4.29490398164422E+0000  3.08343521057740E+0000
0.885  9.08421328072859E+0000  8.85001991758440E-0001  8.85053075026480E-0001
0.845  9.15490526640748E+0000  4.15499799095307E+0000  9.10815937683700E-0001
0.712  6.83765372420161E+0000  3.25309816988235E+0000  1.90926183267781E+0000
0.831  9.16878101507529E+0000  4.16897795296959E+0000  2.88153723994242E+0000
0.750  7.59524586571957E+0000  2.60217084009289E+0000  3.03848051280537E+0000
0.778  9.22196811394573E+0000  2.53882879448451E+0000  7.78013670053570E-0001
0.835  4.79017188001930E+0000  8.35006007967300E-0001  8.35024632950400E-0001
0.941  7.34314626527261E+0000  9.41005097447880E-0001  2.84748077021662E+0000
0.958  3.79127220846014E+0000  4.04198408238102E+0000  1.00038989371851E+0000
0.907  9.09787745925290E-0001  9.17280293069330E-0001  2.88015272755732E+0000
0.826  7.51317985137632E+0000  4.17399109005716E+0000  2.95815520139047E+0000
0.950  5.69871612412055E+0000  4.04994918207208E+0000  9.50809420772760E-0001
0.887  8.87068476432500E-0001  2.72376614154035E+0000  2.90140361442676E+0000
 3.78849629044831E+0000
