0.821  2.91033823701691E+0000  4.50391045796082E+0000  2.82325322780765E+0000
1.337  4.62297683346595E+0000  6.09589098716917E+0000  4.38023207499921E+0000
1.246  8.75399879337429E+0000  6.22891390187168E+0000  1.24600085969439E+0000
1.536  1.75474792104644E+0000  5.96399980000000E+0000  4.28023488457825E+0000
1.203  5.00291697319930E+0000  3.75814476862828E+0000  2.96899114445170E+0000
0.979  9.80691235069560E-0001  3.92292517758767E+0000  9.79187873417310E-0001
1.212  2.98093978353803E+0000  3.52605016396572E+0000  4.60423485327977E+0000
0.907  3.71537265246695E+0000  9.07000225247520E-0001  4.90923491402087E+0000
1.332  8.66799979044863E+0000  1.33200028300540E+0000  1.33200064997101E+0000
1.158  1.15800021822826E+0000  3.62313510254037E+0000  3.08780764123674E+0000
1.440  1.44000020000000E+0000  1.58904304630864E+0000  1.49640835094638E+0000
1.193  7.58455205692509E+0000  3.05218334111750E+0000  2.98665752114555E+0000
1.001  8.93151869259463E+0000  3.64134707541952E+0000  4.80737211117854E+0000
1.204  6.59359022701130E+0000  4.50858428768308E+0000  4.61223492163530E+0000
1.419  5.95040053929827E+0000  1.75043624995159E+0000  1.41900020816240E+0000
0.821  4.96920625575024E+0000  3.36171229978507E+0000  4.99523462912278E+0000
1.337  1.36809809336735E+0000  6.16178509969850E+0000  1.43405956791611E+0000
1.246  6.79307730288968E+0000  6.25399976487179E+0000  2.78360472838839E+0000
1.536  4.23946189788152E+0000  5.96399980000000E+0000  1.53600020742126E+0000
1.203  3.37895625322887E+0000  3.38509049647166E+0000  1.20300049365198E+0000
0.979  3.72291488333819E+0000  9.79000200000000E-0001  9.79000200000000E-0001
1.212  6.53811262091115E+0000  4.38134962540222E+0000  1.21200021933867E+0000
0.907  6.74631785304958E+0000  6.59299979609412E+0000  4.90923489637974E+0000
1.332  8.66799978116749E+0000  1.33200020059072E+0000  4.48423491476141E+0000
1.158  8.84199980000000E+0000  3.82809590458007E+0000  1.15800020000000E+0000
1.440  5.90713294537368E+0000  1.44000057417113E+0000  4.26076779434886E+0000
1.193  8.80699977131631E+0000  6.30699980000000E+0000  4.62323491238191E+0000
1.001  8.99899980000000E+0000  4.72439057423280E+0000  3.11587906323527E+0000
1.204  3.60548941410709E+0000  1.79856513284678E+0000  2.99890498623355E+0000
1.419  1.41900020266173E+0000  1.41900021765849E+0000  4.39723490791902E+0000
 5.81623512163530E+0000