0.698  5.20753397769614E+0000  4.81527205923978E+0000  6.98001314814650E-0001
1.012  5.25669302477599E+0000  5.21076584932411E+0000  2.76864317133408E+0000
0.449  4.92199949100109E+0000  4.49000326471890E-0001  5.86976637203847E+0000
1.544  3.55149999953733E+0000  3.56290657569370E+0000  1.54400020000000E+0000
1.386  1.41029950952103E+0000  1.40643508691802E+0000  1.38600026267906E+0000
0.760  9.22458805743703E+0000  5.20068685795084E+0000  5.54853455632277E+0000
0.932  9.06361869973377E+0000  2.45980577821922E+0000  9.37159180604000E-0001
0.994  9.94000568153660E-0001  3.96785244929181E+0000  5.32476644994255E+0000
0.672  3.20959599959573E+0000  6.82377865230480E-0001  6.79102918694790E-0001
0.418  2.93226069155157E+0000  4.37252229595010E-0001  1.73252600984962E+0000
1.381  8.61899937978940E+0000  1.38100035030497E+0000  2.95020794860828E+0000
0.618  5.01603266552508E+0000  6.88199952212121E+0000  2.65849351574104E+0000
0.805  6.50023351066073E+0000  8.05000449805670E-0001  2.42318368212170E+0000
0.710  5.94591929550117E+0000  3.80005381730399E+0000  5.60370773778705E+0000
1.169  4.20536530163270E+0000  6.31843919976655E+0000  1.16900048215042E+0000
0.763  9.23673729429490E+0000  6.73158762877508E+0000  5.46341978633833E+0000
1.630  6.16003071582444E+0000  1.63000025025677E+0000  4.68876637719249E+0000
1.210  6.59363408767703E+0000  6.23621614354469E+0000  1.21569701711431E+0000
1.331  8.66899978469423E+0000  3.29238839392739E+0000  4.87349741178486E+0000
0.473  2.59346955649518E+0000  5.33972191994947E+0000  5.78543837757508E+0000
0.958  7.46873725258717E+0000  9.58000420452060E-0001  9.58000261063120E-0001
0.973  3.70835526294816E+0000  9.73001620409150E-0001  5.34576645000983E+0000
1.265  3.38342445877964E+0000  1.26500023334313E+0000  3.15081706679317E+0000
1.627  3.78159401209626E+0000  3.86928461259821E+0000  4.69176650524994E+0000
0.848  9.08901133323281E+0000  3.58227988051111E+0000  2.64406489620484E+0000
0.698  6.27255208164913E+0000  6.80199944372175E+0000  3.04139879856497E+0000
1.012  8.98799818881679E+0000  1.01200030599931E+0000  5.30676589736626E+0000
0.449  4.53275637313720E-0001  5.19698497154003E+0000  5.86633400803062E+0000
1.544  1.54400043512827E+0000  5.94845954386658E+0000  1.54400107116601E+0000
1.386  1.42526018539832E+0000  1.39937300374583E+0000  4.93276642070541E+0000
0.760  7.71642976528818E+0000  6.73918013236917E+0000  5.55807358129397E+0000
0.932  9.32003259549090E-0001  3.62865286729169E+0000  9.32003331171190E-0001
0.994  9.00599668969809E+0000  4.56021746515666E+0000  9.94011640391160E-0001
0.672  6.72000346397370E-0001  6.72000349582730E-0001  3.16107380079742E+0000
0.418  4.35277684916760E-0001  7.04762398679804E+0000  5.88775041244908E+0000
1.381  5.76309144267622E+0000  6.11899980000000E+0000  4.93776628184935E+0000
0.618  5.15400674191596E+0000  6.25161578090290E-0001  2.93845503757724E+0000
0.805  7.54587944375203E+0000  4.99272781292943E+0000  5.51376646977024E+0000
0.710  4.99269249289263E+0000  2.35662014569628E+0000  2.79288454784465E+0000
1.169  3.48605195834543E+0000  6.33099954251763E+0000  3.39939117519359E+0000
0.763  9.21340045806113E+0000  7.69470097639330E-0001  8.09557555739880E-0001
1.630  6.76327340968762E+0000  3.35560009248409E+0000  1.63000034849712E+0000
1.210  4.94318835019170E+0000  1.21000047273096E+0000  1.21000058769263E+0000
1.331  1.33100080817258E+0000  6.16899962379545E+0000  4.65617852700316E+0000
0.473  5.39081907173850E-0001  6.88490531269077E+0000  3.11146711411669E+0000
0.958  6.61774387837650E+0000  4.10863819477297E+0000  4.10174092678338E+0000
0.973  9.02699941957887E+0000  6.52699942366226E+0000  9.73000247453370E-0001
1.265  1.26500023298931E+0000  3.36746151016875E+0000  3.16393953101820E+0000
1.627  8.37299971566711E+0000  5.87299960894594E+0000  3.40293254669116E+0000
0.848  3.51424016879063E+0000  6.52202520590288E+0000  5.44137550970113E+0000
 6.31876670524994E+0000
