0.971  2.97037031289885E+0000  4.92115373725054E+0000  3.47155311900464E+0000
1.444  6.58046759473556E+0000  5.73711519881741E+0000  3.03316694474527E+0000
1.141  4.84969255130385E+0000  2.86890511558868E+0000  5.41850499118750E+0000
0.890  4.82848207789697E+0000  9.23188150519880E-0001  3.91988724334331E+0000
0.794  7.94000247849380E-0001  4.39966632858402E+0000  3.75804238993843E+0000
0.971  6.81846098919650E+0000  4.50299428398369E+0000  9.71000200590940E-0001
1.444  6.95695908622578E+0000  1.44400036230556E+0000  4.95882960340060E+0000
1.141  6.60440618861208E+0000  3.11055458016255E+0000  3.01444051763708E+0000
0.890  5.05436458700423E+0000  6.56007628517526E+0000  9.40573598984330E-0001
0.794  6.51549862184230E+0000  6.70599980000000E+0000  5.76550498948083E+0000
0.971  6.47418961436521E+0000  9.77616575063790E-0001  2.63444704384236E+0000
1.444  4.42056501757419E+0000  1.44400020000000E+0000  1.44400022504692E+0000
1.141  6.50271321767187E+0000  4.44220743978230E+0000  5.41848461894910E+0000
0.890  9.20531681604870E-0001  6.56786659663130E+0000  8.99093751685390E-0001
0.794  6.49585691875154E+0000  8.07460421607900E-0001  8.14246418918900E-0001
0.971  9.01299957733994E+0000  2.98772033970872E+0000  3.30384419105631E+0000
1.444  1.44400020000000E+0000  4.32676895843353E+0000  1.61775455783236E+0000
1.141  1.14929531474797E+0000  1.16307373971164E+0000  5.41133687743261E+0000
0.890  2.94866924018500E+0000  4.35994085649560E+0000  5.66950500754635E+0000
0.794  4.97316923018344E+0000  7.94000645835830E-0001  5.76550466327829E+0000
0.971  9.02899980000000E+0000  9.71000357149440E-0001  3.81203176623679E+0000
1.444  1.44400043223403E+0000  1.44400020000000E+0000  1.44400020124107E+0000
1.141  8.85899908192703E+0000  6.26912020090580E+0000  1.22215858389247E+0000
0.890  6.88455288168343E+0000  6.60999960971253E+0000  8.90000298123230E-0001
0.794  9.20598222973785E+0000  6.70599183023760E+0000  3.07499126076777E+0000
0.971  9.71000266382580E-0001  2.66701827763103E+0000  3.47198556045341E+0000
1.444  1.44400103794985E+0000  6.05599974879194E+0000  5.11550493224574E+0000
1.141  2.68373754472955E+0000  1.14100067641228E+0000  3.71412389775492E+0000
0.890  3.18415415455587E+0000  3.23062848133340E+0000  4.31392324972066E+0000
0.794  7.94001242374460E-0001  7.94005106226840E-0001  3.48451237526534E+0000
0.971  9.02899799765374E+0000  4.92896973360797E+0000  3.03264470969460E+0000
1.444  4.48404484597351E+0000  6.02825248817034E+0000  5.11550501523398E+0000
1.141  8.85897939327134E+0000  3.13320634369236E+0000  5.41847821486932E+0000
0.890  3.29706067159826E+0000  8.90000254647990E-0001  5.63396721482218E+0000
0.794  4.57386750108398E+0000  2.56385988941763E+0000  3.42028239921634E+0000
0.971  9.79651026441870E-0001  6.44158779176101E+0000  2.76489876418863E+0000
1.444  8.55599976842710E+0000  1.44400022300748E+0000  1.49152116799640E+0000
1.141  8.85899980000000E+0000  3.98827751138226E+0000  1.14936381806844E+0000
0.890  5.08046312062157E+0000  4.15232688243670E+0000  3.86141269573564E+0000
0.794  2.77018449598109E+0000  2.48403816329714E+0000  5.76550497873735E+0000
0.971  4.31552111713352E+0000  6.52899979475196E+0000  2.75900785914624E+0000
1.444  8.55599980000000E+0000  6.05599918840397E+0000  5.11550501443978E+0000
1.141  1.14100021443754E+0000  3.46870889407006E+0000  5.41850500399394E+0000
0.890  9.10999961214744E+0000  8.90000635305530E-0001  5.66950474271123E+0000
0.794  2.64492291710402E+0000  6.69432379052495E+0000  3.32558027728824E+0000
0.971  6.49399073746493E+0000  2.58829203895268E+0000  9.71000242793410E-0001
1.444  4.49583827525658E+0000  4.32632765676788E+0000  1.60852658359686E+0000
1.141  2.96878547083489E+0000  6.35899980000000E+0000  1.14100020000000E+0000
0.890  2.93228273616862E+0000  2.82093770021035E+0000  2.60012171048138E+0000
0.794  7.86452656551046E+0000  4.11835682128564E+0000  4.08249360706104E+0000
 6.55950521523398E+0000
