0.963  2.26213616628417E+0000  9.63000235688950E-0001  1.14370788911677E+0000
0.898  4.71843155353802E+0000  2.58965014420780E+0000  1.20870787683168E+0000
0.496  6.82984992287040E+0000  1.73565678151842E+0000  1.61070796957264E+0000
0.860  7.32141245798767E+0000  4.13999972073604E+0000  8.60000244005170E-0001
0.814  7.31141747930702E+0000  8.14000274814270E-0001  8.14000264378990E-0001
0.487  1.06019597048131E+0000  4.87000234272390E-0001  4.87000200875260E-0001
0.599  3.74101257817343E+0000  6.02430913802170E-0001  1.50556299838069E+0000
0.617  6.17000219275250E-0001  6.17275087383430E-0001  1.48970797936122E+0000
0.837  5.34822084367652E+0000  4.16299879089005E+0000  8.37000232909160E-0001
0.470  6.31467206014436E+0000  4.52999978101416E+0000  1.63670796099370E+0000
0.540  1.76711299637121E+0000  4.24860405240578E+0000  5.40000211784050E-0001
0.759  7.87353724797990E-0001  1.77071483654456E+0000  7.59000268541330E-0001
0.572  5.72002102949920E-0001  3.18412009210970E+0000  5.72000241921060E-0001
0.756  7.56000264189580E-0001  4.24399951445609E+0000  1.35070793118163E+0000
0.936  1.95579593583928E+0000  2.92754971927817E+0000  1.17070761522219E+0000
0.933  3.61319528592444E+0000  4.06699980000000E+0000  1.17370794274364E+0000
0.720  6.00202437892956E+0000  1.73438416389982E+0000  7.20000222851870E-0001
0.743  6.29700917402490E+0000  3.01461654174409E+0000  1.36370785730635E+0000
0.574  3.39504298814369E+0000  2.70178538068640E+0000  5.74000200095830E-0001
0.530  5.30000616792300E-0001  2.73333929927633E+0000  1.57670794184996E+0000
0.419  8.14174346963969E+0000  3.46463041048389E+0000  1.66497677139073E+0000
0.910  9.08999980000000E+0000  4.08999920970485E+0000  9.10001988183520E-0001
0.764  4.88041308417787E+0000  7.64000230499970E-0001  7.70994838945180E-0001
0.567  2.20532827232545E+0000  4.43299961268643E+0000  1.53970796329636E+0000
0.881  7.75127744088777E+0000  2.45303268136077E+0000  8.81000246546750E-0001
0.725  9.27499980000000E+0000  2.53549103341324E+0000  1.38170786423122E+0000
0.942  9.05799979462775E+0000  9.42000664114110E-0001  9.42856129128120E-0001
0.569  3.17647610804567E+0000  2.12737632854570E+0000  1.53770798257053E+0000
0.621  6.05810709584434E+0000  6.21000963587300E-0001  1.48570780539491E+0000
0.641  3.68872419067628E+0000  1.49680662824729E+0000  6.41000228153670E-0001
 2.10670818257053E+0000