0.443  9.31901730143296E+0000  6.82521166014560E-0001  4.68187158626170E+0000
1.477  1.47700020000000E+0000  5.90741798822508E+0000  1.47700020000000E+0000
2.210  2.46169885896991E+0000  5.15558701173236E+0000  1.02061502993092E+0001
1.686  1.68600020000000E+0000  5.81399980000000E+0000  1.39749427356330E+0001
1.215  1.21500020000000E+0000  4.47175570638490E+0000  4.87121028753452E+0000
1.282  8.67921616032979E+0000  5.51334816217824E+0000  4.21101696693507E+0000
2.394  7.60599980000000E+0000  2.39400020222900E+0000  2.46397405651051E+0000
2.389  7.61099980000000E+0000  5.11099980000000E+0000  1.00230811389096E+0001
1.845  8.05391695145439E+0000  1.91316762612754E+0000  6.86955779109232E+0000
1.724  5.20250206704982E+0000  5.73217714758084E+0000  1.74016484329646E+0000
1.372  5.17248084906087E+0000  1.37200020000000E+0000  5.15028392785099E+0000
1.391  1.40079704816496E+0000  6.10467045070846E+0000  6.89606070881413E+0000
0.776  5.23650284479624E+0000  8.51966881592780E-0001  8.50455788376990E-0001
2.123  7.43979082915749E+0000  2.13134820965811E+0000  1.34721661521662E+0001
0.465  5.61350327038631E+0000  6.66369891546250E-0001  7.50650293136333E+0000
0.443  9.41589250215153E+0000  6.91589251069792E+0000  8.45464797479132E+0000
1.477  8.52299965593284E+0000  6.02299980000000E+0000  1.47700027110479E+0000
2.210  3.06999063943255E+0000  2.21000020000000E+0000  1.34509427612380E+0001
1.686  8.31399980000000E+0000  5.81399980000000E+0000  1.39749427654059E+0001
1.215  2.52813554381130E+0000  6.28499980000000E+0000  3.92637001765212E+0000
1.282  8.71799980000000E+0000  6.21799979785392E+0000  6.70263747356584E+0000
2.394  2.81851075409337E+0000  2.39400020000000E+0000  2.39400020000000E+0000
2.389  5.34580689056310E+0000  5.06948837553579E+0000  5.81636443680271E+0000
1.845  4.92139275223120E+0000  1.84500020000000E+0000  9.86177663257628E+0000
1.724  5.00032105593247E+0000  5.70073238938124E+0000  1.31686013645543E+0001
1.372  1.37777673028851E+0000  1.38095581340453E+0000  1.04000296478371E+0001
1.391  8.55263096565119E+0000  1.41829079636760E+0000  1.01282138632979E+0001
0.776  8.00609440952840E-0001  8.14831994035220E-0001  1.48427364561177E+0001
2.123  2.12300020000000E+0000  2.12300020000000E+0000  7.06235843225466E+0000
0.465  7.14708361660150E-0001  7.33974768477860E-0001  4.44117944702394E+0000
 1.56609429654059E+0001