1.000 -6.74375487568591E+0001 -1.16439620303981E+0002 -1.38791442413196E+0002
2.000 -9.50487010558709E+0001  1.66622672516290E+0002 -2.56784797207393E+0001
3.000 -8.57292557096866E+0001 -1.24470440616524E+0002  1.24470440616524E+0002
4.000 -8.44155417687340E+0001  4.07721324189123E+0001  1.71223814313226E+0002
5.000  6.93546294775878E+0001 -1.60610720895466E+0002 -9.11600323742809E+0001
6.000 -5.29241835653167E+0001  1.26595415497436E+0002 -1.37833400029455E+0002
7.000  1.36140271200938E+0002 -1.38632980391941E+0002  1.78324580587145E+0001
8.000  4.87719418605472E+0000 -4.54248478112937E+0001 -1.88106685568031E+0002
9.000  1.57366499219431E+0001 -1.88264067968612E+0002  4.63463531237714E+0001
10.000 -1.31401290170972E+0002 -1.44838967763328E+0002 -9.59834113739788E-0002
11.000 -1.55385072596875E+0002  1.90638899178657E+0001  1.12850564438420E+0002
12.000 -1.36454021175695E+0002 -7.42724419057583E+0001 -1.17837931085621E+0002
13.000 -3.93199142575888E+0000 -8.97644871831784E+0001 -1.74446156181839E+0002
14.000  1.09341522341918E+0002  4.36981084007314E+0001 -1.59199716508392E+0002
15.000  3.42137629978061E+0001  1.91635515218049E+0002 -8.84175897696110E+0000
16.000  1.46098136230515E+0002  9.52813931938138E+0000  1.27523076749296E+0002
17.000 -7.38333069448340E+0001  5.94127391821711E+0001  7.49869523658468E+0000
18.000  1.03712252931255E+0002  1.31623753259298E+0002 -9.30064719835126E+0001
19.000 -5.04752409981180E+0001  1.56387372393035E+0002 -1.00568816657876E+0002
20.000  8.67742582362971E+0001  1.64585021665768E+0002  5.42577504796187E+0001
21.000 -1.41883298964470E+0002  1.49702136676221E+0001 -1.25292106746850E+0002
22.000  1.55785078583699E+0002  1.13099014237829E+0002 -1.35299578953426E+0001
23.000 -1.72480382405739E+0002 -3.43828220310349E+0001  7.88157039414048E+0001
24.000 -5.02606046415707E+0001  1.01347244855737E+0001  1.84418757384319E+0002
25.000 -1.27252036294746E+0002 -1.15756340260220E+0002  8.43474707534100E+0001
26.000 -1.54991018062291E+0002  1.11045550195463E+0002 -1.53432521848380E+0000
27.000  1.59594706656786E+0002 -3.49040262360275E+0001 -9.52113197706548E+0001
28.000  9.20434113908598E+0001  7.81216549715460E+0001  1.45438226117355E+0002
29.000  1.85838212129056E+0002  2.60443403108830E+0001 -1.26470023975210E+0001
30.000 -1.28531013364367E+0001  3.86442762451367E+0001 -8.87766233684451E+0001
31.000 -1.75220284320572E+0001 -9.46816895680013E+0001 -3.00587018394781E+0001
32.000 -6.32523071297097E+0001  3.49616939844452E+0001  5.29463329343814E+0001
33.000  7.34279452159949E+0001  1.35305428698268E+0002  1.00926870123061E+0002
34.000  7.42816060923120E+0001 -7.69887448849728E+0001  1.48182609642930E+0002
35.000 -2.89744959510556E+0001 -1.74782358359223E+0002 -4.14454735971638E+0001
36.000  1.12281112821993E+0002 -2.92861531551316E+0001 -1.38819908423677E+0002
37.000  5.10870459110697E+0001 -6.95201852360940E+0001 -1.58069203145109E+0002
38.000 -3.96769619133060E+0001  6.89461364898173E+0001 -1.60201134905026E+0002
39.000  4.04652100358580E+0001 -1.49395796403609E+0002  8.80679137938705E+0001
40.000  1.11037883054314E+0002 -1.18240666227218E+0002  7.10427180889779E+0001
41.000 -1.14473387980286E+0002  6.56774978161429E+0001  1.16561078197214E+0002
42.000 -1.04054892141841E+0001 -1.09097981061636E+0002  1.36537068977310E+0002
43.000  1.37463029188083E+0002 -4.40674754555368E+0001  9.72924889465433E+0001
44.000  7.90502876405270E+0000 -3.19837023171209E+0001  1.69915414939524E+0002
45.000  8.60038294989658E+0001  5.19544627071980E+0000  1.48955978866994E+0002
46.000  9.95390035199267E+0001 -9.92013714486187E+0001 -9.75676672129252E+0001
47.000 -2.69030853751806E+0001  1.64376369510323E+0002 -3.44070934462572E+0001
48.000  1.51171771000308E+0001  1.60586461149598E+0002  5.07100918979614E+0001
49.000 -1.46925507636920E+0002 -7.74487147394099E+0001  2.28844517591897E+0001
50.000 -1.52566433580866E+0002 -2.58702757285412E+0001 -6.26264770004902E+0001
51.000  8.38418996830249E+0001  1.41746005157954E+0002 -2.14751177150234E+0001
52.000  4.11472260767972E+0001  1.89204307234687E+0001 -1.58746142019439E+0002
53.000  8.94202653022091E-0001 -1.24222033722762E+0002 -1.07193009164599E+0002
54.000 -6.27377633657522E+0001 -2.53490717324924E+0001 -9.47723587366148E+0000
55.000 -9.59325060727416E+0001 -1.16014242373153E+0002 -6.00631708132929E+0001
56.000  3.34673850387599E+0001 -2.97920950288481E+0001 -6.26263655413331E+0001
57.000  2.62047966763801E+0001  1.14579643831999E+0002 -1.08675794130245E+0002
58.000 -8.53765488004754E+0001  1.26722582270850E+0002  4.42570491423566E+0001
59.000 -1.51907173080729E+0002  3.14876761231865E+0001  3.03649707231890E+0001
60.000  5.23020632475742E+0000  6.58604370776819E+0001 -1.91538355107433E+0000
61.000  5.74590967249226E+0001 -1.44747827183459E+0002 -1.03678795879987E+0001
62.000 -5.17747249291776E+0001 -1.38802067568273E+0002  4.58604178822581E+0001
63.000  1.43516790022338E+0002 -5.55062685350347E+0001 -7.91448331971168E+0000
64.000  1.22842885221651E+0002  4.89624214603511E+0001 -7.71090195729743E+0001
65.000 -6.32322448972233E+0001 -2.84764082290368E+0001 -1.35348110721945E+0002
66.000 -8.92662655524597E+0001 -3.83075055063301E+0001  1.15711893897545E+0002
67.000  3.31871827480221E+0001 -4.22222625202161E+0001  6.23190121987385E+0001
68.000 -9.96736139431775E+0001  8.32962706558499E+0001 -7.31556938644443E+0001
69.000  1.23849692701213E+0002  5.90336778389892E+0001  5.57132813867204E+0001
70.000 -4.26944788791978E+0000  7.31422453316417E+0001  1.27532417469182E+0002
 2.17080027428676E+0002
