1.509  6.66736946028800E-0001  2.96266700220720E+0000  8.49099950460021E+0000
1.553  2.46519015798200E+0000 -2.07439394881350E+0000  8.44699968083298E+0000
1.399  5.64909566085470E+0000 -1.21690734587496E+0000  1.39900028749923E+0000
1.489 -1.03923326031420E+0000  3.51009198574260E+0000  6.08692181526352E+0000
1.463 -3.16119564920505E+0000 -6.54122310266880E-0001  8.53699913227813E+0000
1.650  9.48383915986000E-0001 -2.76413294476019E+0000  5.71153239226103E+0000
1.409  4.39932627388280E+0000 -3.73143388925350E+0000  1.40900029170281E+0000
1.557  6.54424494056700E-0001 -3.17349168384923E+0000  2.51764938725039E+0000
1.430 -5.07365580229180E-0001  2.64302848353200E+0000  1.43000023192574E+0000
1.575 -5.57028663256058E+0000 -6.01608045860999E-0001  6.00865441651791E+0000
1.537  3.33671782874690E+0000  4.54791472327260E+0000  8.46299968671335E+0000
1.586 -4.27168607517048E+0000 -3.60397994328383E+0000  8.41399980000000E+0000
1.464 -9.58276049208493E-0002 -2.21359670271751E-0001  1.46400024918743E+0000
1.316  7.16994126494800E-0001 -5.81766393455322E+0000  8.68399972249292E+0000
1.653  5.49151204023680E+0000 -6.04468211745109E-0001  8.32155469780621E+0000
1.641 -1.01706483907099E-0001 -1.61508522065780E-0001  8.35899970112571E+0000
1.383  3.60384106602000E-0001  1.04481188176310E+0000  5.62480096236199E+0000
1.342  3.33661918639820E+0000 -4.78770565857742E+0000  3.72074240692603E+0000
1.401 -5.96203667412610E-0001 -5.74583110026119E+0000  6.30651301576131E+0000
1.371  5.28883619732150E+0000  2.39702792759940E+0000  8.62899971364905E+0000
1.482  4.56636468283950E+0000  3.10557279178340E+0000  4.03519521274944E+0000
1.547  3.15512858464610E+0000 -2.86974692655431E-0001  6.00996865474174E+0000
1.523  1.06264873600150E+0000  3.28066576867660E+0000  3.86219597580302E+0000
1.291  1.54797609746220E+0000 -3.42522753972400E-0001  3.67154559768123E+0000
1.588  1.14360883885030E+0000  5.47144244002820E+0000  1.58800039430877E+0000
1.389  2.82717023946470E+0000  1.03483419999990E+0000  8.61099980000000E+0000
1.487  1.75290105674350E+0000  5.41397953501970E+0000  6.03688442854569E+0000
1.566 -2.31355667143112E+0000 -2.28344033072001E+0000  1.56600072224387E+0000
1.329  2.11722076814860E+0000 -5.45201197090928E+0000  6.24405261026141E+0000
1.452  2.80193813731330E+0000 -1.35506908438363E+0000  1.45200025242515E+0000
1.569  2.30949272108740E+0000  1.62322785225600E+0000  1.56900027944841E+0000
1.664 -2.67765747735288E+0000  8.15381168251401E-0001  5.66812211962161E+0000
1.521  5.39840410059100E+0000  1.68975275994290E+0000  1.52100025016621E+0000
1.311 -4.81380186320837E+0000 -3.35339351695104E+0000  5.57922843115812E+0000
1.555 -2.06735161177234E+0000  5.22882179465270E+0000  8.44499974872820E+0000
1.285 -3.10598902187029E+0000 -5.00764541042149E+0000  1.28500023041730E+0000
1.635 -5.31757808484911E+0000  1.56354306003440E+0000  8.36499977315242E+0000
1.425  2.58563939382870E+0000  2.61950292710310E+0000  6.29819060709823E+0000
1.621 -4.14072347415490E+0000  3.70555044861310E+0000  6.21363817781061E+0000
1.432  3.89111174299390E+0000  4.22753938228950E+0000  1.43200031715849E+0000
1.589 -5.42725444441622E+0000 -1.33351225669363E+0000  1.58900030112989E+0000
1.108 -4.45034404430383E+0000  4.12740227812710E+0000  8.89199960709805E+0000
0.964  6.09182745663590E+0000  1.16728881095960E+0000  3.89859688448556E+0000
1.094  4.87874029128910E+0000  3.63442685093110E+0000  6.53689730443492E+0000
1.534 -1.97251509368111E+0000  5.28775098729130E+0000  1.53400034270649E+0000
0.729 -6.87337219355960E-0001 -3.67872257150702E+0000  7.31908154578380E-0001
1.226  5.34637602630180E+0000 -2.61510224173074E+0000  3.59991978396851E+0000
1.370 -9.83411970076171E-0001 -1.22418837046534E+0000  3.96161676189186E+0000
0.960  2.74541965016110E+0000  1.48734806271400E+0000  4.20512415613488E+0000
1.656  4.32048125375360E+0000 -3.43837056780496E+0000  6.21058715262037E+0000
0.701 -8.44046647823649E-0001  4.03899673397990E+0000  3.00451012480631E+0000
1.324 -3.69031797122716E+0000 -1.41181435864560E+0000  3.95281870731235E+0000
1.346  3.20459736711440E+0000 -4.87227353582465E+0000  8.61832072531420E+0000
1.412 -2.64207455003331E+0000  3.12937370555360E+0000  3.64047600784680E+0000
0.992 -5.32040205313621E-0001  6.16275620739730E+0000  6.64006231664043E+0000
1.504 -2.24153727884519E+0000  2.17521011672560E+0000  8.49599973554095E+0000
0.776 -6.01518579611886E+0000  2.16412761177760E+0000  6.12840302197664E+0000
1.591 -5.29606808043619E+0000  1.74754829207660E+0000  3.90393093224435E+0000
0.785 -6.33377554861957E+0000 -4.01468913349291E-0001  3.63843073502033E+0000
1.646 -3.03652984172785E+0000  8.45114826483099E-0001  1.64600030835748E+0000
1.616 -1.88214039487070E+0000 -4.51778023807469E+0000  3.86918876498312E+0000
0.824  6.30838633658650E+0000 -6.38767484841241E-0001  3.46839089829666E+0000
1.253  5.82853487598570E+0000 -1.06302159590123E+0000  5.47182045960814E+0000
1.209 -3.12151352140520E+0000 -5.08736632822073E+0000  6.34308321322127E+0000
1.120  3.09953765431580E+0000 -2.14192333730869E+0000  4.08110355711335E+0000
1.038 -2.36887987928136E+0000  5.66428110237280E+0000  5.90667199534087E+0000
0.652  2.85897232916340E+0000 -3.16967722106106E+0000  2.65778470849759E+0000
1.351 -2.01387257760021E+0000 -5.46758785783925E+0000  8.64899048157412E+0000
1.307 -4.55210759463717E+0000 -3.70718259503237E+0000  2.99847739697678E+0000
1.559 -2.18756603168221E+0000 -2.46767757668384E+0000  6.32440997650145E+0000
1.426 -5.35443130947890E-0001  5.72670291032590E+0000  4.26170645501178E+0000
0.748  2.20103685073390E+0000 -3.38824538976628E+0000  7.69421473889330E-0001
0.857 -5.04915671641716E+0000 -3.71899737395850E+0000  8.73395091911620E-0001
0.854  3.95743954903550E+0000  4.93230191311210E+0000  5.41376275148063E+0000
1.455 -3.03824309645300E-0001 -3.24530057852355E+0000  8.54499971071114E+0000
1.360  8.22264189652600E-0001 -5.75927659325779E+0000  3.90751539382946E+0000
1.295  4.25387274758520E+0000 -7.00755734144796E-0002  3.39794213589048E+0000
1.445 -4.44248242234873E+0000  3.62325429565980E+0000  1.47782310637355E+0000
1.436 -4.84560586447721E-0001 -5.72119675201390E+0000  1.43600061415306E+0000
0.953 -5.86715936201844E+0000 -2.07920233496073E+0000  3.97902682823841E+0000
1.124 -9.66762798332940E-0001  1.22774367801160E+0000  3.50577522827190E+0000
1.181  2.95842410390100E+0000  5.21611826669190E+0000  3.66372173427249E+0000
1.319  2.25022722098240E+0000 -5.40930765861457E+0000  1.31900182634249E+0000
0.962 -2.91676500872346E+0000  5.47901546696310E+0000  3.93378176945406E+0000
1.332  7.54433490131300E-0001  5.79679262069960E+0000  8.66799160779802E+0000
1.244 -5.80105873814704E+0000 -1.24750831017238E+0000  8.75599937979041E+0000
1.122  5.08259990112170E+0000 -3.29217866212504E+0000  8.87799978270836E+0000
1.311  5.69586439020670E+0000  1.40536908642780E+0000  6.15266155281186E+0000
1.193 -5.82056145530974E+0000  1.39192719701110E+0000  1.19300041221041E+0000
0.898 -4.70198476055498E+0000  4.16241556232750E+0000  3.80080268286929E+0000
h=10.0 R= 7.17768044838728E+0000
