1.518 -5.23415866942355E+0000 -7.17401309640230E-0001  1.47126598729215E+0000
1.463  5.96564303972000E-0001  1.96904896512894E+0000 -1.74194793004227E+0000
1.513  4.74520664273236E+0000 -2.73534903599123E+0000 -3.62559759204630E-0001
0.780 -1.11292543210100E-0002  3.18165284626566E+0000 -5.34678189241843E+0000
0.567  3.43515780264938E+0000 -3.04250041485430E-0001  1.95451517442800E-0002
1.982 -3.28151709994658E+0000 -3.30296565882167E+0000 -1.85988418008195E+0000
1.934 -1.59594510590000E-0002 -2.98363521092054E+0000 -4.05168828585139E+0000
0.829 -1.15983569118403E+0000 -1.26016704020920E+0000  5.93079395383249E+0000
1.609 -2.96635936250330E-0001  3.84647779750693E+0000  3.76253756414364E+0000
0.600 -3.95251015613471E+0000  1.07905089268763E+0000  4.88492161182853E+0000
0.673  1.45270941962981E+0000  1.86454808381750E-0001  6.14360504973295E+0000
1.327  3.45372800787052E+0000 -2.18005690501756E+0000  3.94033498015899E+0000
1.422 -4.08859476027485E+0000  3.61263063288311E+0000 -1.17054193820867E+0000
0.764 -4.34724738055780E+0000  9.23261090062880E-0001 -4.36470230696701E+0000
1.367 -2.46980027568280E-0001 -1.55196907382442E+0000  2.58229318463694E+0000
1.598 -5.09878746706560E-0001  9.88239235666640E-0001  5.28848261619608E+0000
0.916 -4.60313252014385E+0000 -2.87844919155397E+0000  2.75076397478573E+0000
1.080  5.06468040477733E+0000 -2.18858019125026E+0000  2.15192467568825E+0000
1.480  9.70693050493620E-0001 -1.70726958790267E+0000  5.16109766295251E+0000
1.741  2.83621812299047E+0000  3.58867475581009E+0000  2.59938307122324E+0000
1.104 -4.87888612222608E+0000 -3.22136109879283E+0000  7.79273424594780E-0001
1.348  7.25925700771670E-0001 -5.33100494163119E+0000 -1.73857115410143E+0000
1.747  4.59718069941056E+0000  5.80240457164080E-0001  2.47904527349880E+0000
1.755 -3.05407345994921E+0000  3.85753655218532E+0000  1.82330494702835E+0000
1.266  2.96686429195231E+0000 -1.84119614325333E+0000 -4.55092584516855E+0000
1.495 -1.09885731279089E+0000 -4.41709576273510E-0001 -1.99405065770573E+0000
1.141 -1.52354132340557E+0000 -5.61473193174689E+0000 -7.11672208654520E-0001
1.808  2.51783077453434E+0000  4.46240142547962E+0000 -8.52356622089320E-0001
1.316  6.84671758753170E-0001  5.44800793619446E+0000  1.47734022811447E+0000
0.619  4.19337328590714E+0000  4.68202522668178E+0000  9.46564792325070E-0001
1.360  4.22399274348641E+0000  6.39364675427220E-0001 -3.68547877318251E+0000
0.532  4.86030087923301E+0000  4.12212799650704E+0000 -9.85011320081300E-0001
1.821 -1.12845312753916E+0000  4.94996913597119E+0000 -1.03369699894212E+0000
0.698 -2.80106130568371E+0000  9.65075675573980E-0001  5.55673661667069E+0000
1.652  1.11768132396262E+0000 -4.19341716849788E+0000  3.12889027289810E+0000
0.605  2.72713272633357E+0000  4.76903184696317E+0000 -3.25361471657038E+0000
1.431  1.37176431551017E+0000  7.90547334155970E-0001  2.89511023051101E+0000
1.918 -2.22893937301637E+0000 -4.16198579815770E+0000  1.88629385014129E+0000
1.241 -5.28349685577213E+0000  2.17397873500090E+0000  7.41027253775870E-0001
1.247  3.14904404286979E+0000  3.01331322347602E+0000 -3.75832540193682E+0000
0.903 -1.49774266336356E+0000  6.70114838816100E-0001 -5.87427671018062E+0000
0.936 -1.29560584981566E+0000 -5.22493959476407E+0000 -2.79631377609925E+0000
1.426  7.71421854089740E-0001  4.21906590698414E+0000 -3.56337474215184E+0000
1.147  1.84548358840796E+0000  2.37301645592901E+0000  5.02449524288411E+0000
0.746 -4.78768967951611E+0000  2.68515545823011E+0000 -3.00119283983691E+0000
0.779 -4.84924713569563E+0000 -1.72674121027514E+0000 -3.49721883725180E+0000
1.350  2.71146814979640E-0001  5.49373828913000E-0002  4.49402271419730E-0001
1.191  4.75288493625523E+0000 -1.71854784248080E+0000 -2.86808879212619E+0000
0.912 -5.66343670317764E+0000 -2.12154602167708E+0000 -7.17103934944340E-0001
0.939  2.97054881869051E+0000  1.71711415781802E+0000 -2.00715208857013E+0000
1.229  2.91386430936070E-0001 -5.70865800218889E+0000  8.09550863980530E-0001
1.136  4.76336405893927E+0000  2.76170547957914E+0000 -2.02357429353798E+0000
1.309 -4.54309017676237E+0000  1.49678939703777E+0000  3.08734650385766E+0000
1.119  3.73792713588954E+0000 -3.93864986413714E+0000  2.26410752541107E+0000
1.189 -1.10786904366666E+0000 -3.30278548232745E+0000  4.65368038361508E+0000
1.210 -2.69922617092434E+0000  2.53562763740906E+0000  4.45348912013925E+0000
0.934 -3.50567839966919E+0000  9.94254996413940E-0001  1.16321365084020E+0000
0.566 -4.18898109041983E+0000 -1.60023348170327E+0000 -1.45688656783750E-0001
1.430 -1.96924493099283E+0000  1.86234644418504E+0000 -4.09773255838850E-0001
0.850  3.72758107824901E+0000  2.01923649562489E+0000  4.45831283279356E+0000
0.612 -7.91981410467640E-0001  2.08490043490362E+0000 -5.96216109345260E+0000
0.829 -1.42604936712663E+0000  5.82886700165295E+0000  1.44853543474159E+0000
1.609  5.30216891032089E+0000  2.97695917532190E-0001 -9.40344375727130E-0001
0.600  4.54300904581068E+0000 -6.77708027213570E-0001  4.45971495609300E+0000
0.673 -3.30508352647347E+0000 -5.37594788795377E+0000 -1.64328643617760E-0001
1.327  4.88372670230882E+0000  2.85787675653645E+0000  4.34603161939420E-0001
1.422  2.71497263151506E+0000 -4.87327442289930E+0000  1.34148679407420E-0001
0.764  2.47595518340929E+0000 -2.82675259047869E+0000 -5.96068675512600E-0001
1.367  2.59870467756154E+0000  1.44260564998289E+0000  2.52057550591430E-0001
1.598 -2.84909845622090E+0000 -9.22390461503670E-0001 -4.49849746557431E+0000
0.916 -7.92195260823290E-0001 -1.00476296759541E+0000 -5.95011584784753E+0000
0.619  5.12118541728816E+0000  2.91559966010569E+0000  2.40624804024550E+0000
1.360  3.19555617674030E-0001  2.84852263624367E+0000  9.31203275186380E-0001
0.532  6.01687722193115E+0000 -1.64989111358960E+0000 -1.61233921990012E+0000
1.821 -3.03133415081353E+0000 -1.06363808404632E+0000  4.06494963523604E+0000
0.698 -1.22190418623325E+0000  5.03431505983356E+0000 -3.57023434611282E+0000
1.652  2.21451843975357E+0000 -7.53115400097790E-0001 -1.80798378466504E+0000
0.605 -2.14460985112493E+0000 -4.50316755320858E+0000 -3.94660949960652E+0000
1.431 -1.41194766959561E+0000  1.17983604440843E+0000  2.35617107364746E+0000
1.918 -4.70754120570865E+0000  3.30112082173050E-0001 -1.75851598405449E+0000
1.241  2.96183166429506E+0000  1.33973674545460E-0001  4.93966066576382E+0000
1.518  2.46368679583017E+0000 -1.61039972571988E+0000  1.33469909213667E+0000
1.463 -2.32088037800705E+0000 -1.02179657823993E+0000  6.36524626396780E-0001
1.513  2.99344420942119E+0000 -3.80582931632269E+0000 -2.58563864385071E+0000
0.780 -2.66640684817484E+0000 -3.29465308985376E+0000 -4.55403633259600E+0000
0.567 -8.14701860589000E-0001 -4.10007692427848E+0000 -1.86571661410724E+0000
1.982 -2.17340532984537E+0000  2.51522850837113E+0000 -3.76186957726614E+0000
1.934  1.15470023459313E+0000  7.76454181283040E-0001 -4.87337164140772E+0000
0.829  6.00972139501597E+0000 -9.90504376691600E-0001  1.00484357315499E+0000
1.609  1.14866055538510E-0001 -2.78639483845015E+0000 -3.61829472095140E-0001
 7.00213249146852E+0000