0.733  7.79871950048850E-0001  4.09996886972762E+0000  1.13044104248350E+0000
0.949  2.44586554269083E+0000  3.62920337021069E+0000  9.92572922990640E-0001
0.644  7.34092088098766E+0000  9.08382488537952E+0000  8.62654308205690E-0001
0.758  8.28939138924740E-0001  9.06584951254429E+0000  9.39473835691240E-0001
0.808  4.96907098697159E+0000  8.95656536828679E+0000  9.84752400537420E-0001
0.629  8.08451762927041E+0000  6.66201015840999E+0000  8.60312773792770E-0001
0.802  6.44567664158729E+0000  7.74179695331757E+0000  9.68564070045100E-0001
0.631  9.20519370660935E+0000  7.51424117105720E-0001  8.57829209509740E-0001
0.735  8.69856678014502E+0000  4.72376925090926E+0000  9.48655735771070E-0001
0.812  8.60625151930110E-0001  7.07960164973489E+0000  9.98599899965000E-0001
0.774  8.70975066372670E-0001  8.25066904621250E-0001  9.51862067621970E-0001
0.869  5.70645764735040E+0000  4.25594005331758E+0000  9.86801874701530E-0001
0.688  7.86110149812020E-0001  5.52984136780842E+0000  7.75008559408410E-0001
0.737  6.89103872162194E+0000  8.22966179140190E-0001  9.32461414034990E-0001
0.689  7.19240361655608E+0000  3.25283840516291E+0000  8.85039117830670E-0001
0.650  3.44663256147654E+0000  9.29508067419159E+0000  7.95480833743250E-0001
0.973  2.52365831876189E+0000  5.97915721084526E+0000  9.94911583300410E-0001
0.745  3.92295480348590E+0000  7.36989020191520E+0000  9.12536877554860E-0001
0.779  5.27738232849019E+0000  8.23845999000860E-0001  9.35139033453310E-0001
0.785  4.18895102485758E+0000  3.18938090221136E+0000  9.45686134596050E-0001
0.995  5.33572377287878E+0000  6.18835383425541E+0000  9.95000200000000E-0001
0.639  9.01520952978909E+0000  3.11122827504646E+0000  8.57379147374920E-0001
0.694  3.93593030825488E+0000  4.88448347890990E+0000  8.60147033420130E-0001
0.928  2.32530690072069E+0000  8.11774014669144E+0000  9.97272182299880E-0001
0.842  5.69483560823593E+0000  2.44127573324865E+0000  9.94970033524090E-0001
0.677  7.10402444463565E+0000  5.29454226748546E+0000  8.78643871545720E-0001
0.759  3.68093672318566E+0000  8.24067889900080E-0001  9.44815593121410E-0001
0.794  2.32937981840287E+0000  1.68446005934140E+0000  9.47343489353950E-0001
0.709  8.10847953093280E+0000  1.80446168978607E+0000  9.57141963479670E-0001
0.814  8.65735459827410E-0001  2.50008359796753E+0000  9.35281801932530E-0001
 1.99000040000000E+0000
