1.562  1.56200020000000E+0000  8.43799980000000E+0000  5.31035321476692E+0000
1.723  5.19691687929539E+0000  2.13941871744840E+0000  1.72300044984150E+0000
1.397  5.80448686027452E+0000  4.42206746509203E+0000  5.47535321817350E+0000
2.347  7.65299980000000E+0000  5.32425701522642E+0000  2.34700020000000E+0000
0.861  8.73113636795511E+0000  5.27251009629038E+0000  5.75293475861852E+0000
0.627  9.24815910655694E+0000  6.77395973576930E-0001  3.48039871230568E+0000
1.661  4.80886845715619E+0000  8.09392272943670E+0000  5.03145653393535E+0000
0.752  6.65361683983129E+0000  8.25326103912330E-0001  3.40724806383123E+0000
2.261  2.27562807080108E+0000  4.75558063959856E+0000  4.57153263719803E+0000
1.150  1.25140035847366E+0000  4.85444682650234E+0000  1.22081290214335E+0000
1.567  8.43299490157534E+0000  1.56702820583021E+0000  1.56710638675626E+0000
1.769  8.16018266411567E+0000  2.18595582815309E+0000  5.07210097464806E+0000
1.867  1.86700020000000E+0000  8.13299979572808E+0000  1.90858983374699E+0000
1.594  5.30690917567458E+0000  8.40407894886282E+0000  1.60125113600261E+0000
1.291  8.64023471740195E+0000  8.68550959096527E+0000  1.32541071803712E+0000
1.750  1.75074868743182E+0000  1.75591321796531E+0000  1.94347035481979E+0000
1.742  8.25799936056942E+0000  8.25799973229841E+0000  5.13035317222061E+0000
1.368  1.36800020000000E+0000  1.36800020000000E+0000  5.50435321673268E+0000
1.433  4.00064559413138E+0000  5.66088036278836E+0000  1.43300020000000E+0000
1.652  4.61770882392552E+0000  1.65200020000000E+0000  5.01200800726273E+0000
 6.87235341817350E+0000
