1.956  8.04399980000000E+0000  5.43522696605256E+0000  9.45102882836918E+0000
1.141  8.85899980000000E+0000  6.35899979609789E+0000  1.22924774477750E+0001
0.730  9.15268416980089E+0000  6.71571468710874E+0000  7.28684534153965E+0000
0.545  9.37264644712241E+0000  2.81131629084360E+0000  4.24290831610378E+0000
1.181  3.06759814307067E+0000  3.97710610725381E+0000  5.47629629818625E+0000
0.827  9.10403065588504E+0000  2.62224655685605E+0000  1.02985919886336E+0001
0.463  6.22471844631920E-0001  6.22471622223720E-0001  9.90182897635961E+0000
1.295  8.70499980000000E+0000  3.72944188237120E+0000  1.21384774329504E+0001
1.731  4.21956525691881E+0000  1.73457108685817E+0000  1.73438261273979E+0000
2.348  5.51195519504006E+0000  2.34800020000000E+0000  1.10579513709967E+0001
1.383  5.71332245814280E+0000  6.02786175516930E+0000  1.19594017956653E+0001
0.886  5.01322482655271E+0000  9.19237758148460E-0001  8.16040522911509E+0000
1.203  1.26324943267964E+0000  1.32536012055217E+0000  1.24441077208807E+0000
2.013  2.02753619075284E+0000  4.93728626747198E+0000  2.04725617874531E+0000
0.596  6.90410789725020E-0001  4.42643457915791E+0000  8.98807108235070E+0000
1.647  5.57507853576470E+0000  5.83930757295226E+0000  1.65776780315317E+0000
1.371  8.57449778714670E+0000  5.31980550210897E+0000  1.38658219070230E+0000
1.818  8.16972012060799E+0000  1.88065755917516E+0000  7.87241118636341E+0000
2.132  2.13200020000000E+0000  2.13200020000000E+0000  8.07024345504684E+0000
0.735  5.85230532107226E+0000  3.51916678359917E+0000  8.12399950110530E-0001
1.956  4.45843356522470E+0000  5.48849533504067E+0000  7.88749954506801E+0000
1.141  4.74110331314774E+0000  3.92004656675852E+0000  3.52787353193511E+0000
0.730  9.20269257957282E+0000  6.74399482453718E+0000  2.84594951814063E+0000
0.545  6.76031964410170E-0001  6.76014330838980E-0001  6.11583785457527E+0000
1.181  8.77996990048261E+0000  1.19698688227512E+0000  5.00727047233539E+0000
0.827  5.73258415368648E+0000  2.98616334313040E+0000  7.92412317415481E+0000
0.463  6.12069179630750E-0001  3.55222689094975E+0000  1.27367734222930E+0001
1.295  1.29500020000000E+0000  6.20499980000000E+0000  8.10730430614225E+0000
1.731  1.73738132391722E+0000  1.73781907766007E+0000  4.16095570515546E+0000
2.348  7.65199980000000E+0000  5.15199980000000E+0000  5.02178412582913E+0000
1.383  1.41103579335797E+0000  6.04050754241122E+0000  5.34333742428209E+0000
0.886  9.26314083242290E-0001  3.78081905331875E+0000  5.74650439429859E+0000
1.203  8.74597064200142E+0000  1.21649475594488E+0000  1.21655988168837E+0001
2.013  7.98699980000000E+0000  2.01300020000000E+0000  2.01300020000000E+0000
0.596  7.57470163335234E+0000  6.79228531177876E+0000  2.44217355447899E+0000
1.647  1.64700020000000E+0000  1.64700024001132E+0000  1.17864774137896E+0001
1.371  4.08190880441030E+0000  6.12711196504568E+0000  4.53868062950089E+0000
1.818  5.19858675282389E+0000  1.82231585911863E+0000  5.57684756904527E+0000
2.132  2.19898165330714E+0000  5.35387863800405E+0000  1.13014774383578E+0001
0.735  9.12909178806859E+0000  8.18930507211770E-0001  1.01323961628505E+0001
0.100  7.20144989380447E+0000  5.17522776555754E+0000  1.29780530186541E+0001
 1.34334776477750E+0001
