1.103  1.10300034464055E+0000  3.55987920769268E+0000  5.08985665809518E+0000
1.455  8.54499980000000E+0000  6.04499980000000E+0000  1.57455702028738E+0000
0.672  4.39808447406434E+0000  7.55818372547010E-0001  7.38871984931517E+0000
1.478  1.48117063243520E+0000  1.50011415952895E+0000  6.61404827233673E+0000
1.103  8.89699980000000E+0000  1.10300025157837E+0000  6.99365247812197E+0000
1.455  1.45500020000000E+0000  5.56272521564175E+0000  6.64165247409980E+0000
0.672  6.32744807025998E+0000  3.74653625991579E+0000  7.33507766743732E+0000
1.478  4.18783869942540E+0000  3.49430218590740E+0000  6.61644205869115E+0000
1.103  1.10300022200831E+0000  1.10300024939156E+0000  1.10300024563974E+0000
1.455  6.30935621529746E+0000  4.18802704122807E+0000  4.33741008969925E+0000
0.672  7.90082543066110E-0001  3.53230987644210E+0000  7.30559488306289E+0000
1.478  3.62626116933628E+0000  1.47800023230963E+0000  1.49554635546832E+0000
1.103  8.89699973266758E+0000  3.80821633082602E+0000  3.29448930025273E+0000
1.455  1.45500020000000E+0000  5.62710467548311E+0000  3.62491770400457E+0000
0.672  3.57923014742760E+0000  6.65884797265731E+0000  7.30040799421438E+0000
1.478  5.63226704790976E+0000  3.64913340856316E+0000  1.50327117948346E+0000
1.103  3.86155839859630E+0000  1.10495828709082E+0000  5.69010519800232E+0000
1.455  3.54272509437997E+0000  3.60092268447994E+0000  3.56093543280925E+0000
0.672  9.31442353235840E+0000  6.83811989887610E-0001  2.66021858080866E+0000
1.478  1.51987565199878E+0000  1.47800023287433E+0000  3.62235599005514E+0000
1.103  8.89699980000000E+0000  3.55560304585372E+0000  1.10300020000000E+0000
1.455  6.40079722452221E+0000  5.96290957300163E+0000  6.64165247901043E+0000
0.672  6.56585789208237E+0000  6.82108941731970E+0000  4.69533096534187E+0000
1.478  3.57930165971964E+0000  5.77582538840705E+0000  1.48199412249261E+0000
1.103  5.59844932203190E+0000  6.39699980000000E+0000  3.26111239578973E+0000
1.455  7.56795351458604E+0000  1.45500020000000E+0000  1.70671323348558E+0000
0.672  9.29811468148904E+0000  7.05198843122240E-0001  6.95893308875060E-0001
1.478  1.47800031492134E+0000  3.62892848659286E+0000  1.47800023604520E+0000
1.103  8.89699980000000E+0000  6.39699980000000E+0000  6.99365248216246E+0000
1.455  8.54499980000000E+0000  6.04499977339482E+0000  4.48455742767448E+0000
0.672  5.65693806467245E+0000  7.76760668173190E-0001  7.65602239067850E-0001
1.478  8.52199979635441E+0000  1.54580013483139E+0000  4.47872377940679E+0000
1.103  6.05560312922105E+0000  6.39699980000000E+0000  1.10300020000000E+0000
1.455  3.90738119154708E+0000  6.01638928257745E+0000  5.14227968971041E+0000
0.672  7.43750893553018E+0000  4.46925052545322E+0000  6.72000209736200E-0001
1.478  6.36960315842983E+0000  1.48956100817567E+0000  6.58254224002296E+0000
1.103  1.10300020000000E+0000  6.39699980000000E+0000  1.10300020545262E+0000
1.455  5.49881301387665E+0000  1.45500020000000E+0000  3.75287066428792E+0000
0.672  3.18290651534201E+0000  6.82799980000000E+0000  3.31456104352886E+0000
1.478  8.47829892737948E+0000  3.75973188685680E+0000  6.55047169076156E+0000
 8.09665268216246E+0000