1.118  5.20394677938415E+0000  1.11800020066900E+0000  1.02117654168698E+0001
0.654  4.86271060200671E+0000  6.75900781854670E-0001  1.61328966660318E+0001
1.654  4.91162259226040E+0000  3.34599980000000E+0000  8.58863555164533E+0000
2.403  2.40300020000000E+0000  2.40300021923014E+0000  2.40300020000000E+0000
0.774  9.19588875777968E+0000  7.88817687959360E-0001  4.64328685778756E+0000
1.897  8.10299980000000E+0000  3.10299980000000E+0000  3.31449622696607E+0001
2.204  5.74555361357703E+0000  2.79599980000000E+0000  2.73010992105047E+0001
1.807  8.19299980000000E+0000  1.80700020000000E+0000  2.42811636436821E+0001
2.131  7.86899980000000E+0000  2.84533123702054E+0000  1.08972019029017E+0001
2.187  2.18700020000000E+0000  2.18700020000000E+0000  1.10353551269751E+0001
1.142  5.11510343054052E+0000  1.15694512647780E+0000  3.86304845389430E+0001
1.267  5.23042929571169E+0000  1.26739833876183E+0000  1.25929293142897E+0001
2.304  2.66092563022923E+0000  2.69599980000000E+0000  2.03649359626775E+0001
1.121  5.00167718621801E+0000  1.12249390547876E+0000  6.91577543841862E+0000
0.696  5.08608589764039E+0000  4.20481837156961E+0000  1.09008088416795E+0001
2.434  2.43400021011422E+0000  2.56599970253474E+0000  1.56341587880877E+0001
2.004  7.99510346208185E+0000  2.02048781839004E+0000  6.84429518779314E+0000
1.191  5.13341029158836E+0000  3.78519723150768E+0000  1.80772760866470E+0001
0.951  9.03742811658309E+0000  4.04521934703819E+0000  4.95465504357145E+0000
1.083  3.70116783721251E+0000  3.90955517447018E+0000  2.96471490845274E+0001
1.068  6.86360499671055E+0000  3.92710496423161E+0000  3.02040265963117E+0001
1.274  4.97985219248922E+0000  1.27400022350286E+0000  1.80405900668346E+0001
1.833  1.83300022279446E+0000  1.83300020000000E+0000  2.87904644666157E+0001
1.620  5.00000005172398E+0000  3.37999980000000E+0000  5.31600479665534E+0000
0.863  3.89614766663285E+0000  8.92821446678040E-0001  8.70394405324498E+0000
1.118  8.81003403197407E+0000  1.18897929804356E+0000  2.71440149123725E+0001
0.654  2.74392657137986E+0000  4.25193784948627E+0000  5.06057563178968E+0000
1.654  8.34599980000000E+0000  1.65400020000000E+0000  2.99121685802904E+0001
2.403  7.59699980000000E+0000  2.40300020000000E+0000  2.40300020000000E+0000
0.774  7.86202972086580E-0001  7.86202971980160E-0001  4.62483189884998E+0000
1.897  4.61652530201245E+0000  3.10299980000000E+0000  3.46412690912379E+0001
2.204  7.78427852636024E+0000  2.64093506228614E+0000  3.72355650535159E+0001
1.807  1.86186074318378E+0000  3.19299980000000E+0000  3.21667303007585E+0001
2.131  2.13100020000000E+0000  2.13100031431999E+0000  3.76582492228722E+0001
2.187  2.18700020000000E+0000  2.18700020000000E+0000  2.48017590035379E+0001
1.142  1.18330545291203E+0000  3.83034644451694E+0000  3.49963765149481E+0001
1.267  1.26700020000000E+0000  1.26700020000000E+0000  3.44875372299080E+0001
2.304  7.69599980000000E+0000  2.30400020000000E+0000  2.01295448054989E+0001
1.121  8.81310509511429E+0000  3.86414086221631E+0000  2.62874281062024E+0001
0.696  3.49052475370696E+0000  4.28511225986264E+0000  6.90376231747670E+0000
2.434  7.29630518321988E+0000  2.48806253451643E+0000  1.54120228893528E+0001
2.004  2.00400020000000E+0000  2.00400020000000E+0000  6.82066048816859E+0000
1.191  4.87133044386637E+0000  3.79435123455699E+0000  3.85786158382482E+0001
0.951  9.56663869093920E-0001  4.04516360031713E+0000  4.95147696295890E+0000
1.083  5.26268570913539E+0000  1.08404151659053E+0000  2.45344963019655E+0001
1.068  8.89933620789524E+0000  3.92120056964329E+0000  2.84925649493175E+0001
1.274  4.66488734969281E+0000  3.72521388736409E+0000  1.29062557937421E+0001
1.833  5.08646393292655E+0000  1.83300020775071E+0000  3.11657602422605E+0001
1.620  5.38232784347352E+0000  3.37999980000000E+0000  2.31106395248577E+0001
0.863  9.83671130690150E-0001  4.05257181889303E+0000  8.75645756557571E+0000
 3.97892494228722E+0001
