0.863  9.00661305465315E+0000  4.05326801764347E+0000  1.74790122689496E+0001
1.118  6.67540626584287E+0000  3.88199980000000E+0000  1.40559749135724E+0001
0.654  9.19224665129405E+0000  8.00897052403520E-0001  4.61556370136272E+0000
1.654  4.92402291029636E+0000  1.65400020000000E+0000  3.57829837588598E+0001
2.403  2.40300020000000E+0000  2.40300020000000E+0000  2.42507466127106E+0000
0.774  9.15725562063830E-0001  3.94438395881517E+0000  3.57915006268652E+0001
1.897  8.10299980000000E+0000  1.89700020000000E+0000  1.58200554964193E+0001
2.204  7.79599980000000E+0000  2.20400020000000E+0000  1.14169838127900E+0001
1.807  1.81355603572599E+0000  1.81753166550344E+0000  3.41177559100396E+0001
2.131  7.86899980000000E+0000  2.13100020000000E+0000  2.49793738908301E+0001
2.187  2.18700020000000E+0000  2.18700020000000E+0000  2.98741335814973E+0001
1.142  1.14200032322901E+0000  1.14200029625172E+0000  2.68911493930664E+0001
1.267  5.34585343400627E+0000  3.73299980000000E+0000  4.16852487219597E+0000
2.304  7.69402658213019E+0000  2.69040961652864E+0000  2.02060141839991E+0001
1.121  3.22543459704173E+0000  3.86895589559096E+0000  3.56982663527892E+0001
0.696  9.10823069102909E+0000  4.14417626702332E+0000  2.69743450151989E+0001
2.434  2.43400020000000E+0000  2.43400020000000E+0000  1.99909431850897E+0001
2.004  2.00400020000000E+0000  2.03091614876598E+0000  3.79537828207725E+0001
1.191  5.16450358244691E+0000  1.22218240772656E+0000  4.48623158403671E+0000
0.951  5.34723906225704E+0000  9.99537105310870E-0001  1.86046411159131E+0001
1.083  6.34800282280624E+0000  3.91585600040848E+0000  3.51898222446352E+0001
1.068  3.87114245597705E+0000  1.06800020000000E+0000  1.71043062128819E+0001
1.274  5.04832245042222E+0000  3.67543004488062E+0000  9.81436646651018E+0000
1.833  1.83300020000000E+0000  2.24107977014973E+0000  2.42143656339792E+0001
1.620  5.23742596431405E+0000  3.37999980000000E+0000  1.72195161425862E+0001
0.863  1.08051643947410E+0000  4.01232452333342E+0000  3.24118647964898E+0001
1.118  4.53749547508152E+0000  1.11800020000000E+0000  2.45787845049636E+0001
0.654  9.14909696592712E+0000  4.17501710465793E+0000  9.38337194062768E+0000
1.654  5.02619522745805E+0000  1.65400020000000E+0000  1.40456431120314E+0001
2.403  7.59699980000000E+0000  2.58528815626174E+0000  6.83010347557652E+0000
0.774  4.89942834656064E+0000  8.79735483580320E-0001  3.11035885365040E+0001
1.897  8.10243284717894E+0000  1.89788643070317E+0000  3.38720966291137E+0001
2.204  7.79599980000000E+0000  2.20400020000000E+0000  2.24322313799779E+0000
1.807  4.84107858274685E+0000  3.19299980000000E+0000  3.26840929712775E+0001
2.131  7.86899980000000E+0000  2.86899980000000E+0000  3.78267828205960E+0001
2.187  2.18700023547838E+0000  2.18700020000000E+0000  1.15016178648479E+0001
1.142  4.98730808080756E+0000  3.84765647194695E+0000  1.22844080821973E+0001
1.267  4.69828783078400E+0000  3.73299980000000E+0000  3.86907827932145E+0001
2.304  2.89885983776651E+0000  2.69599979039472E+0000  7.09670470280288E+0000
1.121  5.10887970082952E+0000  1.17922436028401E+0000  9.44738906350644E+0000
0.696  8.81725384316610E-0001  4.11959219557326E+0000  9.30412888318362E+0000
2.434  7.56599980000000E+0000  2.43400020150892E+0000  2.95242182967756E+0001
2.004  2.00400020000000E+0000  2.99599980000000E+0000  1.56097214398414E+0001
1.191  5.06631132680513E+0000  1.22327350678597E+0000  3.87126019700533E+0001
0.951  4.70472876008731E+0000  9.62264620020480E-0001  2.84091128666338E+0001
1.083  5.24180979397572E+0000  3.91699980000000E+0000  1.08300020000000E+0000
1.068  5.15569301742053E+0000  1.06903692773269E+0000  2.17270969388705E+0001
1.274  1.28346583624563E+0000  3.71637500738647E+0000  2.68983838231833E+0001
1.833  4.45184838953007E+0000  3.16699980000000E+0000  2.67007337359756E+0001
1.620  4.88765764869839E+0000  3.37999980000000E+0000  2.30763230600768E+0001
 3.99577830207725E+0001
