1.553  8.44699980000000E+0000  3.73296865377690E+0000  1.55300043826990E+0000
1.431  3.93696110669379E+0000  3.67118490028223E+0000  1.43100022732658E+0000
1.557  8.44299980000000E+0000  3.72925089643545E+0000  5.95241721547338E+0000
1.409  2.12714960688838E+0000  3.76231242244354E+0000  3.77786608869041E+0000
1.256  3.12888076911256E+0000  6.23030471236452E+0000  6.25227457431595E+0000
1.561  6.20233042040500E+0000  1.56100020882386E+0000  5.94841721538821E+0000
1.641  1.64100020000000E+0000  1.64100020000000E+0000  1.64100022683262E+0000
1.283  1.28300023832885E+0000  6.21699980000000E+0000  4.50401243677351E+0000
1.267  1.26700020344334E+0000  4.35147183456554E+0000  6.24241723648417E+0000
1.596  6.13448592936288E+0000  1.59600020000000E+0000  1.59600020000539E+0000
1.647  6.02486805414979E+0000  5.85285695303138E+0000  5.86223672636917E+0000
1.637  6.07381339328883E+0000  5.86299980000000E+0000  1.63700022045583E+0000
1.572  1.57200024631706E+0000  1.57200020000000E+0000  5.75105621060313E+0000
1.554  8.44599980000000E+0000  5.94599980000000E+0000  3.76968069421132E+0000
1.509  3.98039842597789E+0000  1.50900020000000E+0000  3.83058418152831E+0000
1.476  3.91449482759318E+0000  3.55678846923797E+0000  6.03329526313676E+0000
1.544  8.45453411541012E+0000  1.54452063670362E+0000  3.74814658767541E+0000
1.398  3.86039756161547E+0000  6.08792040610431E+0000  3.70353060725000E+0000
1.411  6.41516067669444E+0000  3.68369135730757E+0000  3.74215431077372E+0000
1.633  1.65427773233486E+0000  5.86699979231427E+0000  1.63300020000000E+0000
 7.50941743648417E+0000
