0.787  6.97967757874664E+0000  3.74208710456577E+0000  9.43886925398090E-0001
1.528  6.22139613396555E+0000  1.52800020642342E+0000  3.59534676972444E+0000
0.663  1.90213792536757E+0000  7.03348474517190E-0001  7.33508048294910E-0001
0.787  6.87464697053948E+0000  6.51180909534413E+0000  3.96277419370143E+0000
1.528  1.53665477203283E+0000  1.52800020000000E+0000  3.59534679028251E+0000
0.663  8.03179617683500E-0001  6.41446818954133E+0000  9.37777013149330E-0001
0.787  2.51617306861912E+0000  6.34971202154419E+0000  9.33069310320940E-0001
1.528  3.78526242185018E+0000  1.62289873672644E+0000  1.52800107168673E+0000
0.663  5.45804203306931E+0000  3.09882457822690E+0000  7.94378868876890E-0001
0.787  4.58364456191173E+0000  6.43882845034852E+0000  4.10568870717215E+0000
1.528  7.96778302284004E+0000  5.97199972944079E+0000  1.52800032294269E+0000
0.663  4.14954372578866E+0000  1.76905240641766E+0000  4.42052083662243E+0000
0.787  8.83744586053208E+0000  9.77866066124260E-0001  4.07216497395124E+0000
1.528  4.91178205774642E+0000  5.97199967491779E+0000  1.52800037599148E+0000
0.663  6.65840253054130E-0001  3.53992034239097E+0000  3.53072924186409E+0000
0.787  8.91398317207402E+0000  6.36641379679012E+0000  4.00849306317096E+0000
1.528  8.47199871272747E+0000  3.77860409864412E+0000  3.59534672622938E+0000
0.663  6.63930121105150E-0001  6.63366772436270E-0001  1.78060582529423E+0000
0.787  9.01547449231215E+0000  3.85149282845566E+0000  9.03597848106530E-0001
1.528  1.52800020809360E+0000  3.77858713196979E+0000  1.52800020000000E+0000
0.663  3.35435918937278E+0000  6.63004387294910E-0001  4.46034558642121E+0000
0.787  1.97506049173409E+0000  3.72342518350864E+0000  4.30528806476650E+0000
1.528  4.21405322310927E+0000  3.83228165027092E+0000  3.59534661548966E+0000
0.663  4.21359703668057E+0000  6.63001874859680E-0001  3.45039964447613E+0000
0.787  7.89105067311770E-0001  1.71291736820798E+0000  7.87407800853740E-0001
1.528  2.03214017678292E+0000  5.97199980000000E+0000  3.59534679043534E+0000
0.663  6.65808866387950E-0001  4.48996643306607E+0000  4.45859878168401E+0000
0.787  6.34628391217757E+0000  4.83984495665744E+0000  4.18421625042166E+0000
1.528  8.47199977175536E+0000  1.52800031499933E+0000  1.52800020707548E+0000
0.663  6.15030976998881E+0000  8.27262997016300E-0001  8.32542076519300E-0001
 5.12334699043534E+0000
