0.654  6.61244495886096E+0000  6.45224644886916E+0000  6.54000219073870E-0001
0.859  1.98144599890589E+0000  5.07685492526594E+0000  1.48531116465153E+0000
0.635  6.16892842619048E+0000  7.04481198888741E+0000  1.70931120800771E+0000
0.896  7.62449594427809E+0000  5.58776723529083E+0000  1.44831117914045E+0000
0.683  6.83000380396870E-0001  7.73938569695541E+0000  6.83000239509790E-0001
0.669  3.26313929351972E+0000  6.78236870504170E-0001  6.71732133017500E-0001
0.993  2.22138171264062E+0000  7.75893790932229E+0000  1.35038057334215E+0000
0.842  5.03079455423063E+0000  6.67881544775272E+0000  8.42000268187110E-0001
0.874  4.88760513693166E+0000  2.26194583796833E+0000  8.74000209339510E-0001
0.903  9.09414307304106E+0000  9.09699971121749E+0000  1.44131111851830E+0000
0.779  6.17173780906875E+0000  8.10966445413623E+0000  7.79000216196040E-0001
0.752  5.77939132245242E+0000  7.61381888129910E-0001  7.55660467650930E-0001
0.912  2.23087342044136E+0000  3.38369864384750E+0000  9.16460998233390E-0001
0.722  3.81448367200845E+0000  7.65466662324499E+0000  7.22000224221620E-0001
0.835  9.16499976584048E+0000  6.37484375825699E+0000  1.50931113711416E+0000
0.901  9.09899978225507E+0000  9.21745503597190E-0001  1.44331098153364E+0000
0.695  6.64630374334236E+0000  2.73355114190206E+0000  6.95000225579360E-0001
0.798  7.52239310516606E+0000  9.19269378900081E+0000  7.98000591073630E-0001
0.832  8.32000279535970E-0001  2.35819833724671E+0000  1.51231113695709E+0000
0.904  9.09599980000000E+0000  2.86656172545737E+0000  9.04000402172580E-0001
0.687  2.26808796777379E+0000  9.31299883206216E+0000  6.87000485762890E-0001
0.699  6.29302503199827E+0000  9.30099980000000E+0000  1.64531117114057E+0000
0.705  9.29499964863335E+0000  7.68166639632939E+0000  7.05000245353850E-0001
0.879  4.86656947694776E+0000  4.96606804295980E+0000  8.79000268249090E-0001
0.737  2.20824907477830E+0000  7.48690898227790E-0001  1.60438542812424E+0000
0.654  6.83340784673062E+0000  6.54000262129650E-0001  1.69031111557622E+0000
0.859  3.28631437549059E+0000  1.98593404403915E+0000  1.48531114671825E+0000
0.635  2.12562960365744E+0000  6.29678560541063E+0000  6.35000370460870E-0001
0.896  8.96003200378640E-0001  9.10399971992856E+0000  1.44831114102839E+0000
0.683  1.97997011201883E+0000  1.82002077231857E+0000  6.83000234508640E-0001
0.669  6.74405753391480E-0001  5.10323867533298E+0000  6.70465058776530E-0001
0.993  7.73504989910068E+0000  7.50261579784517E+0000  1.35130846489987E+0000
0.842  7.71564368461305E+0000  1.98046969905103E+0000  1.50231115232662E+0000
0.874  8.74000252859540E-0001  6.40975756652677E+0000  1.47031115070952E+0000
0.903  3.43441785452033E+0000  6.24797969430064E+0000  1.44131119109383E+0000
0.779  7.79000262743060E-0001  3.96745425561382E+0000  1.56531045476694E+0000
0.752  5.14829909497587E+0000  9.24799971600821E+0000  7.52000294298480E-0001
0.912  7.61794319363499E+0000  3.77984941523861E+0000  1.43231107921430E+0000
0.722  6.47492835242157E+0000  4.71090228845672E+0000  7.22000216592860E-0001
0.835  8.35000296611530E-0001  8.35000256803530E-0001  8.35000741112540E-0001
0.901  3.64792301593706E+0000  9.09899980000000E+0000  1.44331116091690E+0000
0.695  6.18320942962069E+0000  1.83525521593426E+0000  1.64931116910781E+0000
0.798  4.43989257909456E+0000  7.98000206440270E-0001  1.54631118232236E+0000
0.832  5.70566069911144E+0000  3.61611776901556E+0000  1.51231120531453E+0000
0.904  9.09505343197401E+0000  4.69933154456513E+0000  9.06543526431770E-0001
0.687  7.72254259420433E+0000  6.87000303437880E-0001  6.87000247160130E-0001
0.699  3.30441591866495E+0000  4.83430388460039E+0000  6.99000210563200E-0001
0.705  6.03833512114741E+0000  5.71302870531241E+0000  1.63931116089539E+0000
0.879  3.92484480601764E+0000  3.60226459788965E+0000  1.46531119630937E+0000
0.737  4.90324415928938E+0000  8.05405091718455E+0000  1.60731117657356E+0000
 2.34431140800771E+0000
