1.591  5.39723609969550E+0000  1.59100020000000E+0000  7.20834236698539E+0000
0.865  3.84501326015973E+0000  8.84630005345000E-0001  2.39600129480731E+0001
1.169  6.69261369501641E+0000  1.19311117453194E+0000  2.12034799003984E+0000
1.235  5.19869161499910E+0000  1.23500028613755E+0000  3.28453537822885E+0001
1.245  6.06946497165395E+0000  1.26663362643207E+0000  2.15152155622424E+0001
1.467  1.46700020000000E+0000  1.46700020000000E+0000  4.33608999511869E+0000
1.948  8.04393871214563E+0000  1.96381469788625E+0000  4.88274118611000E+0000
2.303  2.30300020000000E+0000  2.30300020000000E+0000  2.15276799480297E+0001
0.920  6.20836704153449E+0000  4.00741823116073E+0000  6.47372502839764E+0000
1.462  8.53799980000000E+0000  1.46200020000000E+0000  1.91600721818705E+0001
1.465  8.53499976098369E+0000  1.46500020402900E+0000  2.43048373275640E+0001
1.991  2.11151529705378E+0000  3.00899980000000E+0000  7.36339972471552E+0000
2.103  2.10300020000000E+0000  2.10300020000000E+0000  1.69903744867087E+0001
1.723  1.73489113897133E+0000  3.27699980000000E+0000  1.72300020000000E+0000
1.088  5.03767825919346E+0000  1.08800020000000E+0000  2.93989311791857E+0001
0.944  8.85722102504605E+0000  3.94786429173045E+0000  2.43467140196272E+0001
2.229  2.22900020000000E+0000  2.33013768850344E+0000  3.06522920844413E+0001
2.384  7.61599977710631E+0000  2.61599966128386E+0000  3.53761499640834E+0001
1.850  8.14999980000000E+0000  3.14999980000000E+0000  8.56196546879418E+0000
0.932  8.93844882293897E+0000  9.51509392346050E-0001  9.94455580860010E-0001
2.457  2.76630839680135E+0000  2.52868401663864E+0000  3.53031499645416E+0001
1.523  8.43732955799890E+0000  3.47699980000000E+0000  1.69601018826208E+0001
2.191  2.19238358132846E+0000  2.19642635767729E+0000  2.62322560293872E+0001
0.861  5.18886781423754E+0000  4.13899979738753E+0000  3.68991499254307E+0001
1.608  8.38968045444743E+0000  3.36965259595669E+0000  1.62825299385702E+0000
1.390  5.66884655525180E+0000  1.39000020000000E+0000  2.68939876952093E+0001
2.076  4.77045165293113E+0000  2.92399980000000E+0000  1.05664884612660E+0001
0.863  9.04062059876638E+0000  4.05485166260267E+0000  1.92960033757239E+0001
2.205  7.79499980000000E+0000  2.20740496384150E+0000  3.08088822855390E+0001
1.041  1.08796886750600E+0000  3.94700497084251E+0000  4.58434377204453E+0000
1.398  4.20559532199162E+0000  1.39800020000000E+0000  1.39800020000000E+0000
1.296  5.01407743251329E+0000  3.70399966170995E+0000  3.23200693537016E+0001
1.281  5.54114056590840E+0000  3.71834670752472E+0000  1.28560522954658E+0000
1.942  5.54336887986421E+0000  3.05799980000000E+0000  1.88913918999657E+0001
1.906  5.55911965727418E+0000  3.09399980000000E+0000  2.40747743512718E+0001
1.901  4.41078512236780E+0000  3.09899980000000E+0000  4.21720238962032E+0000
0.910  3.71508338350005E+0000  9.82677536833670E-0001  1.29006745926002E+0001
1.354  8.64599979761185E+0000  1.35400020000000E+0000  1.50296976333902E+0001
1.704  8.29599980000000E+0000  3.29599980000000E+0000  2.17293989078130E+0001
1.205  8.76489276582013E+0000  3.77399524716148E+0000  1.41564726507678E+0001
0.670  9.59195298114480E-0001  8.43723277032010E-0001  9.62672090762150E-0001
0.695  9.22584831074690E-0001  4.12765206281986E+0000  1.90625819596577E+0001
1.794  8.20599980000000E+0000  1.79400020000000E+0000  1.19438093425321E+0001
1.768  8.23199979984138E+0000  3.23199980000000E+0000  2.69952267192606E+0001
1.158  7.09238988826960E+0000  1.15800020000000E+0000  1.69938835546820E+0001
2.113  5.55594681608160E+0000  2.88699976399766E+0000  1.46810180060132E+0001
1.497  1.49700020000000E+0000  1.49700020000000E+0000  1.04459919931344E+0001
1.463  5.11327514912962E+0000  3.53699980000000E+0000  2.86887980807402E+0001
1.804  1.92535565991926E+0000  3.19599980000000E+0000  1.32435830084706E+0001
0.999  1.08545011594961E+0000  3.97459794314621E+0000  1.01764616925523E+0001
 3.77601501645416E+0001