0.787  6.14259291900008E+0000  6.52853828824349E+0000  3.06109887736024E+0000
1.528  8.46848049216149E+0000  8.47199979466733E+0000  2.26598391044754E+0000
0.663  4.23985096504483E+0000  9.22370043944244E+0000  3.23641209044252E+0000
0.787  9.24206037601970E-0001  6.39092378765281E+0000  2.95516561286242E+0000
1.528  1.52800020000000E+0000  8.47199980000000E+0000  1.52800020000000E+0000
0.663  7.10838050862250E-0001  7.47965930158770E-0001  3.19561230720137E+0000
0.787  3.28348468201449E+0000  3.99533837734466E+0000  3.12357326662270E+0000
1.528  1.52800021158401E+0000  4.20887982754331E+0000  1.52800023185456E+0000
0.663  9.25173054817414E+0000  8.40240373167170E-0001  3.03195051769576E+0000
0.787  6.92349492519773E+0000  6.57805494070246E+0000  8.75004805691370E-0001
1.528  5.72699525465660E+0000  4.44236988180198E+0000  1.52800020000000E+0000
0.663  7.78875184598061E+0000  7.86902363294090E-0001  3.14649858822456E+0000
0.787  9.01875500221140E-0001  9.63465977462880E-0001  8.84460036271320E-0001
1.528  8.47199980000000E+0000  5.42140038779754E+0000  2.44755863888956E+0000
0.663  7.12422903539838E+0000  7.63475421646580E-0001  7.57026338276090E-0001
0.787  3.65700910349229E+0000  3.49256569053014E+0000  8.40838336694990E-0001
1.528  3.51546160311006E+0000  6.34043985063913E+0000  2.44755864519392E+0000
0.663  4.67556777205935E+0000  2.39750815048175E+0000  6.93337317337220E-0001
0.787  9.21299941635039E+0000  6.85412262076025E+0000  7.87000291556820E-0001
1.528  5.50292456377798E+0000  8.47199902828612E+0000  1.52800080074814E+0000
0.663  2.78249993360039E+0000  9.22702067796438E+0000  3.23893863508757E+0000
0.787  8.01628432160150E-0001  2.71858777907405E+0000  3.17096335616712E+0000
1.528  2.67099438400653E+0000  1.52800022122145E+0000  2.44755854361516E+0000
0.663  9.30794937047193E+0000  3.54037022693831E+0000  3.29376186983582E+0000
0.787  7.09662167494108E+0000  3.47100583561218E+0000  3.16746319247008E+0000
1.528  8.47199966812420E+0000  2.50703039839017E+0000  1.52800037602149E+0000
0.663  9.30695504148210E+0000  4.38784926658536E+0000  6.81217684916330E-0001
0.787  4.19698688235240E+0000  8.25996656107180E-0001  8.09339683052420E-0001
1.528  5.72699486798385E+0000  1.52800020000000E+0000  2.44755863930128E+0000
0.663  4.69558598385409E+0000  3.38410566739817E+0000  3.25413704828043E+0000
 3.97555884519392E+0000