1.426  1.42600020030288E+0000  1.42600020889648E+0000  1.42600021387129E+0000
1.536  6.13328080985574E+0000  3.80517553617305E+0000  9.12973535968172E+0000
1.277  8.72299979716267E+0000  3.01178492575278E+0000  1.42256531125232E+0001
1.304  3.49909644680228E+0000  1.30400032953155E+0000  3.19808663580163E+0000
1.622  1.62200020000000E+0000  1.62200020299337E+0000  1.15095937594652E+0001
1.480  3.98823242140834E+0000  3.85899707070655E+0000  4.25096300341121E+0000
1.302  1.30200020311124E+0000  2.98819370679843E+0000  1.42006530977010E+0001
1.663  8.33699976363427E+0000  1.66300020104512E+0000  1.66300020092655E+0000
1.519  8.48099980000000E+0000  5.98099976815445E+0000  8.96095507572376E+0000
1.475  4.00249293155221E+0000  3.58543094801140E+0000  1.12457649940609E+0001
1.540  6.22518970261960E+0000  1.54665514459115E+0000  4.11664707080794E+0000
1.279  3.91149920134615E+0000  6.22099980000000E+0000  5.67473899394247E+0000
1.446  3.75202105836734E+0000  4.03071807028989E+0000  7.28807702972296E+0000
1.360  1.36000021136916E+0000  3.55844266781207E+0000  3.21768428359740E+0000
1.337  1.33700020497263E+0000  3.66526150762182E+0000  5.95420781304866E+0000
1.462  1.46251912189206E+0000  6.03745260495949E+0000  1.06000183267414E+0001
1.639  3.89176404987764E+0000  1.63900022971243E+0000  1.38509623621296E+0001
1.322  8.67799878021631E+0000  1.32200022795269E+0000  5.62709314037411E+0000
1.417  6.09444650119063E+0000  6.08299979873668E+0000  7.25084667871272E+0000
1.373  1.39048280718390E+0000  1.37300030785885E+0000  7.39877742271812E+0000
1.559  3.91235977707826E+0000  1.55900020000000E+0000  8.98952632552532E+0000
1.506  1.56548537831790E+0000  5.99399980000000E+0000  7.56895982401363E+0000
1.441  1.44100024383532E+0000  6.05899975629173E+0000  4.54833172672169E+0000
1.459  3.81547793010320E+0000  1.45900020000000E+0000  5.93853351595082E+0000
1.420  6.28831570939743E+0000  3.71500646075569E+0000  1.30462717959147E+0001
1.426  3.50280816613071E+0000  3.38068050404355E+0000  1.42600020000000E+0000
1.536  6.23449056740685E+0000  5.96399980000000E+0000  4.07032774933403E+0000
1.277  3.80620595009761E+0000  6.22299980000000E+0000  1.20061650037112E+0001
1.304  8.67843415454304E+0000  1.30570022929644E+0000  1.22841206421783E+0001
1.622  1.62200020000000E+0000  5.87696136448848E+0000  1.38806531800538E+0001
1.480  6.07564402396889E+0000  1.48000020000000E+0000  1.12106465243155E+0001
1.302  6.79238997569549E+0000  1.30200020000000E+0000  1.42006531345211E+0001
1.663  8.33698245093648E+0000  5.82989984267436E+0000  1.66300815931751E+0000
1.519  8.48099980000000E+0000  1.51900021734026E+0000  9.41990764737282E+0000
1.475  4.69622667818402E+0000  6.02499976751151E+0000  1.47500046298441E+0000
1.540  8.44702225373850E+0000  3.73398418889974E+0000  4.10392871538205E+0000
1.279  6.23490508181289E+0000  3.78343537137240E+0000  5.85059909843758E+0000
1.446  8.55399980000000E+0000  3.55170635096670E+0000  7.26259351561851E+0000
1.360  6.21540331557589E+0000  3.74636854392021E+0000  2.20791913499564E+0000
1.337  5.37263630464093E+0000  1.33700025688557E+0000  1.33700021773629E+0000
1.462  8.53797388675256E+0000  3.87028323168483E+0000  1.12515296679129E+0001
1.639  8.36099980000000E+0000  5.86099980000000E+0000  1.37216801017550E+0001
1.322  1.32200133298431E+0000  1.32200020000000E+0000  4.69755165421997E+0000
1.417  8.58299980000000E+0000  6.08299980000000E+0000  5.89487454640888E+0000
1.373  5.38863576070709E+0000  6.12699980000000E+0000  1.41296531810405E+0001
1.559  1.66455266517289E+0000  5.94099977444406E+0000  1.55900020342603E+0000
1.506  6.46485800933279E+0000  5.99399957890449E+0000  1.12160893802326E+0001
1.441  4.11322606791060E+0000  6.05899980000000E+0000  9.31054469818525E+0000
1.459  6.40281113930301E+0000  1.45900021858702E+0000  7.28776824643613E+0000
1.420  1.42000078379144E+0000  3.54172142837438E+0000  9.15850177996224E+0000
 1.55026533810405E+0001
