0.755  4.77405298533527E+0000  7.55567579058520E-0001  7.55356166852230E-0001
0.906  9.06000538922090E-0001  3.40307777681565E+0000  9.06000339167660E-0001
0.767  9.23299980000000E+0000  5.04764569511454E+0000  1.77016244568811E+0000
0.851  2.22052536231863E+0000  6.64899967851902E+0000  1.68616246106895E+0000
0.635  6.36067188055880E-0001  2.25739800505152E+0000  1.90185795877185E+0000
0.810  8.10000227622730E-0001  6.68999980000000E+0000  8.10000221982120E-0001
0.711  7.25325127774584E+0000  7.11000303838820E-0001  1.82616226072926E+0000
0.690  7.48591042385547E+0000  3.71186452780535E+0000  6.90000206049860E-0001
0.946  9.46000277508630E-0001  5.12321106754078E+0000  1.59116244991688E+0000
0.868  3.73224098439233E+0000  6.63199974895957E+0000  8.68000251565270E-0001
0.656  7.95078659377759E+0000  4.13226876047458E+0000  1.88116247828328E+0000
0.966  7.17454516943730E+0000  6.53399974098581E+0000  1.57116243782688E+0000
0.790  7.90000347799870E-0001  7.90000232965810E-0001  1.74716245348284E+0000
0.854  5.05678586833710E+0000  3.64496456017526E+0000  1.68316235656554E+0000
0.813  7.97934421430031E+0000  5.14032436149900E+0000  8.13000208209350E-0001
0.938  2.71300795000392E+0000  5.10037549607679E+0000  9.38000249297300E-0001
0.982  6.20997583556276E+0000  4.88972270667842E+0000  9.82000395615230E-0001
0.770  2.00587718745796E+0000  7.70000259699260E-0001  7.70000286118990E-0001
0.673  9.32699802716793E+0000  2.01501579031001E+0000  6.73000223477890E-0001
0.754  3.46398551974838E+0000  3.84156691575609E+0000  1.78316246980998E+0000
0.667  7.99708896637154E+0000  6.67003446743400E-0001  6.67000499798380E-0001
0.869  3.39849538983478E+0000  8.69000332790350E-0001  1.66816185617418E+0000
0.665  2.01632010184727E+0000  3.95240923107760E+0000  1.87216246061635E+0000
0.629  4.72590080434760E+0000  1.52046178874016E+0000  1.90816229487286E+0000
0.864  9.13410016377420E+0000  8.64000320750570E-0001  1.67316236782218E+0000
0.939  3.90833947031695E+0000  2.44292812552512E+0000  9.39000281848060E-0001
0.725  5.81738716059865E+0000  7.25000247893770E-0001  1.81216236019422E+0000
0.694  9.76486285868130E-0001  1.81875169747475E+0000  6.94000222559070E-0001
0.631  9.36899977541307E+0000  2.43687345425791E+0000  1.90616246131374E+0000
0.920  9.07999980000000E+0000  3.59858150367549E+0000  9.20000239402880E-0001
0.641  6.56081649315705E+0000  6.95359626323510E-0001  6.48940588843790E-0001
0.663  4.17469969972880E+0000  4.33957528020791E+0000  6.63000245438450E-0001
0.707  2.55099150613618E+0000  3.46362647338631E+0000  7.07000206377770E-0001
0.984  7.83361573970526E+0000  2.25582168495541E+0000  1.43921176241025E+0000
0.874  5.47422078452574E+0000  6.62599840488583E+0000  8.74000372168850E-0001
0.738  6.63048216659359E+0000  3.43403933266725E+0000  1.79916245509747E+0000
0.951  9.03727836913268E+0000  6.54801198801161E+0000  9.53801877232190E-0001
0.961  5.84844260275893E+0000  2.18004532519875E+0000  9.61000252656550E-0001
0.853  4.58745301907713E+0000  5.38126623095965E+0000  1.68416242738711E+0000
0.904  2.21525198538646E+0000  2.18894028415772E+0000  1.63316245423232E+0000
 2.53716267828328E+0000