2.265  7.39451964730439E+0000  5.22833812675063E+0000  1.29578154166437E+0001
1.880  1.89839987155935E+0000  2.27921903781873E+0000  1.64225175706093E+0001
1.554  1.55564680098072E+0000  5.93313758897645E+0000  1.57001628769279E+0000
2.265  2.60568093723236E+0000  2.26500020000000E+0000  9.48185028560356E+0000
1.880  4.92599131891311E+0000  5.51865136038905E+0000  2.07812637204601E+0001
1.554  8.44599980000000E+0000  5.94599980000000E+0000  2.12622498701395E+0001
2.265  7.39985274910690E+0000  2.26500020000000E+0000  9.46201774216231E+0000
1.880  5.00101719260871E+0000  5.61999980000000E+0000  9.04898754491052E+0000
1.554  8.41768982658371E+0000  5.91693188343935E+0000  1.64134275681217E+0000
2.265  7.43158713914242E+0000  5.23332557898860E+0000  5.69265078423472E+0000
1.880  5.01824894022984E+0000  1.88152972908914E+0000  6.07619145203438E+0000
1.554  8.44599980000000E+0000  1.55400020099880E+0000  1.30654632187963E+0001
2.265  2.60990142963486E+0000  5.23499979091346E+0000  5.68515506610304E+0000
1.880  4.96293105085351E+0000  5.61999979969962E+0000  1.88000025244452E+0000
1.554  8.44599980000000E+0000  1.55400020181152E+0000  5.85857226558165E+0000
2.265  2.55499831817771E+0000  5.23499980000000E+0000  1.29020019180401E+0001
1.880  4.97541314375176E+0000  1.88881423325563E+0000  1.34895834847424E+0001
1.554  8.43808576559050E+0000  5.94208006492631E+0000  9.32948393509366E+0000
2.265  7.36642459354177E+0000  2.26500020830657E+0000  2.26500020000000E+0000
1.880  4.91801092939103E+0000  4.51134203557333E+0000  1.62296916839425E+0001
1.554  1.55400020000000E+0000  1.55400020009042E+0000  5.88001592948592E+0000
2.265  7.71834289627180E+0000  2.26500020000000E+0000  2.05512498733422E+0001
1.880  7.99408454356025E+0000  2.14991281523443E+0000  1.64170329216116E+0001
1.554  1.55400021230663E+0000  5.94599980000000E+0000  9.28575442434425E+0000
2.265  2.55943753796492E+0000  2.26500020000000E+0000  2.26500020000000E+0000
1.880  1.88000020541934E+0000  5.61999979383286E+0000  1.81477563289435E+0001
1.554  1.55400020000000E+0000  1.55400020000000E+0000  1.30836846466094E+0001
2.265  2.26500021516672E+0000  2.26500020621268E+0000  2.05512498730779E+0001
1.880  8.11999980000000E+0000  5.61999979177149E+0000  1.78593383592322E+0001
1.554  4.99167154859390E+0000  1.55400020000000E+0000  1.79735558244860E+0001
 2.28162500733422E+0001