1.377  1.80147995863888E+0000  1.37700020000000E+0000  4.13384124445809E+0000
1.646  8.35399978670500E+0000  1.64600028046693E+0000  9.98851132705767E+0000
1.572  8.40655249968937E+0000  5.92793972648039E+0000  1.72024467677779E+0000
1.500  6.13250018127843E+0000  1.50000020000000E+0000  4.10054502292784E+0000
1.364  1.36400028422514E+0000  3.72349271345024E+0000  5.51235812039941E+0000
1.294  3.52108191459212E+0000  1.29400020080256E+0000  8.50410155485971E+0000
1.341  3.87298648981129E+0000  1.34100020000000E+0000  5.89312829684025E+0000
1.304  5.38125833027432E+0000  1.30904838447207E+0000  1.03270431080638E+0001
1.441  1.48176314461499E+0000  6.05899976882377E+0000  7.06141159924305E+0000
1.357  1.35700020557044E+0000  3.57880311814572E+0000  8.35054509774705E+0000
1.505  4.19515162788906E+0000  1.51433918415058E+0000  1.80348109826492E+0000
1.348  1.34800026171262E+0000  1.34800020000000E+0000  6.82068742670837E+0000
1.284  8.71599938177624E+0000  3.12243351834747E+0000  1.28400056926124E+0000
1.547  8.45299972616180E+0000  3.76487524215728E+0000  7.57583455029753E+0000
1.271  6.90871544575953E+0000  1.27100020000000E+0000  1.27100020000000E+0000
1.420  1.42000032692583E+0000  1.45448056217647E+0000  1.02145111596742E+0001
1.447  4.01668325789483E+0000  3.77932437355013E+0000  7.33674035746365E+0000
1.381  6.21869112407398E+0000  3.74926800554703E+0000  9.56489173995762E+0000
1.417  8.58299980000000E+0000  1.41700020308645E+0000  5.77142849442804E+0000
1.565  6.22103702530814E+0000  5.93499980000000E+0000  7.58967149299652E+0000
1.377  8.62299518572260E+0000  6.12299953386100E+0000  5.85533141728989E+0000
1.646  8.35399976954899E+0000  5.85399978379152E+0000  9.98851133692850E+0000
1.572  1.71684730910652E+0000  5.92799979906276E+0000  1.00625113336393E+0001
1.500  8.49999980000000E+0000  3.90338888367586E+0000  4.02904189531870E+0000
1.364  1.36400020781146E+0000  1.36400059032679E+0000  1.36400032455058E+0000
1.294  6.29050780622575E+0000  3.76175956762491E+0000  5.73330843777872E+0000
1.341  1.34100020562519E+0000  3.70430873545364E+0000  2.80752321226622E+0000
1.304  5.57326569410578E+0000  6.19599980000000E+0000  1.30400020000000E+0000
1.441  4.72414672270617E+0000  6.05899979369825E+0000  1.01935113325036E+0001
1.357  1.35700020653729E+0000  6.14299975652961E+0000  4.26745651922553E+0000
1.505  6.32127710817573E+0000  5.98949774893290E+0000  4.03112333897110E+0000
1.348  3.53347448608053E+0000  4.25191708070572E+0000  1.34800020081762E+0000
1.284  8.71599979011550E+0000  1.28400047003057E+0000  3.07698507817421E+0000
1.547  3.93497603319786E+0000  3.64239168130535E+0000  4.14948243237089E+0000
1.271  3.68887922285072E+0000  6.22899978982026E+0000  3.05860150940966E+0000
1.420  6.23774534531927E+0000  3.70841028879960E+0000  2.19312512491911E+0000
1.447  3.47195593450716E+0000  3.45659156187145E+0000  1.01875113346467E+0001
1.381  3.95907357716689E+0000  6.11899967168596E+0000  5.71121848145537E+0000
1.417  1.46282182194025E+0000  6.08299980000000E+0000  1.41700020000000E+0000
1.565  6.22285467759983E+0000  1.56500059007506E+0000  7.58805653053739E+0000
 1.16345115369285E+0001