1.426  6.03180581009156E+0000  8.57399912142783E+0000  3.82230407986821E+0000
1.536  1.53600020000000E+0000  8.45042127175964E+0000  9.93002858289128E+0000
1.277  8.72299980000000E+0000  1.27700020000000E+0000  4.47944640828766E+0000
1.304  6.28029143467577E+0000  3.89159864875624E+0000  6.88626219482076E+0000
1.622  8.37799980000000E+0000  1.62366930400006E+0000  1.62200020000000E+0000
1.480  5.97444495632843E+0000  6.06221566892086E+0000  1.48000162354974E+0000
1.302  8.69799980000000E+0000  6.23941704294816E+0000  3.70516842874110E+0000
1.663  1.66300043799311E+0000  1.66300041543179E+0000  1.66300484823511E+0000
1.519  3.52121624180783E+0000  6.33376918929151E+0000  3.73063848334845E+0000
1.475  6.43969547730843E+0000  3.58362794628800E+0000  3.13612442055746E+0000
1.540  8.45999979939690E+0000  1.54163740535889E+0000  9.92602859019886E+0000
1.279  6.16350561386865E+0000  6.19406542469991E+0000  8.05112226871004E+0000
1.446  1.44600022183105E+0000  8.55399980000000E+0000  3.98949153399834E+0000
1.360  8.63999980000000E+0000  3.80305214556838E+0000  8.11948320520749E+0000
1.337  1.33700057541820E+0000  1.33700562445975E+0000  8.15977870950024E+0000
1.462  3.77980339324011E+0000  6.25627748624052E+0000  6.69939096162718E+0000
1.639  3.80493393546061E+0000  6.11431490669562E+0000  9.82574228070341E+0000
1.322  8.67799980000000E+0000  1.32200060716550E+0000  7.07766755008679E+0000
1.417  1.41700020000000E+0000  1.41700020000000E+0000  5.15541692180462E+0000
1.373  6.18892317930946E+0000  1.37300020000000E+0000  8.10961898953205E+0000
1.559  8.44099980000000E+0000  6.10210508664185E+0000  9.90702859582294E+0000
1.506  1.50600148643448E+0000  5.95890706716450E+0000  1.50600020000000E+0000
1.441  6.22120295997993E+0000  8.55899934610552E+0000  6.70867622779528E+0000
1.459  5.30566816902325E+0000  1.46004655659759E+0000  1.45900020000000E+0000
1.420  8.57999980000000E+0000  8.57999980000000E+0000  5.08973847769821E+0000
1.426  8.57399969967329E+0000  6.32895653671675E+0000  6.83114215313407E+0000
1.536  6.15852283912458E+0000  8.29023182148520E+0000  9.93002859526850E+0000
1.277  1.27700022680136E+0000  8.72299980000000E+0000  1.27700020000000E+0000
1.304  3.80461583196124E+0000  8.69599980000000E+0000  5.39635709732898E+0000
1.622  3.75314795147859E+0000  1.62200024951063E+0000  9.84402852836621E+0000
1.480  6.23135741734001E+0000  5.90672784884152E+0000  4.96331021258792E+0000
1.302  1.30200021255638E+0000  6.24636096016572E+0000  5.47460865822072E+0000
1.663  8.22797557257816E+0000  8.33699980000000E+0000  1.66300020000000E+0000
1.519  3.80560400518800E+0000  4.01266019120816E+0000  1.77909325697743E+0000
1.475  8.50267888764735E+0000  3.91887472669008E+0000  5.21800163386662E+0000
1.540  1.54101465676013E+0000  3.88219997354564E+0000  9.91430900257645E+0000
1.279  3.92001888753238E+0000  3.83399547980385E+0000  7.97452731390404E+0000
1.446  8.55399979782543E+0000  4.68155658694116E+0000  1.44600020528063E+0000
1.360  3.85660681799365E+0000  8.63999980000000E+0000  8.20791846718911E+0000
1.337  3.83019863521803E+0000  1.33700020194604E+0000  3.83080699072287E+0000
1.462  1.46200020000000E+0000  3.80567721156407E+0000  6.76191634867650E+0000
1.639  6.17452255532724E+0000  3.84735733240050E+0000  9.82702859916652E+0000
1.322  1.32200125142994E+0000  6.18449452035464E+0000  8.20146053703582E+0000
1.417  3.72809168964776E+0000  1.41700020000000E+0000  6.79566517821771E+0000
1.373  8.62699980000000E+0000  8.62699980000000E+0000  8.42819913193949E+0000
1.559  4.08482348337775E+0000  8.44099977407968E+0000  1.55900022023040E+0000
1.506  1.50600020218544E+0000  4.00372534414089E+0000  3.79715946857913E+0000
1.441  6.16148071803080E+0000  1.64797449848142E+0000  5.30922002437688E+0000
1.459  4.13855350547360E+0000  3.78617672608192E+0000  5.14384545065839E+0000
1.420  1.42000020000000E+0000  8.57999980000000E+0000  6.87085062290096E+0000
 1.14660287991665E+0001