127.280304999092
-49.6320650045976 -6.64146168024799 0 1 
-52.693404000911 -23.7962887518639 0 1 
-124.534996823993 13.6428356088063 0 2 
99.9550650265511 75.5253425949068 0 2 
20.5080941879619 -118.518816971734 0 7 
-42.6901034660584 -111.379270521265 0 8 
34.191181381587 -48.1093146030341 0 8 
-111.374345936816 26.9118602612361 0 12 
22.0024293201007 77.5245827662398 0 12 
-73.5458374917448 21.658267738206 0 13 
11.4098987545328 -49.1164157769989 0 14 
-4.29919086465739 -3.31955870579664 0 15 
-16.2088823564356 110.093471768797 0 16 
-9.42305843225506 76.2488525556078 0 18 
17.7742877751523 107.825129653793 0 18 
107.280249395232 0.0990322561351294 0 20 
68.1126190300848 8.2167694182689 0 20 
35.2703180291473 -16.3471364102082 0 21 
-23.3619739457969 -36.8314603156438 0 22 
-87.8588866938153 56.1711279880287 0 23 
95.3273868183804 42.2731519372568 0 23 
-51.9609728435143 88.0982564385447 0 25 
62.438579889996 79.7439952816175 0 26 
47.9889949277068 -86.9116469370056 0 28 
-7.96245167010724 -89.2434919366244 0 28 
-31.9490378588574 34.9137358374338 0 28 
25.0352781516725 33.2436353302601 0 29 
87.1318123529916 -45.4647196103667 0 29 
-95.3875489622072 -19.0963696487157 0 30 
-64.3482563263233 -71.618400307443 0 31 
