87.3194970580976
58.2110935742602 25.4634004357368 0 1.24555703343795 
55.6607835941491 19.0234105853084 0 3.91764643068747 
-83.747726997684 -4.54003217977401 0 3.4488019632502 
-12.6699240714751 80.9294359499708 0 5.40429450453632 
-86.3171245898695 -0.0154635754336804 0 1.00000002042455 
-67.9536085384605 22.9863372475684 0 15.5834219809208 
-56.8094222896933 -55.8660035077125 0 7.64314772015409 
61.8451611436911 -56.6986372888018 0 3.41741572456587 
-67.9536085385777 22.9863372528939 0 15.5834219785116 
19.7275396165711 79.5031873367306 0 5.40531974018971 
-33.8303197325936 10.0091601226258 0 7.67237716808659 
1.27124797651867 29.1272924945007 0 4.78528284854654 
-16.5251472483733 -47.6385353925965 0 19.0793061931234 
-55.2147898031278 -19.4929578708561 0 28.7648362387656 
-42.241861953883 -53.0335690579828 0 7.19721946257878 
85.8999496345933 22.8482475298273 0 26.562454227503 
-80.6653521944302 4.92346958515402 0 6.50403177090457 
3.33652248772707 75.8605902930153 0 11.3855692930784 
47.2278391497138 -3.76802450341531 0 20.3838774420627 
33.0315052570116 45.6158482759756 0 30.9999988605117 
-16.5251472484469 -47.6385353936012 0 19.0793061935268 
-1.01746249468244 -74.9686262131859 0 12.3439677684459 
-41.200827989081 -91.2165988669767 0 30.9999988605117 
-28.8967412059882 48.3542171007045 0 30.9887607548754 
-28.8967412064968 48.354217101437 0 30.9887607566958 
33.0315052583014 45.6158482761959 0 30.9999988605117 
-0.971111026591432 -3.39728245634462 0 27.8164984710571 
30.8623107131257 -49.6737914462558 0 28.3518378981578 
88.2850406003545 -34.6647718280513 0 30.9999988605117 
-55.2147898036009 -19.4929578720702 0 28.7648362388139 
