126.720544382235
-103.561426917274 -71.2789205311464 0 1.00000012737353 
-15.4256389234634 81.1534009665197 0 1.99999993718512 
123.801953827165 15.1092371061487 0 1.99999975711843 
-89.6895129485422 -88.0990631294431 0 1.00000012737353 
-52.1961429816094 -41.7750834013714 0 7.0000000509494 
-27.8902413351701 -111.278649416372 0 11.9999996666409 
76.6071913248051 85.3940360998105 0 12.0000000288932 
-74.2063221702707 1.58550159611794 0 13.0000002435727 
-84.688723196826 83.2008852454881 0 8.00000013641198 
116.646412914642 22.0948416654395 0 7.99999992448121 
-6.69579345529708 -79.2310164972349 0 18.0000006231578 
-7.8553099611462 36.6619798599183 0 17.9999998249413 
54.3132635610993 98.7724103884076 0 14.0000011782521 
29.69178662777 -106.665068269819 0 15.9999998339529 
-0.893801230902561 -111.716970386814 0 14.9999985396959 
103.135398982034 -3.56548736468519 0 20.9999997767822 
-106.327535798471 9.1503968482244 0 19.9999998114119 
-47.3110540418188 25.5154932260536 0 22.9999990119915 
23.910624134291 12.3530196498413 0 22.0000015936209 
97.1694226875879 -44.1291052176829 0 19.9999998061936 
56.2472972917786 -23.1200661164565 0 26.0000009329752 
-88.3538369078028 50.4050463985854 0 24.9999997476751 
62.0143562475739 -76.8112315485325 0 28.000000997603 
1.39272065023705 103.711193710656 0 22.9999997782053 
30.6007638258991 61.9034187961917 0 27.9999985435414 
-8.81775798269463 -29.3345601732911 0 31 
-55.0710906930148 -81.9324165718869 0 27.9999997511377 
-47.3148640732042 85.5020947555117 0 29.0000011188027 
-90.3716227595545 -37.1789544431295 0 28.9999996867269 
85.9082600247104 44.4368623078529 0 29.9999991355294 
