87.3194970580976
37.2871795589115 49.162883784746 0 1.99999997963525 
-72.6770022379682 36.2139400881008 0 6.11976818412642 
-57.0826973054198 -38.0173457159878 0 0.999999990195416 
39.7127972566648 -47.1059508987276 0 0.999999990194753 
-14.0763770103467 -82.1752219702703 0 3.94315070637988 
26.087462109673 69.991721283902 0 12.6241384529834 
-33.8520515196014 75.7475694188853 0 4.35169896723625 
-73.2334799055357 -6.44210051466638 0 7.16648932215922 
-3.19497711533415 20.2396123844307 0 16.3691028327861 
-67.3546492978076 -39.2795577504284 0 9.34814140155318 
42.0432176789164 -21.1089681288006 0 17.4977766391931 
10.6449523130527 -10.588360953396 0 15.6161817972012 
-20.3518405631861 75.4722922921775 0 9.15131822796327 
7.01957361072669 -60.905262793621 0 26.0110527574879 
40.9498813283853 -42.4050779673314 0 3.82638052203216 
-111.396746903846 -5.94622163048728 0 30.9999988605117 
-74.9683323201866 -22.5488916718926 0 9.0334623534669 
-70.882524986508 15.3847359248203 0 14.7865919649111 
35.3948530059082 18.1087821433967 0 22.2795119717673 
35.3948530059069 18.1087821433983 0 22.2795119717671 
85.5888720656046 0.240744808877019 0 30.9999988605117 
-36.0717079905215 -61.2880091758208 0 16.2041818167197 
42.0432176789007 -21.1089681287973 0 17.4977766392643 
-48.2656838227071 -74.8264822967337 0 30.9999988605117 
9.985988392342 -56.3204263379149 0 30.1206309228414 
11.4025203565048 60.1349997730519 0 26.1129977195201 
-39.9537689999571 44.3774079520896 0 27.6063670986549 
-35.8399490967727 -14.0843971267194 0 30.9999988605117 
68.5147727687798 59.8433867593964 0 30.9999988605117 
70.9947242917461 -60.0171231009172 0 30.9999988605117 
