125.006424664647
104.691482708597 -64.8645302769814 0 1.0000001210794 
89.3832673533351 -75.6570623690445 0 7.00000004843175 
82.1015351526535 -91.8160074431997 0 1.00000012107939 
-89.4645072578667 82.6879163411968 0 1.99999985470473 
29.3749549131755 118.340895806387 0 1.99999985470473 
61.6076815375448 27.0290280686936 0 11.9999998784829 
104.587387513535 52.4593347256571 0 7.99999992537438 
-34.4255792909205 111.705968948349 0 8.00000017274552 
-69.6974351413787 -88.9534688924049 0 11.9999996309178 
-22.9112065533722 58.0523943343949 0 13.0000003924794 
-86.7182425242439 -69.2991540641508 0 13.9999998776722 
-18.0382494850122 26.653491911653 0 18.0000006075381 
26.5745527519583 54.6165768905555 0 17.9999991884814 
45.3308224385135 100.232380183707 0 14.9999998366952 
-12.1286429785409 -64.1740439808139 0 16.0000004896131 
-89.9472167108316 54.1834576923488 0 20.0000015904667 
20.3979552250368 -43.1162361020445 0 21.9999997851112 
-103.683454272022 16.6159731895034 0 19.9999998232839 
-59.7289024105787 22.2804476701182 0 23.0000008143178 
7.9120325354718 -103.705045809867 0 20.9999979868204 
97.9591439411345 20.13184967374 0 24.99999857987 
-54.0516651966044 82.9499226167041 0 25.9999997305628 
-35.3508767001726 -95.6850337687145 0 23.0000009598533 
-24.1441620752837 -20.4006055998155 0 28.0000010021163 
71.1774539522542 65.8674037808296 0 27.9999997275975 
25.4878185412632 7.62914192934128 0 29.0000011313658 
-80.7939771737038 -26.7092134038721 0 28.9999997081396 
87.3095106142552 -34.8461930881512 0 31 
0.635553308253473 95.0042996725491 0 29.9999991319786 
51.8393309850518 -81.9934768062966 0 27.9999997296705 
