123.226022616888
118.799706776932 -28.0370826888952 0 1.0000000929349 
-109.513338705042 -51.060703482812 0 1.99999985265469 
9.33808695448962 14.366642725924 0 7.00000004911515 
117.32803273099 30.293589718551 0 1.99999985265435 
50.0185049222027 111.522828767112 0 1.0000001526409 
-10.1817376277779 -110.758985583727 0 12.0000007962503 
-106.597671181339 28.0483985634997 0 12.9999994538206 
-83.0459438142278 79.8774529469628 0 7.99999993107061 
76.0680416565547 -81.1472806341941 0 11.9999998864738 
83.6176502238819 79.2787789751697 0 7.99999993238468 
-61.6586492513011 20.9885402874835 0 18.0000006160765 
65.6607713369422 1.84117456595882 0 17.9999992088715 
63.7374451738839 88.7009579844713 0 13.999999927545 
18.2748449069728 -105.657195098712 0 16.0000004527005 
-18.7593130760723 106.587804978698 0 14.9999997948066 
102.713627800322 10.2724115432349 0 19.9999998239188 
-83.7783942379783 51.8870345790542 0 19.9999999615151 
87.9551354423726 49.5939963345918 0 22.000001411135 
-4.01542977417631 -69.7206763861605 0 22.9999991871488 
-40.9211721391979 -93.6782655677001 0 20.9999996162822 
21.9251753944704 92.6675885637623 0 28.0000004382485 
41.7673474854067 -74.1857887821391 0 22.9999998712796 
-75.2453479088397 -61.5713996571083 0 25.9999990340848 
-50.098010374177 81.7304899485522 0 25.0000008584769 
39.0178862947428 39.3399290733647 0 27.9999997979101 
-17.9730866291625 38.3255433579035 0 28.9999998335956 
84.796195886163 -41.0870846251521 0 28.9999997483133 
23.6183855074052 -23.3270122584955 0 30.9999990599809 
-94.5712197226946 -11.1480860516517 0 27.9999997390371 
-37.3102694959428 -20.3775901544284 0 30.0000016190731 
