87.3194970580976
-40.4865770486409 73.5419376272467 0 1.99999983204666 
7.00575023074844 -68.5639708867982 0 1.00000014313286 
51.8465098085598 67.7420030117433 0 1.99999983202773 
-84.9583765330894 15.2504766960986 0 1.00000014321669 
54.8086389099732 -58.6113709994986 0 7.00000005505027 
29.8090606773826 -62.3321522144881 0 18.2262474834468 
12.2846306034239 80.109682046619 0 6.27337988349751 
-79.1309959304486 19.0168479814348 0 5.93550093241382 
80.5939242874331 -10.4580544254124 0 6.04987582041681 
52.9923370632238 53.6643809711295 0 11.9003125480031 
52.9923370642029 53.6643809705474 0 11.9003125469507 
13.2859403145187 -14.234232006541 0 14.5971123415955 
8.06071725816548 -78.2061108374226 0 8.69907512464773 
52.1963437687767 -24.5795472560069 0 25.6650911528192 
28.6807709593003 65.9966097361233 0 15.3602103066229 
-56.2142088291344 34.1669482995936 0 21.5363876852198 
-61.2156340020093 -17.0323869862052 0 23.7785188841886 
-16.6402401679929 -47.8680410063844 0 30.4229872646772 
28.6807709590452 65.9966097357272 0 15.3602103079161 
-48.6832171741683 62.6798984112973 0 7.95435920311616 
-69.7927978651646 -78.6509730494592 0 30.9999988605117 
29.8090606822435 -62.3321522103508 0 18.2262474876073 
-13.4905909919614 58.2638023683303 0 27.5142583494499 
-13.4905909915889 58.2638023681439 0 27.5142583493705 
-19.4469905247914 6.78796969588751 0 24.3050432818868 
54.6457130326912 -23.576674770113 0 27.8046803151783 
28.4138804818767 24.060158723927 0 26.5770897826651 
-69.5392988172485 -16.6514926862581 0 30.9999988605117 
85.9511007078038 26.2024680664634 0 30.9999988605117 
-16.6402401677162 -47.8680410058255 0 30.4229872658088 
