87.3194970580976
64.3258619831997 35.4891780231757 0 2.89287690438575 
-79.5369700310248 30.7777463655838 0 2.0352715281963 
-47.4473192533784 -66.2283590275346 0 5.84899011517266 
65.8381157099554 -52.3440898143236 0 3.20908704916046 
-78.8344474771224 34.1476979296621 0 1.40712755845111 
27.0941674807099 -41.9532305921213 0 10.5586508393761 
22.3417969657954 83.1647504655711 0 1.20601692131712 
81.0087289592272 49.9628822958317 0 19.1934574656935 
-52.6854369725083 -57.2349372726053 0 9.52751046747537 
59.8887936233607 58.5126214038695 0 3.5913995102274 
-11.4603981858498 46.2106297780818 0 6.92059583050484 
-4.09241043581963 -22.2426033600871 0 3.2286557798911 
8.53117456789313 65.7408374053005 0 21.027427196107 
-18.9122760160017 58.4132318642092 0 7.37744532390884 
-47.9564449550271 35.3358208543785 0 27.7507070398383 
-104.039616348914 8.62036760366697 0 30.9999988605117 
16.2227587998079 -15.2773997093647 0 18.2473811677393 
5.44651562883949 23.1563996952797 0 21.6685849806238 
38.1367748037394 8.56002912720116 0 14.1323518602891 
68.4282100708933 15.970410467514 0 17.0523367249677 
58.4753297691362 -24.9996187433609 0 25.1092941714836 
53.1810478445952 92.4474266817981 0 30.9999988605117 
8.5311745678433 65.7408374053724 0 21.0274271968621 
42.4459010036012 42.5040487340797 0 20.0840920766096 
-35.8857106768356 92.8331499601622 0 30.9999988605117 
-12.1951493238488 -55.4983764260375 0 30.9999988605117 
-57.8752447942996 -23.092162941338 0 25.0074449295388 
-46.5160470146244 31.751272585739 0 30.9999988605117 
-18.4956071351314 -7.60161907658956 0 17.3093698300928 
44.9859935349478 -79.4632819262022 0 30.9999988605117 
