87.3194970580976
59.2317859638478 10.6010026273547 0 1.88781150016358 
20.2710128641702 79.3479807496986 0 0.734398977277265 
-76.5162431294098 22.9420062064856 0 6.99986746634954 
83.040011893769 -21.217952732245 0 1.37791227315545 
28.8906610356178 80.1212422348494 0 2.00000978305373 
81.9779029815125 -13.919714868682 0 4.16821989384296 
64.8718927082101 32.1470345138105 0 14.9192611114619 
-50.4322829947284 -54.6019612491963 0 12.9905712586353 
-50.4322829947289 -54.6019612491964 0 12.990571258635 
23.111789014412 81.3559655606964 0 2.7443956626614 
16.7273625974815 81.9613150763114 0 3.6686651291287 
20.111171871078 12.8447947866805 0 3.83245866264703 
-23.2756384564583 -42.270162450969 0 16.834864265207 
61.9826047108173 -50.701369331271 0 7.24158500398871 
-24.4379504072888 -90.0909026254241 0 30.9999988605117 
64.8718927082087 32.147034513812 0 14.9192611114651 
21.6464252552969 47.6434027435403 0 30.9999988605117 
40.1404634136179 0.365597823784904 0 19.7663310636222 
65.0708828577808 -26.6573056454549 0 17.000000349498 
40.1404634136153 0.365597823782636 0 19.7663310636217 
74.7627238460822 3.87465500133027 0 15.033301114588 
-13.6968463025334 98.5831018972137 0 30.9999988605117 
-61.2391431637736 -11.959469999754 0 30.9999988605117 
65.0708828577805 -26.6573056454545 0 17.0000003494998 
23.7427992275325 -51.0702009543424 0 30.9999988605117 
-5.30651104571864 -2.30805702339439 0 25.7592212972127 
23.7427992275325 -51.0702009543424 0 30.9999988605117 
-40.1402840518339 42.5050812984455 0 30.9999988605117 
21.6464252552986 47.6434027435398 0 30.9999988605117 
-57.7731601650901 -13.7321261374811 0 27.9367620250839 
