124.723661683434
109.957592983548 54.1877451070143 0 1.00000012107938 
117.372719103833 -34.7452364519799 0 1.99999985470473 
-122.325538370072 13.2185688892585 0 1.00000012107937 
-80.881204297793 -91.0494328691917 0 1.99999985470477 
-76.608237352868 10.403018879355 0 7.00000004843174 
70.2546303580626 93.2131971768802 0 7.99999992210487 
-58.558355336382 -9.38555608715599 0 12.9999993836345 
-3.44511464225611 -84.4940931697461 0 12.0000008956785 
-99.5319819622035 60.9737466534591 0 7.99999992380391 
111.607903037722 -15.8208694663412 0 11.9999998747782 
-73.598510025321 62.8325058289253 0 17.9999991589135 
10.5881861919718 -57.1305430702737 0 18.0000006294461 
-59.0735800970452 92.4640151622349 0 14.9999998510561 
20.0222413508762 -106.864139692226 0 16.0000004977524 
-9.7814203830669 -110.290766166657 0 13.9999998628319 
-5.48982690842251 -7.14349939512103 0 22.9999989939256 
-104.387776289361 -8.38078271292663 0 19.9999998010471 
-97.5354837346826 32.0425527911447 0 20.9999997891127 
-30.2264079381682 -44.7347432404946 0 22.0000016145544 
80.3922416587033 67.1128366099284 0 19.9999998013603 
29.645362558394 31.3916144775017 0 28.000001019207 
91.4919670059187 -44.4626063739302 0 22.9999997731963 
54.6943920330767 -79.7746216754466 0 27.9999997199504 
-18.3261417308524 97.0078060394853 0 25.9999973289141 
-43.0566128367518 -89.9496323491113 0 25.0000021587322 
43.7589908743775 -23.8334301416105 0 28.9999994792836 
-29.6589459551718 41.1457693714103 0 30.9999990930889 
-80.7983148820016 -51.3288590693678 0 28.9999997096833 
85.9377347580258 17.421311546148 0 30.0000017658822 
34.7677221352556 87.1568504379171 0 27.9999999520619 
