125.363168527267
106.493560501871 62.2703114014669 0 2.00000000708229 
-32.6685408703948 118.958970018158 0 2.00000000708229 
-122.215760747301 23.010959694296 0 0.999999994098093 
-33.5841315438014 -119.742651336898 0 0.999999994098087 
94.9809077266761 70.629079220248 0 6.99999999763924 
66.3932598223398 -91.8865700648658 0 12.0000005743009 
-4.28870792842534 61.2645871672672 0 12.999999511826 
111.338336923362 -37.1199148215432 0 7.99999992040682 
-25.0411390041517 -62.3359676037662 0 12.0000000359165 
-114.504164781759 -25.7470157537911 0 7.99999995754975 
38.7375914954017 -74.4316773207395 0 15.9999998397893 
-13.965565635171 31.8136356924078 0 18.0000006294462 
33.84975294587 -105.043912337544 0 14.9999985210828 
48.3688990818453 95.8504021685405 0 17.9999998203879 
76.6179342211835 80.8173692606131 0 14.0000011892937 
-87.6107341938913 56.7100575403547 0 20.9999979521729 
104.899836341898 -9.87022129009934 0 20.000001637061 
31.6000310042434 58.4364326217886 0 23.0000008293856 
-51.5931078058316 37.1210196519493 0 19.9999998015473 
44.8811632526019 15.4409493566815 0 21.9999997798331 
90.4959148855437 35.9176283775951 0 27.999999721028 
-52.2818913841804 -88.004671187405 0 22.9999997703186 
-5.85492353401723 -100.192240366931 0 25.0000021685795 
-96.9813302616419 8.61440463232941 0 28.0000010187363 
4.50129746334839 99.2611611507862 0 25.9999973213375 
-37.4826583415023 -10.8466268041447 0 29.9999991036847 
76.8359518129479 -50.4835034670356 0 29.0000011568598 
-47.5683399877577 84.9519845003159 0 27.9999997212655 
19.9716369671251 -31.3406229742668 0 31 
-84.1653115856404 -46.9261188481795 0 28.9999997094004 
