123.697617528936
-107.506517423503 -50.4458971894857 0 1.99999985470475 
59.0581555797825 12.6970775002599 0 7.00000004843174 
-107.869823939131 53.1618836055081 0 1.00000012107937 
-33.8862681316046 -115.248118405524 0 1.00000012107938 
-118.68357767218 2.3277651166467 0 1.99999985470475 
63.4824702152195 31.7829367241535 0 7.99999996035258 
53.2088159172994 54.7052084473974 0 12.0000004968658 
75.7519882493144 -82.0852847466174 0 11.9999999658814 
13.5892818529154 -109.860338466818 0 12.9999996298022 
-97.7604206803537 61.8776116686909 0 7.99999994709801 
-45.0245490397924 -95.6283234850037 0 17.9999998676334 
26.4120759916414 26.0831280308733 0 18.0000005074143 
9.39375404163365 57.1004540788003 0 14.0000007941816 
74.2097699989628 78.0492592362531 0 15.9999996690378 
-14.3309828034069 -107.748758540115 0 14.9999991617329 
-58.199023401369 -11.8481014587177 0 23.0000006301773 
-101.613338626503 -20.6863472478288 0 20.0000007881088 
89.1227432843645 -53.0125663607454 0 20.0000003115895 
-13.2297068913071 -13.5096163260377 0 21.9999998393423 
92.0120178073224 45.6134788653526 0 20.9999984307821 
-92.0009185985222 26.3413193278501 0 27.9999989948664 
34.401757781918 91.4403816299426 0 26.0000000742783 
38.7585047281771 -81.3908774389223 0 25.0000000394006 
-68.9695211141647 73.3703967269041 0 22.9999999466485 
-11.5642155534073 -63.806336134358 0 28.0000009448063 
38.4211534851209 -25.3918941587098 0 30.9999990897776 
-32.7311113659006 34.6951080791081 0 30.0000016477764 
-74.3802623882691 -60.213043041188 0 27.9999998273333 
94.5990501807454 -4.31954728997733 0 28.9999997470862 
-20.5892979088165 92.4322430661807 0 28.9999996880265 
