125.876033438065
115.243322979942 -27.6474473541904 0 7.00000004844389 
-119.42165013293 32.829792441164 0 1.99999985503657 
124.062304689427 -11.2210065601037 0 1.0000001214614 
44.9840781984813 -115.419515788143 0 1.99999985430004 
-2.47890952736082 -124.851265802017 0 1.0000001207581 
20.8739039487778 110.929162313954 0 12.9999997252634 
114.452577466002 28.201575094325 0 7.99999997429826 
111.907300342154 4.39806577432081 0 12.0000005134196 
56.7944192748336 -98.7023046663617 0 11.9999998300011 
75.1671095847506 -90.8001367196665 0 7.99999995701764 
-52.6299450798513 41.1406420441596 0 14.0000007102986 
10.2694412245414 0.782404686589274 0 17.9999998888059 
24.901815183168 -108.043484657334 0 14.9999990554841 
36.0856437748425 -76.9963922511267 0 18.0000003492344 
-27.7573108134149 57.9141964848328 0 15.999999996177 
-105.547130927384 8.33892187772002 0 19.9999998407758 
-99.7926926794593 -32.2552454660327 0 20.9999997289864 
-94.9208690234094 46.901631247597 0 19.999999884902 
-63.5737292112066 6.84437762264942 0 22.000001364995 
24.5182606844229 -37.6619847300258 0 22.9999991803407 
56.2454522094665 2.26776739460661 0 27.999998604506 
50.0708064189582 89.8687522489825 0 22.9999997958558 
-16.115094614101 98.5673641543713 0 26.0000008777363 
-63.0910713370825 78.7114405260151 0 24.9999997550835 
-16.5122721040762 -96.4731176236595 0 28.0000009668185 
83.3841141050471 51.2523874247476 0 28.000001041281 
17.2216869644644 48.2762602991678 0 30.000000476721 
79.3407480457019 -52.0241030911641 0 31 
-26.6358502977214 -28.320849557457 0 28.9999994844976 
-66.9844195612297 -69.986095959345 0 28.9999987152213 
