125.713951820188
101.309618066316 -36.603769732891 0 1.9999999113223 
70.4183559458277 -27.167794643119 0 7.00000003175617 
-123.831525243373 -1.12153639701786 0 1.00000007939042 
-107.872151221772 60.7176567931337 0 1.00000007939043 
6.66977453408814 -122.711380619927 0 1.99999989814068 
-47.6528536473005 103.24760721864 0 11.9999998696072 
37.378204161858 -107.395217619526 0 11.9999996440274 
64.3137728129834 26.1011840905962 0 13.0000003890922 
-18.4541476976469 -116.25833504542 0 8.00000015876337 
110.8273352812 -39.6721086719118 0 7.99999993850975 
7.66398014519282 111.450753444986 0 13.9999999008526 
13.1429352229168 9.11513180220056 0 17.9999992062948 
-21.2018986794584 108.664891421258 0 14.9999998432402 
-22.3280979865912 75.6841134296706 0 18.0000006161775 
60.4632507813045 -91.5496936630637 0 16.0000004334348 
98.797914896929 37.6086596233925 0 20.0000015681642 
-99.3538092703834 26.0571738187295 0 23.0000007997211 
38.9997119071327 98.257122449901 0 19.9999998229168 
-41.8582954066034 -94.8918697377597 0 21.9999997916353 
-77.3373439303706 -70.5970774780641 0 20.9999980175626 
82.8800549839886 -57.2205974701249 0 24.9999989893687 
6.45667644938692 -82.0208399510092 0 27.9999993082083 
97.5441068569844 -8.37425163436513 0 26.0000001623202 
73.1406162955984 72.1152273020113 0 23.0000005414507 
18.649921124779 54.7843022362878 0 28.0000009986521 
-35.1528299960412 -40.1920348833281 0 31 
34.8279624146879 -32.58330335999 0 28.9999996976308 
-33.4172891451357 20.7832716494529 0 30.0000005492819 
-94.5367309989844 -24.7148259385935 0 28.0000011493129 
-68.7066009410096 68.0660839693914 0 28.9999983037602 
