124.845364389445
121.910242724103 -7.00709252022483 0 1.99999994199141 
-101.658525170569 69.6146665753787 0 1.00000004834039 
116.292218418639 -37.4129346512594 0 1.99999994199159 
94.5956843229825 79.0772888840429 0 1.00000004834045 
23.3942403903786 -115.499773862754 0 7.00000001933617 
75.0899340211421 82.890576898754 0 13.0000003767908 
73.1267781457247 -91.1334924955983 0 8.00000008481984 
109.399404366311 27.673934687561 0 11.9999996483808 
-95.2316781938893 -60.5392739106162 0 11.9999998806306 
-107.829962990764 -45.0059800302699 0 8.00000000937788 
-71.731284682116 -79.1868340359967 0 17.9999999453619 
9.66485686873662 12.0081355377006 0 18.0000004675578 
1.54855297149772 -109.49611884146 0 15.0000010473995 
49.6399832409244 96.8668451468701 0 15.99999865046 
-29.4571838851646 106.859576417449 0 13.9999998892208 
-103.398349702424 -17.3589041591691 0 19.9999999341896 
29.7698576355712 -23.7240477143344 0 22.9999991670227 
-12.2399412200263 57.7405545343068 0 20.9999996481129 
43.2072228256058 -93.3290124158282 0 22.0000014254087 
90.2705288088792 53.3271233997597 0 19.9999998252661 
79.2536131869747 -55.6586856923836 0 28.0000001510732 
-44.5508686588244 -42.0758512466772 0 28.0000005839436 
8.68132593004102 98.7076285055432 0 25.0000021456104 
4.1172911170861 -65.47264640327 0 25.999997344563 
-34.2917973018787 -95.8986492269636 0 22.9999997748097 
39.3230503459117 51.013156135252 0 31 
75.9698360109119 2.24828074313608 0 29.9999993542003 
-92.2943315482892 29.3390696417175 0 27.9999997540316 
-37.2712834856691 14.4573940704822 0 29.0000009450696 
-58.9528246977658 75.5704861400059 0 28.999999746783 
