87.3194970580976
84.3010190789854 17.5898148197729 0 1.20292922632498 
51.4031717379178 -40.0162154793553 0 4.57013452185735 
-83.6879504776071 -15.7554190473513 0 2.16137274565087 
-80.2644682478824 -21.2293761265693 0 4.29497580569247 
-44.8929181178717 59.4229957747085 0 2.5050944020223 
-2.82544936969607 -3.34223779937575 0 11.3228769613563 
19.1609712285727 -72.7247983721124 0 12.1128551611022 
-70.8312292137267 28.7002105698079 0 10.89459937877 
19.1609712283162 -72.7247983719065 0 12.1128551618948 
17.9798447542745 68.5327242331739 0 5.55643761041241 
-9.48908007461644 63.2108695522787 0 7.53747403014161 
8.0982573400063 53.1573092818921 0 12.7205740357559 
3.47792722176593 76.3310406726315 0 10.9092646637593 
-61.6355177287862 -74.3293396893796 0 30.9999988605117 
39.6477628378277 -8.92382694766583 0 4.32739959638816 
27.3646278139689 19.1775152242661 0 26.3411647301226 
33.3890005604668 58.1048308978772 0 13.0495571785607 
-64.3038508157474 46.4344611348967 0 8.00276318543709 
-68.2093542853123 -1.17952360628236 0 19.0999458360376 
62.2580880636012 -73.8895855883806 0 30.9999988605117 
76.4490812860186 48.8208197786933 0 30.9999988605117 
74.7208514147323 -13.1550869573744 0 30.9999988605117 
-68.3793687996743 -32.0715393579629 0 11.7925377497453 
39.1424945338233 98.3406984069962 0 30.9999988605117 
-11.7974172410914 -66.8981567899793 0 19.3890744417122 
-28.9553137105011 29.9512455507555 0 30.9999988605117 
20.5199013090711 -33.6789458964611 0 26.956637879673 
-31.4741201638699 -26.5204646334499 0 25.5278562389182 
-54.6777504523209 58.3761118256711 0 7.33558188250342 
-35.5510802260936 91.5994057718913 0 30.9999988605117 
