87.3194970580978
70.5874431886721 -24.1845214303258 0 2.36423556309984 
-36.860606683885 35.4660769693795 0 2.62871674195186 
-70.3018548182272 43.6818089241324 0 4.55204525938422 
20.2148844951587 81.7485105542048 0 3.1086878588819 
-52.7525411075166 -2.10365935018088 0 4.01437196132983 
-52.0778287595733 41.6251225398688 0 13.7876680608789 
33.1216480945516 -44.0275442563612 0 14.7194994655269 
70.649063687185 -35.0170539009223 0 8.46847216888457 
-37.0240883611255 74.8697644156276 0 3.79546101598057 
-44.4738625502152 63.7397220960026 0 9.59770804556215 
-31.5257520568325 68.881693882652 0 4.33403409970221 
-5.39174398632267 24.1834342655605 0 10.8488043347939 
-71.0147693885406 82.1825716555402 0 30.9729664208156 
-52.0778287591819 41.6251225393173 0 13.7876680610221 
-40.6156008061327 -70.1584849417975 0 6.25261173126926 
61.2353160738534 16.1110377371549 0 15.349795031787 
100.250545049697 -8.91125893098776 0 30.9999988605117 
51.3061380216943 -16.2392173580976 0 18.4899387366316 
36.8765576098935 8.51756896748113 0 10.1651002623681 
48.0449668433032 -59.3481848786392 0 24.7422057643306 
-34.1288833177802 13.0239420082763 0 19.9790636476338 
-4.3069656937054 -78.4915537204436 0 30.9999988605117 
-20.8207562243195 48.9268194341517 0 18.3109200851934 
-10.248365284273 97.0910313309949 0 30.9999988605117 
5.76122756868022 -12.2268752662991 0 27.2313665513529 
28.4099955211245 48.7211045582599 0 30.9202614569277 
-0.677864030940257 -63.1844435626378 0 24.1314182963357 
-85.0803554088251 11.3469394568505 0 30.9999988605117 
90.2282805632172 52.2733307050805 0 30.9999988605117 
-46.1737348865893 -34.9030353849124 0 29.4382775532675 
