87.3194970580976
62.0852256639673 -43.8659740982124 0 7.00000015659865 
83.9484442084355 13.6496614666597 0 1.00000049943727 
85.4365607010281 12.3122495709638 0 1.00000049829952 
-68.3782271152211 -51.0195584549191 0 1.99999947613695 
-20.1225645959334 -82.8954163698483 0 1.99999947622105 
-43.7807505762426 28.9379024320735 0 19.2280484484055 
24.8425562390291 40.1471458608109 0 2.90338662240475 
-64.1327733402339 46.8606073384058 0 7.89073051577499 
-40.7241570526022 -3.58553934160238 0 8.66384448292699 
-71.9275588356525 32.6260848985875 0 8.33826538809403 
-9.0234801143972 -75.3975899719252 0 11.3838690934407 
-1.88023551807984 -21.7865235502031 0 9.48850070609791 
18.7342972440885 -2.54950133092977 0 18.7076334078172 
-1.21753918447541 71.6669623444866 0 15.6421942921281 
38.1502117459017 26.4515422377272 0 16.1927713925803 
-16.0859107769871 -0.409375155727344 0 16.1782809055476 
65.2075899492235 -8.70684333217804 0 28.1717840207914 
31.496764696035 60.8274707471862 0 18.8211231304886 
-68.2647140062423 -4.64360316102321 0 18.8970294270986 
0.634019587018835 33.995791400634 0 22.074451631168 
-49.456110742215 58.4093073210672 0 10.784838920631 
26.5168934191647 80.3312442452423 0 30.9999988605117 
-84.9480924013729 -4.49486302976955 0 30.9999988605117 
-25.7647583915089 57.0101787213092 0 12.9477912098132 
-39.0921351686573 98.8884466081042 0 30.9999988605117 
24.9789217929192 -51.2048693301104 0 30.3468276929793 
-42.5039511876176 26.7018712838754 0 21.6758144151553 
-36.3612164301237 -43.0086956635715 0 30.9999988605117 
79.8033431592458 48.6365428560688 0 30.9999988605117 
24.9698761942562 -52.0914758911555 0 30.9999988605117 
