87.3194970580966
-68.7824388250835 -26.190390563061 0 2.90622275683593 
-60.1929102941903 -43.2975974483891 0 2.90622275683966 
82.4207865081434 13.8541719803313 0 3.7424428879552 
32.6330900314387 77.8013471951317 0 2.95144597818561 
32.6330900314386 77.8013471951317 0 2.95144597818583 
46.0703649785282 -54.6222517112011 0 15.8627354023348 
-18.5656244761809 67.0933991711982 0 4.00300056926703 
24.4495696220607 -9.76120946411136 0 2.80543380330617 
39.1861119458464 65.2708448800628 0 11.1891192328788 
-25.3371214115512 0.258999930657256 0 13.5750787831946 
19.6407666376474 1.20692497626478 0 9.17056549750619 
-0.681197022040991 8.55700638374349 0 12.4397538820809 
19.8088918753058 -89.8868914750196 0 28.1061147890288 
-38.1602804707147 -21.5250095047317 0 11.7029052215522 
-17.1178974495459 -72.7126378430253 0 12.6190955559928 
-93.5564831143386 -49.3394427024108 0 30.9999988605117 
-57.7969788256199 48.8077476845243 0 11.671054487985 
-57.7969788256203 48.807747684524 0 11.6710544879847 
-57.2357142142589 -31.1027847358914 0 9.64202276812934 
57.7115902706776 -9.78964512661544 0 30.4565990000027 
-33.3027714331524 -63.9507404884767 0 30.9999988605117 
77.8064792640939 48.2888267460489 0 30.9999988605117 
6.82453378074364 76.0396452556402 0 22.9171676197377 
-22.76537324782 38.572909264808 0 24.8250453973657 
-42.189870313905 -54.6360635511458 0 18.2899057451836 
25.3280947264222 33.4227216663192 0 23.5433956989401 
1.97663751823495 -34.1828165883944 0 30.3826298923941 
57.7115902706341 -9.78964512663987 0 30.4565989999665 
-69.2846891037007 7.71211126280251 0 30.9999988605117 
-45.3532772578577 89.6240815670379 0 30.9999988605117 
