87.3194970580975
-83.4062436993072 0.421442051780818 0 3.91218980455857 
51.5121028290658 66.1230285190836 0 3.49974139738024 
79.444179784741 25.6740912220317 0 3.82975838708004 
-85.2051483864416 9.67674312079598 0 1.33241764787692 
-46.5769362789312 69.23741385946 0 3.87352487958788 
-15.9881879396841 73.1320279369148 0 12.4601924210136 
49.1595945105425 -15.938518904555 0 3.53980741898812 
59.6258730104705 35.1144935162217 0 18.1221544054404 
-37.4383663706959 -72.3298442975066 0 5.87480748087091 
-79.312297444751 -10.0896207738519 0 7.36800685639427 
-76.2637913626787 -15.2879186605942 0 9.53848299615463 
16.147031292802 19.4104988008251 0 12.6163875993421 
-60.3832429005518 -43.4631850371612 0 30.9999988605117 
-37.4383663706961 -72.3298442975064 0 5.87480748087145 
-52.7296839611229 58.0356290602549 0 8.90678362632683 
-9.29066133145359 26.821035028842 0 13.8787487080609 
38.5422130266393 -45.3936549239671 0 27.7704755582115 
35.7213070088551 -1.60843631214243 0 16.1055186201061 
11.2459464236401 45.3473486924875 0 13.7794607475472 
80.4852372750681 -7.13777246342432 0 28.9986163989508 
-21.4481029164508 61.1382094784159 0 22.5282813563009 
27.4458803346215 -103.107086000885 0 30.9999988605117 
38.5422130266393 -45.3936549239671 0 27.7704755582116 
-9.5589241194149 -63.1101150452333 0 23.4895706197087 
-50.2693826247539 -37.4602009699105 0 24.6275729606494 
49.4892362908222 37.4170711934224 0 25.2774017682952 
-53.3204681146633 18.1332193676027 0 30.9999988605117 
-53.3204681146633 18.1332193676026 0 30.9999988605117 
-5.21795307319329 -13.3305744991608 0 26.4788861083014 
24.8453850399261 88.011798940788 0 30.9999988605117 
