123.902543753381
120.12220772056 8.9117896894019 0 2.00000000912321 
-104.718114268965 -51.9646156579384 0 6.99999999695893 
-6.53093999385852 -33.0767182032325 0 2.00000000912321 
121.69642124599 -8.95277352728297 0 0.999999992397325 
-12.9685145516282 -121.578828940443 0 0.999999992397325 
-25.8323112577795 -108.880076590681 0 11.9999996203023 
-69.5776242094773 16.845044905562 0 13.0000003993947 
111.489860220446 26.0669557738358 0 8.0000000534154 
50.837655097026 104.158194309029 0 8.0000000464333 
100.092924885385 48.3267111170655 0 11.9999998804544 
4.01188073620764 -105.826526089665 0 17.9999998200869 
8.52967304065426 6.35184009079749 0 18.0000006298354 
-49.9619205273397 -96.7655458073662 0 14.999998520259 
-50.9774692827058 95.101270399253 0 15.9999998400249 
-22.9512439322202 107.479319843754 0 14.0000011897938 
-99.9753711534597 -24.3692088146616 0 21.0000016289074 
-102.576290218377 16.5482121356094 0 19.9999998002421 
25.1724408387087 40.5387455478782 0 19.9999998002576 
78.6664643140385 -63.1894814083619 0 23.000000829903 
99.2346066658139 -23.1650962216882 0 21.9999979406899 
-19.8220048340841 -66.0965803451258 0 28.0000010198992 
63.9809425415767 12.2916212087896 0 27.9999985105159 
42.4429758237561 -91.5418875994858 0 22.9999997702004 
-73.7533501831248 -63.3744117828841 0 26.0000009491525 
18.5927447513019 97.1391942155486 0 24.999999750232 
-77.0012298552652 57.1673731488782 0 27.9999997204091 
31.473015847053 -36.9448936138863 0 30.9999988605117 
-20.0455802654175 59.4154645270694 0 28.9999997097373 
-36.40792181685 -10.5186371547063 0 30.0000019993832 
64.8543890316536 69.2849268542418 0 28.9999997099587 
