0.703 -2.48404225749201E+0000 -1.26344876615947E+0000  3.29699974424196E+0000
0.730  1.08728376636798E+0000  9.33107054382180E-0001  1.99014941224579E+0000
0.749 -1.27001159155223E+0000 -2.05641895216380E-0001  7.49000208712320E-0001
0.939 -2.07276080794154E+0000  1.48684650237752E+0000  9.39000246831310E-0001
0.703  1.33942556937405E+0000 -4.77494865277810E-0001  1.97908758726183E+0000
0.730 -2.74568968810931E+0000  2.79631124901160E-0001  1.87460716728270E+0000
0.749  2.15401408325277E+0000  1.68011376432048E+0000  7.53835246548270E-0001
0.939 -1.87580715868980E-0001  1.04957115998102E+0000  3.06099956399341E+0000
0.703 -2.40782193193559E+0000 -1.40326868778598E+0000  1.90004654206778E+0000
0.730  2.74149973836862E+0000  3.18095259721790E-0001  7.30000227599990E-0001
0.749  2.11987459385049E+0000  1.73741807787589E+0000  3.25099977596163E+0000
0.939 -2.02762789621329E+0000  1.54782965342022E+0000  3.06099974567179E+0000
0.703 -1.25816872724363E+0000  2.48672088306498E+0000  1.95529571760340E+0000
0.730  9.20061877896480E-0001  2.60201686210222E+0000  3.26999975914568E+0000
0.749  9.41605558799400E-0001  2.57407624843409E+0000  7.49000271400460E-0001
0.939  2.08882773902116E+0000 -1.46418703571342E+0000  3.06099961772338E+0000
0.703  1.63368795661502E+0000  2.25783815084756E+0000  1.98565746849648E+0000
0.730 -1.06148075970786E+0000 -9.28049211667680E-0001  2.02261113567052E+0000
0.749  1.83670548549960E-0001  2.32681749909557E+0000  2.01722863901770E+0000
0.939  2.02527696716390E-0001 -1.04481382909328E+0000  9.39000536859460E-0001
0.703  1.25531978173644E+0000 -2.48815993406216E+0000  2.08482853918647E+0000
0.730 -5.47876358164390E-0001  2.70496537271424E+0000  7.30000426282380E-0001
0.749  4.18832209213670E-0001 -2.70870281252192E+0000  3.25099973656094E+0000
0.939 -2.00061607919160E-0001  1.08604399769878E+0000  9.39000236270280E-0001
0.703 -1.32938441041199E+0000  4.79676993986210E-0001  2.02771771961175E+0000
0.730  1.27099042905211E+0000  2.54994962789910E-0001  3.26999980000000E+0000
0.749 -6.28349642705980E-0001  2.66789504243029E+0000  3.25099559186409E+0000
0.939  2.00265361157081E+0000 -1.58000914037896E+0000  9.39000474454710E-0001
0.703  2.74393739783863E+0000 -4.87418693908980E-0001  1.91517180658902E+0000
0.730  1.28461920093237E+0000  2.22695952666260E-0001  7.30000204646060E-0001
0.749  7.09016238391330E-0001 -2.64759953191213E+0000  7.49000282912050E-0001
0.939  2.40272744225580E-0001 -1.04096123954654E+0000  3.06099980000000E+0000
0.703 -1.45379500450310E-0001 -2.78309762133473E+0000  1.91517084009646E+0000
0.730 -2.68821661061290E+0000 -6.24898123642000E-0001  7.30000227238700E-0001
0.749  2.56694159267020E+0000  9.60885093748440E-0001  2.05052778535272E+0000
0.939 -1.19546782045321E+0000 -2.25342120378583E+0000  3.06099945509704E+0000
0.703 -2.78471958588267E+0000  1.10025128003470E-0001  3.29699978419843E+0000
0.730 -1.38840924582001E+0000 -2.37979871539000E-0001  3.26895491182114E+0000
0.749  2.73967568440829E+0000  8.16603365272197E-0002  3.25099975336970E+0000
0.939 -1.32169454329030E+0000 -2.17786761630484E+0000  9.40060238574060E-0001
h=4.0 R= 3.48989263890585E+0000
