0.703  2.50225147480705E+0000  2.65430126899425E+0000  7.03345903285320E-0001
0.730 -3.56396278066746E+0000  6.46138336258130E-0001  2.16746077503490E+0000
0.749 -2.07883896132796E+0000 -4.31710348087960E-0001  2.69103791002526E+0000
0.939 -3.83512184891900E-0001 -4.66183610652430E-0001  4.06085637904084E+0000
0.703 -3.35311796870285E+0000  1.43778037585835E+0000  4.29689406564011E+0000
0.730 -1.04456570482473E+0000  6.19291922080910E-0001  2.57050013411518E+0000
0.749 -3.02021464648747E+0000 -1.96437628428167E+0000  2.92021825411797E+0000
0.939  3.40990589530389E+0000 -1.31316189787730E-0001  3.87502220231921E+0000
0.703 -2.30311679373425E+0000 -1.48524678203288E+0000  1.71641625847485E+0000
0.730  3.13770776930544E+0000 -1.80922064518559E+0000  7.30072827765040E-0001
0.749 -2.55538824452262E+0000 -2.53956885086886E+0000  7.49646027099580E-0001
0.939  3.57651021752710E-0001  3.38247223216971E+0000  2.32218960010477E+0000
0.703  1.55154662640566E+0000 -3.30256215532767E+0000  7.03051163661440E-0001
0.730  1.96037132122355E+0000  3.04532987977426E+0000  1.97137937750435E+0000
0.749 -3.36730662085288E+0000 -1.28001299582133E+0000  7.49134645352080E-0001
0.939  1.38404062259798E+0000 -1.38258279568927E+0000  2.32659436580857E+0000
0.703  3.61374059875253E+0000  5.06528871209880E-0001  2.37559888615754E+0000
0.730  2.06903086334175E+0000  9.04653637834670E-0001  3.95192753259012E+0000
0.749 -3.59584436223128E+0000  2.27509630418640E-0001  7.49132361464240E-0001
0.939 -1.03638274715546E+0000 -3.25187974182203E+0000  9.39028406103370E-0001
0.703  6.85918950340300E-0001  7.57340044372670E-0001  4.29686034654680E+0000
0.730  1.67786443916998E+0000 -1.84375386364745E+0000  7.30065701170960E-0001
0.749  1.20440110334163E+0000  3.39515291646117E+0000  7.49130679626750E-0001
0.939 -1.94697419849362E+0000 -7.99733234156701E-0002  9.39550029373110E-0001
0.703 -1.38243058539079E+0000  1.99717175974396E+0000  2.77401734449011E+0000
0.730 -2.58558236770510E-0001  3.61284207357146E+0000  7.30258787584950E-0001
0.749 -1.43590615309102E+0000  1.60702725592232E+0000  7.49079977164540E-0001
0.939 -5.95324604688810E-0001 -3.34917685576763E+0000  2.76194047437304E+0000
0.703 -8.63287293541190E-0001  3.54545722981315E+0000  4.29682856221699E+0000
0.730 -2.22553094441609E+0000  2.85760087027889E+0000  7.30388375204090E-0001
0.749 -2.38485017063560E+0000 -2.70050531069999E+0000  4.06004017401436E+0000
0.939 -2.19481068772476E+0000  2.61379377279391E+0000  4.06090996585571E+0000
0.703  3.98981189203390E-0001 -2.48989379219859E+0000  7.03070505989200E-0001
0.730  1.17568326157686E+0000  1.99277203506687E+0000  2.86736651682804E+0000
0.749  2.85465863214620E-0001 -3.58606503314781E+0000  4.23218278809785E+0000
0.939  3.23600767708971E+0000 -1.08494190287310E+0000  2.23060991324739E+0000
0.703  2.54826450767746E+0000  2.61183389239382E+0000  4.29675099944757E+0000
0.730 -2.24838605570147E+0000  1.23181169888571E+0000  1.92667670526477E+0000
0.749 -1.03487105043392E+0000 -2.01187153895254E+0000  4.25071768534032E+0000
0.939 -3.41215126814086E+0000 -7.66706055430602E-0002  3.66429011403533E+0000
0.703 -2.38974806588458E+0000  2.75755943231567E+0000  2.15115439052245E+0000
0.730 -1.06282680988935E+0000  2.76953793282954E+0000  1.60993002192431E+0000
0.749  3.14617866215096E+0000 -1.75572604070145E+0000  4.25095623371723E+0000
0.939  1.62480370394655E+0000 -7.01199793767470E-0001  4.06032926251430E+0000
0.703  1.44615085933104E-0002 -1.77839231393863E+0000  3.15722600739568E+0000
0.730 -6.63655087809198E-0002  2.16551984594327E+0000  7.30056822736950E-0001
0.749 -2.12130535513482E+0000 -2.91227313869788E+0000  2.18693556806656E+0000
0.939 -1.78832011445788E+0000  7.80271450093660E-0001  4.05930233408413E+0000
0.703 -3.28599985319442E+0000 -1.58673496702897E+0000  4.29693471552059E+0000
0.730 -1.20991766375812E+0000  3.41366035980223E+0000  2.91227609453205E+0000
0.749 -1.20176627778243E+0000 -1.58264856905923E+0000  7.49127915917900E-0001
0.939  3.20031036780184E+0000  1.18615210136934E+0000  9.39071511982240E-0001
0.703  1.26389425005868E+0000  2.03954564264084E+0000  4.29694471895508E+0000
0.730  2.25517559945404E+0000  1.82598120431110E-0001  2.69658013929059E+0000
0.749  4.43903104509620E-0001 -1.06175781193624E+0000  9.61644769742520E-0001
0.939  1.94884783048355E+0000 -2.14022773454600E-0001  9.67525771781100E-0001
0.703  3.34669908278796E+0000  1.45438907446611E+0000  4.29691787882563E+0000
0.730  2.17795601701920E+0000 -2.89398737790889E+0000  4.26995291887830E+0000
0.749  5.88104241124830E-0001  3.55426418070424E+0000  4.25079794577892E+0000
0.939  1.38860641557360E+0000  1.55264148811987E+0000  1.27149826891858E+0000
0.703 -3.27076055958600E-0001 -2.03301901704621E+0000  1.81720033944877E+0000
0.730 -7.60433256233110E-0001 -6.73658248522490E-0001  1.95390260622137E+0000
0.749 -1.39800478498866E+0000 -1.76126890272375E+0000  2.81849003262301E+0000
0.939 -1.64793191873210E-0001  5.12552343780120E-0001  9.39122344904850E-0001
0.703  1.69441954104818E+0000  3.23171825730979E+0000  3.36723783419700E+0000
0.730 -3.52938847147253E+0000 -8.13333988125300E-0001  2.14334240112371E+0000
0.749 -3.15905402357013E+0000  1.68262898707554E+0000  7.89217793763580E-0001
0.939  2.84031485845643E+0000  1.89232370907922E+0000  2.79741041523241E+0000
0.703  2.72698565061474E+0000 -2.42462412077979E+0000  3.03223522472872E+0000
0.730  3.59642390171045E+0000 -4.22569578726390E-0001  7.32815576504560E-0001
0.749 -9.47838793279203E-0002  1.75118345837510E+0000  2.14959893059155E+0000
0.939 -3.60487264361070E-0001  2.00038470054181E+0000  4.05941308803204E+0000
0.703 -1.16824686482455E+0000 -3.45702232783765E+0000  4.29698176945602E+0000
0.730 -3.13465148990157E+0000  1.81410933260483E+0000  2.93143813072845E+0000
0.749 -2.01767544129029E+0000 -8.81219679142770E-0001  4.25019117628010E+0000
0.939  1.26912676745624E+0000 -3.16826765044424E+0000  2.89711069980145E+0000
0.703  4.65424366893370E-0001 -3.61927100072746E+0000  1.53795240092133E+0000
0.730  2.42802326148387E+0000 -2.68773589132337E+0000  1.65564991887417E+0000
0.749  8.70628833236170E-0001 -2.20223608641674E+0000  4.25083965925152E+0000
0.939  5.90405084842970E-0001  2.89852504509060E-0001  2.64418672369964E+0000
h=5.0 R= 4.35208283983435E+0000
