1.591  4.77135124522207E+0000  4.91810093766405E+0000  4.05348288069774E+0000
0.865  8.65000254271330E-0001  4.96534245768259E+0000  4.53264472197570E+0000
1.169  5.07662480901106E+0000  5.09811350858798E+0000  1.17960712607001E+0000
1.235  4.75779113588592E+0000  8.61576538271497E+0000  1.48867230959680E+0001
1.245  1.24897875965796E+0000  4.91606918383739E+0000  7.22258097369675E+0000
1.467  8.37768748956663E+0000  1.53739981955357E+0000  1.53573113810692E+0000
1.948  4.89202511268179E+0000  2.07611141692921E+0000  1.94800020000000E+0000
2.303  2.30300892410957E+0000  7.69699973486357E+0000  5.24426719726049E+0000
0.920  5.36047145815206E+0000  9.07999978491870E+0000  1.02119125116897E+0001
1.462  4.75812162758482E+0000  8.53799910249433E+0000  7.97197140594074E+0000
1.465  8.48931302960948E+0000  4.85499752834254E+0000  8.22264756510853E+0000
1.991  8.00899980000000E+0000  7.93538995388158E+0000  9.80648158105060E+0000
2.103  2.10300020000000E+0000  4.14643743336207E+0000  1.40187231141845E+0001
1.723  1.72300021499347E+0000  1.72300029271669E+0000  9.04323301247207E+0000
1.088  4.14298905933261E+0000  6.38042622462234E+0000  1.50337227386706E+0001
0.944  9.44000708794210E-0001  8.71299696144449E+0000  1.18192716995243E+0001
2.229  2.22900020000000E+0000  2.26019363210800E+0000  5.16074735781996E+0000
2.384  7.61599980000000E+0000  2.43578598345122E+0000  5.29715280581336E+0000
1.850  8.14999977785230E+0000  4.56457843849592E+0000  1.16425190335443E+0001
0.932  2.77650215562175E+0000  9.06799904271629E+0000  1.16314106604404E+0001
2.457  7.54299980000000E+0000  7.54299980000000E+0000  5.40039694224083E+0000
1.523  8.42106729777507E+0000  8.44321225523542E+0000  1.56687800864892E+0000
2.191  4.84589509639216E+0000  2.19100020000000E+0000  1.13557863630314E+0001
0.861  4.89878064317905E+0000  8.61000200000000E-0001  4.48057641796753E+0000
1.608  1.60800277322410E+0000  4.76591226708477E+0000  1.03934290088709E+0001
1.390  6.83423055369048E+0000  1.39000021274695E+0000  1.47317225746812E+0001
2.076  4.57674568374054E+0000  6.62151390458745E+0000  1.17342923185207E+0001
0.863  3.84938605869538E+0000  9.13699980000000E+0000  1.30688340529061E+0001
2.205  4.64548360508734E+0000  4.83085061324865E+0000  7.84639256046138E+0000
1.041  8.95899965026662E+0000  2.51841442113757E+0000  1.50807226165552E+0001
1.398  8.57267540640168E+0000  1.42774086999376E+0000  1.25183052023716E+0001
1.296  4.02049703522932E+0000  1.35173579047656E+0000  1.47503715785901E+0001
1.281  4.88183988071079E+0000  1.31288929529743E+0000  7.72378380000096E+0000
1.942  1.94200020000000E+0000  5.05413496505539E+0000  1.94200020000000E+0000
1.906  4.91862749741452E+0000  8.08166425081565E+0000  1.93421036363088E+0000
1.901  8.09771896516723E+0000  5.00472573516459E+0000  1.90120066075144E+0000
0.910  6.25523001305452E+0000  9.08999980000000E+0000  1.18082235378819E+0001
1.354  1.37354045712193E+0000  1.36180722613194E+0000  1.20915954912474E+0001
1.704  5.94165035718006E+0000  4.33576727197078E+0000  1.44177230952880E+0001
1.205  8.79499902808203E+0000  4.75240777928819E+0000  1.49167222584332E+0001
0.670  9.24079019048179E+0000  9.24504030086784E+0000  1.19064940992614E+0001
0.695  9.17686671629822E+0000  9.18002009679305E+0000  7.63707597740529E+0000
1.794  1.79400020124754E+0000  8.01885921001676E+0000  1.43277230890694E+0001
1.768  8.23199980000000E+0000  1.76800020261486E+0000  9.34853696721540E+0000
1.158  1.16868506828779E+0000  1.16151381235577E+0000  1.49528388969118E+0001
2.113  7.88699980000000E+0000  7.81185264376052E+0000  1.40087231021784E+0001
1.497  1.52448356495930E+0000  8.47737432642895E+0000  1.53934430832969E+0000
1.463  1.50154099854098E+0000  1.53343789171928E+0000  1.52341057280536E+0000
1.804  1.80400055166833E+0000  7.99535723121580E+0000  9.30990700046254E+0000
0.999  1.00504156902118E+0000  6.76926413576813E+0000  1.19534462874750E+0001
 1.61217233141846E+0001
