0.945  9.05499978316718E+0000  9.45000200000000E-0001  7.06397010298431E+0000
1.044  1.08971814168385E+0000  6.44265903864481E+0000  6.91553939162924E+0000
1.465  1.46500053072927E+0000  1.50440008718612E+0000  4.40206863482637E+0000
1.630  6.01173119071529E+0000  1.63356990517554E+0000  3.98302841900323E+0000
1.578  1.57800020000000E+0000  3.89831542801562E+0000  6.43097011966111E+0000
0.823  3.56077302818561E+0000  6.67699980000000E+0000  4.31739204334384E+0000
1.634  3.75566727671392E+0000  4.06381213392488E+0000  4.07569445364330E+0000
0.998  5.83970359768082E+0000  6.50199980000000E+0000  9.98000202415040E-0001
1.257  6.88343642650405E+0000  1.26207990993532E+0000  6.73689046734090E+0000
1.266  8.73399935651456E+0000  1.26600611384449E+0000  4.90007473492189E+0000
1.137  7.64367784686447E+0000  6.25334216885745E+0000  2.11248367506380E+0000
1.445  6.19738782620227E+0000  6.05499980000000E+0000  4.24218593149721E+0000
0.891  8.91000610532290E-0001  3.91514459669104E+0000  8.91001962831580E-0001
0.914  6.09911617402720E+0000  6.55544771908447E+0000  7.06236575928662E+0000
0.743  2.94366657585977E+0000  2.16375732532174E+0000  2.90071407645568E+0000
1.278  8.72199980000000E+0000  3.10719476397665E+0000  6.66931019813225E+0000
0.779  6.25383939252746E+0000  7.79000652771490E-0001  7.79000642864300E-0001
1.005  8.97076630423319E+0000  6.48737181904966E+0000  3.83330802333862E+0000
1.062  1.12337862637772E+0000  1.13585010937630E+0000  6.91459063346021E+0000
1.572  8.42799978162807E+0000  5.92799980000000E+0000  6.38801816399676E+0000
0.680  6.08329710675768E+0000  3.94491168891893E+0000  3.99582331511757E+0000
1.449  1.44900022353007E+0000  1.44900021496598E+0000  1.46545729548952E+0000
1.174  1.17912587470410E+0000  3.74638827457445E+0000  2.98556331658556E+0000
0.748  3.82710782559415E+0000  3.86124329851931E+0000  7.23620022459631E+0000
0.690  3.64519764827926E+0000  6.77836393261822E+0000  7.31733109491800E-0001
0.857  9.14299975827129E+0000  6.64299952352478E+0000  8.57000238614190E-0001
1.585  8.36766474846087E+0000  3.96596367411891E+0000  3.91548389642705E+0000
1.170  4.27599705876599E+0000  6.32999980000000E+0000  2.48979903364857E+0000
1.202  8.79799965480161E+0000  4.43414320038901E+0000  1.20200035425439E+0000
0.810  4.09520651579847E+0000  5.29753080408679E+0000  8.10000201660580E-0001
1.490  3.80188677631812E+0000  6.00999980000000E+0000  6.51897011558327E+0000
1.621  3.82423921268108E+0000  1.62100020000000E+0000  6.38796887191136E+0000
1.650  5.96586963166069E+0000  3.93862619304846E+0000  1.65000020000000E+0000
1.454  1.69160813566698E+0000  6.04599774662899E+0000  1.45450455850963E+0000
1.419  1.41900020646690E+0000  6.01415296061251E+0000  4.31437726707450E+0000
1.561  6.02103989621607E+0000  3.92274252273532E+0000  6.35368271183128E+0000
1.652  8.34799980000000E+0000  1.65200020000000E+0000  1.65200026306797E+0000
1.387  4.28439068792102E+0000  1.40053423895307E+0000  1.43209088113359E+0000
0.892  3.62120888890642E+0000  8.92000739236240E-0001  3.67324270509589E+0000
1.242  2.96196442330623E+0000  3.67083438886958E+0000  1.33945923390442E+0000
 8.00897031966111E+0000