0.945  6.10728668535577E+0000  9.45000604572850E-0001  9.45000255162010E-0001
1.044  1.09779621222484E+0000  3.93916075042214E+0000  1.16710988152068E+0001
1.465  1.46610585756416E+0000  1.46611272600100E+0000  1.13051182206885E+0001
1.630  3.74447998040760E+0000  1.63000111307310E+0000  1.70562582991542E+0000
1.578  1.60260443450072E+0000  3.42199980000000E+0000  4.40614262298143E+0000
0.823  9.43861466339600E-0001  9.11016111047090E-0001  8.99874495734927E+0000
1.634  4.20510383553238E+0000  1.63400122227688E+0000  8.61981444139647E+0000
0.998  9.00199960510360E+0000  4.00199976211436E+0000  9.98000334018270E-0001
1.257  6.23283106305120E+0000  1.25700023773248E+0000  3.12116681096927E+0000
1.266  6.01593248212366E+0000  3.72140712821137E+0000  9.51993972896412E+0000
1.137  4.05682312677116E+0000  3.85994443962312E+0000  3.31919138148785E+0000
1.445  6.00644257144188E+0000  1.44500020000000E+0000  1.13342540400768E+0001
0.891  8.98693137414658E+0000  9.49841433566130E-0001  1.17811007119709E+0001
0.914  3.78832130060057E+0000  4.07253673422450E+0000  9.46799918066950E-0001
0.743  7.97767216945625E+0000  7.43000729093210E-0001  7.85453070050543E+0000
1.278  5.59463850748672E+0000  3.72199930641301E+0000  6.86156026963842E+0000
0.779  8.67739570756110E-0001  4.11509397706604E+0000  6.68745470770654E+0000
1.005  1.11981585877616E+0000  1.05449092127932E+0000  3.34063865218987E+0000
1.062  1.10827751103473E+0000  1.09534471743407E+0000  1.12353779005695E+0000
1.572  1.57200020000000E+0000  3.42799980000000E+0000  8.97587367385474E+0000
0.680  9.31999980000000E+0000  6.80000209378330E-0001  3.21266800959098E+0000
1.449  1.44900021444103E+0000  1.44900020000000E+0000  6.69664684288404E+0000
1.174  6.37828553325742E+0000  1.19136114943685E+0000  6.89754233068110E+0000
0.748  9.25199900436001E+0000  7.48002293033720E-0001  7.08048313342438E+0000
0.690  6.32460010531894E+0000  6.90000242048940E-0001  4.98151661163321E+0000
0.857  8.96556771246494E+0000  4.04048191091638E+0000  5.38044932413560E+0000
1.585  8.41056848274457E+0000  1.59308706372334E+0000  5.07530963368223E+0000
1.170  8.82999980000000E+0000  1.17000020000000E+0000  9.51307840786634E+0000
1.202  3.12078772449382E+0000  3.79799980000000E+0000  6.70443460522821E+0000
0.810  3.98572534789256E+0000  4.14506527426520E+0000  8.70281437070849E+0000
1.490  8.41037155170345E+0000  1.63597810104289E+0000  1.49000020000000E+0000
1.621  8.37899980000000E+0000  3.37899980000000E+0000  1.11582540342890E+0001
1.650  8.34621271954746E+0000  3.34999980000000E+0000  7.79088389682690E+0000
1.454  6.15960770176649E+0000  3.54183604620098E+0000  1.46527051992992E+0000
1.419  1.41900023414388E+0000  3.58099977985014E+0000  1.41900020000000E+0000
1.561  3.75999029415708E+0000  3.43899980000000E+0000  1.12182540609480E+0001
1.652  4.19685595809876E+0000  1.65200020011767E+0000  5.16103539517513E+0000
1.387  6.36791062487860E+0000  3.61299975271096E+0000  4.31354190379671E+0000
0.892  6.70127527840735E+0000  9.73126048235870E-0001  9.07024453183123E+0000
1.242  8.75412634653602E+0000  3.74549037862590E+0000  3.21392545774481E+0000
 1.27792542609480E+0001