1.158  4.21446555248547E+0000  8.84199980000000E+0000  9.64855432669016E+0000
1.554  6.43397011191080E+0000  8.44599980000000E+0000  1.11558464969166E+0001
1.630  4.91090439903486E+0000  5.65757666967771E+0000  4.78867146225787E+0000
1.679  4.90301287705690E+0000  4.38197770987668E+0000  1.69850481253156E+0000
1.648  8.35199975889404E+0000  4.37940404925314E+0000  4.83488064482327E+0000
1.674  1.67400128983452E+0000  4.35814137704028E+0000  4.82525083385486E+0000
0.663  9.29345156458500E+0000  6.59562154775056E+0000  4.87875872973937E+0000
1.963  1.96300020810115E+0000  2.13288293505207E+0000  1.96300020670583E+0000
2.015  4.88662891232743E+0000  2.01500026956131E+0000  4.65799300979136E+0000
1.018  1.02523597904905E+0000  4.80876451054792E+0000  1.02523693712294E+0000
0.471  9.45605040767608E+0000  9.45423774575280E+0000  8.64833860875853E+0000
2.022  7.94392952889920E+0000  2.05774828318007E+0000  2.02200020000000E+0000
2.418  7.58199980000000E+0000  7.56321950055690E+0000  2.41800020967358E+0000
0.617  6.42897144610414E+0000  4.06199751786882E+0000  3.51192629185867E+0000
1.480  8.51999975840795E+0000  1.48000020000000E+0000  1.12298464996334E+0001
2.300  2.30000020000000E+0000  7.58601953036029E+0000  7.05720284277511E+0000
0.565  7.09468571881752E+0000  6.52156403854360E-0001  5.39934075736654E+0000
0.852  9.12576193486036E+0000  4.71122792575932E+0000  8.23965340677430E+0000
1.121  8.87899979922602E+0000  7.45102848851247E+0000  1.15888464949056E+0001
2.379  2.37900022438890E+0000  7.62099973777471E+0000  2.37900020000000E+0000
0.808  8.36537253182500E-0001  4.80718392647572E+0000  7.19473750885178E+0000
0.542  2.86600468794132E+0000  6.15979907268030E-0001  5.69230134675797E+0000
1.278  1.95500819087433E+0000  1.27859493391328E+0000  1.14314414934674E+0001
0.606  6.72072613467100E-0001  6.56641836000153E+0000  4.72997600068125E+0000
2.202  4.24895493516209E+0000  5.44998549920017E+0000  1.05078465046393E+0001
0.967  9.69982427819260E-0001  5.90075192439867E+0000  1.17406509155274E+0001
0.900  4.98317907270455E+0000  9.06680026169313E+0000  9.33403106570240E-0001
0.850  9.11586535731736E+0000  9.11755137703931E+0000  4.89578663799965E+0000
0.475  9.37572301314640E+0000  6.36361148646580E-0001  9.31386837571875E+0000
0.997  9.00299980000000E+0000  9.00299980000000E+0000  1.01529026532670E+0001
1.325  4.94637472027455E+0000  8.67499976159037E+0000  4.83201700615378E+0000
1.216  4.91840613468802E+0000  1.21982753526426E+0000  1.22033350196785E+0000
2.134  7.57818165164320E+0000  2.17807674322817E+0000  7.81126978247880E+0000
0.455  5.03764023955341E+0000  2.94945629732352E+0000  8.93322057235713E+0000
2.479  7.51791826642236E+0000  7.51582690608205E+0000  7.38425162319381E+0000
1.281  1.28522052269917E+0000  3.73900748440018E+0000  1.12052057316106E+0001
1.712  5.33397333143465E+0000  1.71543001199150E+0000  1.09780619360378E+0001
0.642  9.28613592757294E+0000  4.81114291585012E+0000  2.71091070727088E+0000
0.745  6.52946627224546E+0000  4.72518187888816E+0000  8.73602837335549E+0000
1.227  1.22700122782306E+0000  1.22700117912371E+0000  4.93180299590494E+0000
1.243  5.02926925121462E+0000  4.34266029048597E+0000  7.34036035057359E+0000
0.799  8.42387361832270E-0001  9.15913281083523E+0000  4.75849706113809E+0000
0.749  4.97796050044557E+0000  8.11060692703170E-0001  7.42685132504250E+0000
1.161  8.83899980000000E+0000  1.16100022105223E+0000  4.94196315108182E+0000
1.000  8.97039458056475E+0000  4.74376267355371E+0000  1.02055468380208E+0000
1.812  8.18799980000000E+0000  4.72211881552325E+0000  1.07654009763886E+0001
0.960  4.03756709229496E+0000  9.03999960141643E+0000  1.17498464981440E+0001
1.149  1.14900020000000E+0000  5.19555884407697E+0000  9.26094979384038E+0000
2.247  2.33366332966350E+0000  2.24700020000000E+0000  8.06287049445068E+0000
1.665  1.66500031940680E+0000  8.29933042462813E+0000  1.09054745443274E+0001
 1.27098467046393E+0001
