1.553  1.55300020000000E+0000  1.55300020000000E+0000  4.18682322825820E+0000
1.431  8.56899980000000E+0000  3.56899979916252E+0000  8.27212540100774E+0000
1.557  6.36337138906720E+0000  1.55700020000000E+0000  8.14880751640230E+0000
1.409  6.12581412683891E+0000  3.59099980000000E+0000  5.98133366812128E+0000
1.256  1.25600033823677E+0000  1.25600021203717E+0000  8.71679427856489E+0000
1.561  3.96494912835758E+0000  1.56100020000000E+0000  6.15645182795449E+0000
1.641  1.64100020000000E+0000  3.35899980000000E+0000  1.06717314543605E+0001
1.283  8.62210925198219E+0000  3.69487437307310E+0000  3.73879461897938E+0000
1.267  6.36482233886372E+0000  3.72201226310063E+0000  1.00538722183511E+0001
1.596  1.59600020000000E+0000  3.40399950263485E+0000  1.59600020000000E+0000
1.647  8.34393160765485E+0000  1.64700036251554E+0000  1.06657313858318E+0001
1.637  8.36299980000000E+0000  1.63766080343896E+0000  1.63700020000000E+0000
1.572  1.57200020371881E+0000  3.42799978680446E+0000  6.93349722371149E+0000
1.554  8.44599980000000E+0000  1.75311575039390E+0000  5.84608722551303E+0000
1.509  5.82373925453274E+0000  3.49099979822418E+0000  1.51613142004480E+0000
1.476  3.80637059358715E+0000  3.52399980000000E+0000  3.72603518678314E+0000
1.544  6.08316376406476E+0000  1.54400020000000E+0000  3.85337986174629E+0000
1.398  3.80977563582282E+0000  1.39800021953924E+0000  1.39800062635447E+0000
1.411  4.19948898422768E+0000  3.58567423091247E+0000  8.34788865290096E+0000
1.633  4.42307494520590E+0000  1.63300020000000E+0000  1.06797315108563E+0001
 1.23127317108563E+0001
