2.148  7.85199980000000E+0000  2.14800020000000E+0000  3.24240188139655E+0001
1.670  5.01353859805314E+0000  1.67000021553849E+0000  1.06785117280762E+0001
0.736  8.77273462402261E+0000  8.80885995261720E-0001  1.05752135842557E+0001
1.812  1.81200022304107E+0000  3.18799980000000E+0000  2.06473138268511E+0001
2.148  2.14800020000000E+0000  2.14800022805054E+0000  3.24240185170122E+0001
1.670  8.32999980000000E+0000  1.67000024088596E+0000  5.57985643071110E+0000
0.736  9.29414087361000E-0001  8.68589593696410E-0001  1.06642302783357E+0001
1.812  8.14760076826510E+0000  3.13149652374567E+0000  1.89448680474374E+0000
2.148  7.85199980000000E+0000  2.14800027758147E+0000  3.69167242973549E+0001
1.670  8.32867001362236E+0000  1.67231540592335E+0000  1.65867983693342E+0001
0.736  9.31748020968220E-0001  8.65735466877830E-0001  8.21079170341620E+0000
1.812  5.26411605036168E+0000  3.18799980000000E+0000  1.59204647653707E+0001
2.148  7.85199980000000E+0000  2.14800023425762E+0000  2.79313127839153E+0001
1.670  4.86626890873215E+0000  1.67000023576029E+0000  2.22576262615099E+0001
0.736  8.99009988130920E-0001  4.17387880749710E+0000  2.31790852574240E+0001
1.812  4.99999978994077E+0000  3.18799980000000E+0000  2.53884600665646E+0001
2.148  2.14800020000000E+0000  2.14800020000000E+0000  3.69167243468471E+0001
1.670  5.64808408365664E+0000  3.32999980000000E+0000  4.48106983019605E+0000
0.736  8.88990554672356E+0000  8.35245001414570E-0001  3.06129537236607E+0000
1.812  1.81200020000000E+0000  3.18799980000000E+0000  1.70233134253440E+0001
2.148  2.20726892313107E+0000  2.14800020000000E+0000  1.32228178562879E+0001
1.670  4.94246984337878E+0000  1.67000020000000E+0000  1.67000020000000E+0000
0.736  9.16137409626486E+0000  7.85509157650550E-0001  3.46704101045753E+0001
1.812  1.81200021419297E+0000  1.81200020000000E+0000  2.39999253318078E+0001
2.148  2.14800020000000E+0000  2.14800020000000E+0000  2.79313132806686E+0001
1.670  5.00000018444835E+0000  3.32999980000000E+0000  3.01776658508721E+0001
0.736  9.91712550052880E-0001  4.09908311423119E+0000  2.56403027216060E+0001
1.812  8.18602506682256E+0000  1.81287565035079E+0000  2.39993331905859E+0001
2.148  7.85199976171204E+0000  2.85199951237008E+0000  2.01923373967557E+0001
1.670  4.99999995055572E+0000  3.32999980000000E+0000  3.46703714801055E+0001
0.736  9.60517708316770E-0001  4.09807146999823E+0000  3.01969358857867E+0001
1.812  8.18799980000000E+0000  3.18799979637494E+0000  9.01055961954412E+0000
2.148  7.85199980000000E+0000  2.85199973210984E+0000  1.29419475936975E+0001
1.670  5.51422972141971E+0000  1.67000020000000E+0000  7.37625323884242E+0000
0.736  8.75837570319191E+0000  4.15242826153429E+0000  1.70731041727741E+0001
1.812  1.81200020048313E+0000  3.18799980000000E+0000  9.42232228719186E+0000
2.148  2.15949597505133E+0000  2.14800020000000E+0000  5.61716123659711E+0000
1.670  4.44272864055192E+0000  1.67000020692050E+0000  1.89445889099094E+0001
0.736  8.08601428682670E-0001  4.20692681289098E+0000  1.16479555100777E+0001
1.812  1.81200020118473E+0000  3.18799980000000E+0000  1.81200020000000E+0000
 3.90647245468471E+0001