0.630  7.01272054790470E-0001  1.93705632829364E+0000  7.17974443077390E-0001
0.981  4.30506545811632E+0000  1.07043539309829E+0000  9.81000200000000E-0001
0.630  6.03824390876660E+0000  2.37500720368591E+0000  8.74776005201720E-0001
0.981  3.44427744234527E+0000  7.61163927796980E+0000  9.81000200000000E-0001
0.630  7.08264667348530E-0001  6.75598716019750E-0001  1.12980021657462E+0000
0.981  2.29222790609999E+0000  1.27868442547756E+0000  9.81000200000000E-0001
0.630  4.51742695952750E+0000  2.79178518155829E+0000  8.16786581294580E-0001
0.981  1.07837149976956E+0000  5.58854642603571E+0000  9.81000200000000E-0001
0.630  5.44425639287098E+0000  3.90477265641094E+0000  8.71668155439080E-0001
0.981  4.70426197120054E+0000  5.54950261532242E+0000  9.81000200000000E-0001
0.630  5.42841627959559E+0000  7.36506156808161E+0000  8.66674805655770E-0001
0.981  1.11815392717651E+0000  3.53911209243573E+0000  9.81000200000000E-0001
0.630  7.74176583322818E+0000  1.96998662122659E+0000  8.60594788044800E-0001
0.981  1.15146439543519E+0000  7.71530017756445E+0000  9.81000200000000E-0001
0.630  2.86296791962534E+0000  5.68599331363333E+0000  8.32995921495930E-0001
0.981  7.55470535526415E+0000  3.86949653277116E+0000  9.81000200000000E-0001
0.630  5.94152535603538E+0000  7.36289717988310E-0001  7.89745711208160E-0001
0.981  3.17635282707065E+0000  3.88196670660490E+0000  9.81000200000000E-0001
0.630  7.22566582606806E+0000  7.29065205879050E-0001  9.65364660750560E-0001
0.981  7.02243498319611E+0000  6.13750768145191E+0000  9.81000200000000E-0001
 1.96200040000000E+0000