0.978  1.79489506512836E+0000  2.11212994477391E+0000  2.15346629413510E+0000
0.936  9.05176553874981E+0000  4.06399964028559E+0000  9.36000203021110E-0001
0.808  3.39296609081390E+0000  2.12722830893365E+0000  8.08000200000000E-0001
0.531  2.29043672960110E+0000  5.31028177069420E-0001  5.31006001645830E-0001
0.660  6.60000286626230E-0001  4.33999958036246E+0000  2.42839104890827E+0000
0.819  4.92559932229986E+0000  2.78008176220930E+0000  8.19014847792850E-0001
0.590  6.37078902673357E+0000  6.06526760754100E-0001  6.05917819791490E-0001
0.759  2.15292688784745E+0000  3.08398961482797E+0000  7.59000234739450E-0001
0.874  9.12599936614865E+0000  8.74000549074750E-0001  2.16615722004643E+0000
0.691  7.45921204600970E+0000  4.28958413986474E+0000  6.91002561474510E-0001
0.738  7.38078810814860E-0001  7.38909818565890E-0001  2.39607602414519E+0000
0.730  9.26780396148904E+0000  2.05019481023548E+0000  7.32408642232200E-0001
0.621  4.89665241135437E+0000  6.27031352844530E-0001  2.50916703167923E+0000
0.888  7.78275456968707E+0000  4.07901648941888E+0000  2.24610083551025E+0000
0.534  1.97688539737106E+0000  5.34022772044480E-0001  2.60009683741379E+0000
0.523  7.80837343324103E+0000  5.29739221864700E-0001  2.58779517009007E+0000
0.884  8.84000532662270E-0001  4.11599949972726E+0000  9.14668570041350E-0001
0.446  4.59364290790740E-0001  1.73132401521808E+0000  1.75729474247057E+0000
0.627  2.04011672220917E+0000  1.66554731228089E+0000  6.29111720852210E-0001
0.974  6.41767391925199E+0000  9.74000233014490E-0001  2.16010032954040E+0000
0.582  3.71810294171255E+0000  4.36297432707815E+0000  2.52584055051636E+0000
0.435  7.82715452790452E+0000  2.83208391714539E+0000  2.69776121319039E+0000
0.584  5.14717226572929E+0000  4.41559450294771E+0000  5.84403902302270E-0001
0.771  7.71000256171100E-0001  2.42745612807137E+0000  7.71000398769080E-0001
0.661  9.33899703131539E+0000  6.61006060751450E-0001  6.61001190187900E-0001
0.985  5.21906278392161E+0000  3.99655773515656E+0000  2.14910081037322E+0000
0.562  2.27185595737090E+0000  4.42359544816354E+0000  5.81246430853560E-0001
0.849  3.58176150840454E+0000  2.85398793936793E+0000  2.28510109548852E+0000
0.963  4.89517193044239E+0000  1.00416601897223E+0000  9.63000257654530E-0001
0.497  6.52355462505566E+0000  4.50299941783675E+0000  2.63710064852042E+0000
0.657  9.34299980000000E+0000  4.34299963492477E+0000  2.47710108364341E+0000
0.494  1.01720712266039E+0000  3.26329188786101E+0000  2.64010089705963E+0000
0.741  6.28047247290533E+0000  1.97603542202490E+0000  7.46724858878700E-0001
0.476  4.76000420470930E-0001  2.45851008437950E+0000  2.65810040286127E+0000
0.897  7.81716094681589E+0000  8.97000327533470E-0001  8.97012194868860E-0001
0.914  9.08599980000000E+0000  2.73267894812460E+0000  2.22010100830341E+0000
0.605  3.42161564880642E+0000  6.05107911908730E-0001  6.05124394833510E-0001
0.557  6.56881302693391E+0000  4.44299750678385E+0000  1.55191118791467E+0000
0.501  5.01001000539330E-0001  3.12313810156263E+0000  1.80110435330213E+0000
0.809  5.07604259037832E+0000  2.13670866251578E+0000  2.32510065850312E+0000
0.949  3.70342672678135E+0000  4.05099980000000E+0000  9.49000204126630E-0001
0.972  3.37683421555823E+0000  9.72000202972010E-0001  2.16210108966815E+0000
0.926  7.76416268107868E+0000  2.71899972914040E+0000  9.26000324931900E-0001
0.472  6.19120085661499E+0000  4.52799403212061E+0000  4.72016343409410E-0001
0.856  6.60573762856858E+0000  2.79249139745034E+0000  2.27810096801172E+0000
0.956  2.22882045136266E+0000  4.04399979285451E+0000  2.17810104885118E+0000
0.683  7.86047678585273E+0000  1.73511057261591E+0000  2.45110098848064E+0000
0.830  8.55989722595770E-0001  8.30000368011180E-0001  8.35146514152530E-0001
0.538  2.01995739357145E+0000  7.27016788170380E-0001  1.54648778371402E+0000
0.701  6.30058299247522E+0000  3.42668214622347E+0000  8.60720020478820E-0001
 3.13410129548852E+0000
