1.518  1.90672487709741E+0000  4.42459428351040E+0000  1.51800327509668E+0000
1.463 -8.36713967313700E-0001  2.32806332039642E+0000  1.65997893679948E+0000
1.513  4.82015314103210E+0000 -1.64290938649590E-0001  1.66327130386135E+0000
0.780 -2.88355700406010E+0000  2.58715473827686E+0000  7.80001354018900E-0001
0.567 -4.61869001492454E+0000  3.44781276816110E+0000  2.04867416817974E+0000
0.829 -5.43731017979345E+0000 -8.73027867909990E-0001  6.17099966634984E+0000
0.600  1.80039860920648E+0000 -5.44607247948031E+0000  6.00000658715620E-0001
0.673 -4.06564450586675E+0000 -3.93407417998207E+0000  6.83055050451570E-0001
1.327 -4.71054463029933E+0000  1.69140786525747E+0000  1.32700031914301E+0000
1.422 -6.13625194728860E-0001  4.87548830217030E+0000  3.17914871999606E+0000
0.764 -5.11635463746506E+0000  2.20670919636374E+0000  3.31246398427953E+0000
1.367 -1.84047250411334E+0000 -2.35466491458657E+0000  3.31444788538000E+0000
1.598  2.03597918312304E+0000 -4.27819820602262E+0000  5.36490785796355E+0000
0.916 -3.81381530849944E+0000  3.84344174715200E+0000  5.96000678213925E+0000
1.080  2.02160605389080E-0001 -5.25206228557419E+0000  1.08000045435924E+0000
1.480  4.15360391818430E+0000 -2.37222967867197E+0000  3.82210012200670E+0000
1.104  5.12721320364710E+0000 -1.04163699688040E+0000  5.87848819279057E+0000
1.348 -3.53838422548201E-0002 -2.85061697846705E+0000  1.34800039955535E+0000
1.266  4.35799009697440E+0000  2.59081800478391E+0000  1.26600030308511E+0000
1.495 -4.05335133108530E-0001 -4.82010485030877E+0000  3.54474993256233E+0000
1.141 -4.05606449996847E+0000 -3.24589963027600E+0000  2.54833981580206E+0000
1.316  8.75503600022390E-0001  4.94301666182980E+0000  5.68399976449668E+0000
0.619 -4.89677963783938E+0000 -2.94120721383239E+0000  6.26128431599010E-0001
1.360 -2.21713287716226E+0000 -4.45470603776698E+0000  1.36000666940997E+0000
0.532 -4.92695548466505E+0000  3.06524603548320E+0000  6.46649886442853E+0000
0.698 -3.34593142205386E+0000  3.22657694232190E-0001  7.03918140880670E-0001
1.431 -1.61485458516820E+0000  1.93881568384101E+0000  5.56899970453670E+0000
1.241 -2.39967294712086E+0000  4.49445247452670E+0000  1.24100046335352E+0000
1.247  2.44232230264417E+0000 -1.48923825189771E+0000  5.75299973542286E+0000
0.903  4.55954240726170E+0000 -2.95424101774257E+0000  6.09699970146503E+0000
0.936 -1.39511652088761E+0000 -4.98989427914493E+0000  6.06399812343675E+0000
1.426 -4.79448920990726E+0000 -1.05853142259848E+0000  1.42600030479367E+0000
1.147  3.78650258413240E+0000  3.54790057496970E+0000  3.40608695327321E+0000
0.746  3.73772741092110E+0000  1.70714451127982E+0000  2.96410198588082E+0000
0.779  5.28179543497670E+0000  1.72694926153665E+0000  2.87296691750673E+0000
1.350  2.65726174102444E+0000  5.91995111584804E-0002  3.67905557985513E+0000
1.191  4.31421224230400E+0000 -2.80323074127095E+0000  1.19100025263347E+0000
0.912  5.41284114417050E+0000 -3.46995971059750E-0001  4.00761941464559E+0000
0.939 -5.37429759180367E+0000  4.81156127868240E-0001  3.12623658661093E+0000
0.780 -4.18144266159434E+0000  3.65720667097420E+0000  7.81195935176590E-0001
0.567  5.58965604421710E+0000  1.42707874000016E+0000  5.67000343080640E-0001
0.829 -3.25027153947255E+0000 -2.59509446053545E+0000  8.33208742075640E-0001
0.600  1.27715891340340E+0000  5.59195846346790E+0000  3.16931878534388E+0000
0.673 -1.22326012057419E+0000  2.82467299145336E+0000  3.70117541261416E+0000
1.327 -1.75545665247775E+0000  4.69126575058320E+0000  5.67299962720543E+0000
1.422  1.91243229586316E+0000  1.48616544711197E+0000  1.42200021397477E+0000
0.764  3.65005098116500E+0000  4.44583995212398E-0002  6.23599973345898E+0000
1.367 -4.69782206406082E+0000 -1.45997915777881E+0000  4.18830858984125E+0000
1.598  9.84509758461590E-0001  2.48996430248881E+0000  4.11490759153168E+0000
0.916 -2.73678322655530E-0001  5.39617088376460E+0000  9.20619680397940E-0001
1.518 -2.73813800899110E+0000  4.18120124944730E-0001  2.93398039676433E+0000
1.463  4.58692685088920E+0000  1.64492080395913E+0000  5.00298927773396E+0000
1.513  2.29117111214530E+0000 -4.24068333457397E+0000  2.26461829090476E+0000
0.780  2.18816313346300E-0001 -5.55163793510535E+0000  6.21999294513051E+0000
0.567  3.91864635009400E+0000 -4.23379485559920E+0000  6.43299960618692E+0000
0.829 -2.91219378092137E+0000 -4.63172593108660E+0000  3.45794141202068E+0000
0.600  2.60903999667299E-0002  3.91068291973970E+0000  6.19595680290870E-0001
0.673 -2.20231361498456E+0000 -5.21716782063654E+0000  4.69080236516860E+0000
1.327  1.05548031392026E+0000 -2.10281536949650E+0000  3.67317500913694E+0000
1.422 -2.36786182035042E+0000 -8.13003799640230E-0001  5.57799962057477E+0000
0.764 -1.90630259154339E+0000  5.88674347957610E-0001  7.67026151466050E-0001
1.367  2.18540792006322E+0000 -1.28889912749271E+0000  1.36700021055668E+0000
1.598 -4.56107511005994E+0000  1.25562988343379E+0000  5.40199964201022E+0000
0.916  2.33607957458761E+0000  4.89066375643650E+0000  3.99704752624135E+0000
1.080  1.99232933790319E+0000  7.87722131887360E-0001  5.91999974042029E+0000
1.480 -3.30323208951008E+0000 -3.55934401805102E+0000  5.51239264426871E+0000
1.104 -1.87753946091854E+0000 -1.25084658030731E+0000  1.10400205774180E+0000
1.348 -5.55217275654010E-0001 -2.90626606546657E+0000  5.65199978507828E+0000
1.266  3.23762261027800E+0000  3.90156559772200E+0000  5.73399951766538E+0000
1.495 -3.28495777227366E+0000  3.49116299888470E+0000  3.62750029758190E+0000
ro=1 R=6.33595243164363E+0000
