1.199  8.61786317453212E+0000  6.30099980000000E+0000  2.42296652823878E+0000
1.501  6.08297596265992E+0000  5.99899980000000E+0000  1.54367955895097E+0000
0.744  4.09285620993478E+0000  2.06218677812185E+0000  7.58439244671180E-0001
0.878  5.67759625878856E+0000  3.75129400609191E+0000  8.78000201486320E-0001
1.520  1.52000036404405E+0000  5.97999973938384E+0000  1.52000112001184E+0000
1.043  3.80474035840034E+0000  6.45699871214119E+0000  2.57896628996634E+0000
0.708  3.48556370934761E+0000  7.23282800940460E-0001  7.55638646778480E-0001
1.521  3.60967972446728E+0000  3.84563382850016E+0000  2.09044579672864E+0000
0.755  3.81323127747306E+0000  6.00931505737394E+0000  7.88317363069720E-0001
0.949  1.21363002941084E+0000  3.70239433293810E+0000  2.67296653598798E+0000
1.199  8.80099980000000E+0000  1.19900020192922E+0000  1.19900025644519E+0000
1.501  8.16133173288737E+0000  3.80469069116569E+0000  1.50100021588197E+0000
0.744  7.89301319935071E+0000  7.62443710377090E-0001  2.87065966277885E+0000
0.878  8.78000216920980E-0001  3.76052294109646E+0000  8.78000200000000E-0001
1.520  1.52000021242412E+0000  1.54073536259298E+0000  1.52000023087508E+0000
1.043  3.80031188901840E+0000  1.04300025285833E+0000  2.57896651013639E+0000
0.708  9.29199980000000E+0000  6.79199970063419E+0000  7.08000209430780E-0001
1.521  6.13537543960883E+0000  1.52100027195489E+0000  1.63393086918583E+0000
0.755  9.16132681567205E+0000  2.24411378343973E+0000  2.84549860103646E+0000
0.949  6.00992696230072E+0000  3.82601146395963E+0000  2.67296652873112E+0000
 3.62196673598798E+0000
