1.560  3.79231810719718E+0000  3.43999980000000E+0000  1.43842381999631E+0001
1.436  5.13411728282515E+0000  1.43600020000000E+0000  7.71991492322713E+0000
1.518  5.93729771669879E+0000  3.41547199201543E+0000  1.21768533300752E+0001
1.491  1.49100020000000E+0000  1.49100020000000E+0000  6.88353490758465E+0000
1.603  8.39630553346395E+0000  1.60374270417659E+0000  1.60955557049711E+0000
1.430  1.43000020000000E+0000  1.43000020000000E+0000  9.84005253223438E+0000
1.502  3.68190708470334E+0000  3.49799980000000E+0000  3.80647357897792E+0000
1.555  8.44499980000000E+0000  3.44499980000000E+0000  4.17924022691966E+0000
1.639  8.36099980000000E+0000  1.63900020000000E+0000  6.81228939665693E+0000
1.381  3.42001416638972E+0000  3.61806504844291E+0000  6.79258841611288E+0000
1.498  3.95832123845013E+0000  1.49800020252394E+0000  1.49800020000000E+0000
1.477  1.47700020000000E+0000  1.47700020000000E+0000  1.44807103558699E+0001
1.549  6.02811303661731E+0000  1.54900020000000E+0000  3.73352528230146E+0000
1.269  1.26917762264724E+0000  3.73066437457812E+0000  5.24836913668174E+0000
1.456  6.06084279439504E+0000  1.45600020322156E+0000  1.45017103483923E+0001
1.516  6.89552709608911E+0000  3.48399980000000E+0000  8.91047756185113E+0000
1.347  8.65299979170657E+0000  3.65299967554330E+0000  1.12955074054312E+0001
1.656  3.85015586634973E+0000  3.34399980000000E+0000  9.78666284301333E+0000
1.592  8.40799975064111E+0000  3.40799980000000E+0000  1.43657103481076E+0001
1.263  1.26300023399323E+0000  3.73699980000000E+0000  8.46088073982890E+0000
1.281  5.90370850456591E+0000  1.28588094125029E+0000  1.03489569900813E+0001
1.253  3.78701283113701E+0000  1.25300020000000E+0000  5.39988394152500E+0000
1.320  7.87696705663239E+0000  1.32000020000000E+0000  1.24066268357580E+0001
1.444  6.06125381894561E+0000  3.55561324326978E+0000  1.45067931809202E+0000
1.440  1.57826172747116E+0000  1.44010565881121E+0000  3.83511071365729E+0000
1.408  3.80901272884863E+0000  1.40800073912405E+0000  1.22209556284863E+0001
1.423  6.11981556608303E+0000  3.57599650700168E+0000  6.03573379133712E+0000
1.587  1.58700020000000E+0000  3.41299980000000E+0000  1.21083900038628E+0001
1.369  8.63099980000000E+0000  1.36900020000000E+0000  9.82597640042160E+0000
1.572  1.57200020000000E+0000  3.42799977670942E+0000  1.57200020000000E+0000
 1.59577105558699E+0001