1.171  1.26156828239971E+0000  1.25408536801273E+0000  5.93281175627796E+0000
0.680  5.72162003350230E+0000  7.19747783753564E+0000  7.61731680010460E-0001
1.229  1.22900024549275E+0000  2.98933067052775E+0000  7.59048053157786E+0000
1.136  1.13600032738367E+0000  6.76399967049987E+0000  1.13600020499417E+0000
1.309  3.56896584387689E+0000  6.58959213352324E+0000  1.31225296638198E+0000
1.119  1.11900020000000E+0000  1.11900020648139E+0000  3.65124908868001E+0000
1.189  5.31099979164261E+0000  6.71099980000000E+0000  4.99178875291497E+0000
1.210  5.28999855899054E+0000  1.21000020813810E+0000  1.37271376569989E+0000
0.934  5.56599957762639E+0000  4.88732186006971E+0000  6.04834208121123E+0000
0.566  2.80925058639400E+0000  3.87214308401952E+0000  8.19888374206795E+0000
1.430  1.43000021356716E+0000  6.27510499077528E+0000  3.63778040790904E+0000
0.850  3.33020965335409E+0000  8.50000203890970E-0001  8.50000200000000E-0001
0.612  3.50197396541382E+0000  7.19677677707354E+0000  5.19460347575372E+0000
0.891  8.91000244469250E-0001  8.91000245590100E-0001  7.92848061736835E+0000
0.900  5.59999980000000E+0000  3.24286588137437E+0000  9.00000200000000E-0001
0.950  5.54899341563012E+0000  5.56264160768637E+0000  9.50612534946620E-0001
1.551  1.57411185057287E+0000  4.14197777904192E+0000  1.55577607331122E+0000
0.947  3.70798987129259E+0000  6.95299979044835E+0000  3.60100003924851E+0000
0.961  5.50394516497131E+0000  6.91023542659508E+0000  2.61479753875074E+0000
1.484  1.53843029762263E+0000  3.51717293263029E+0000  4.57236713671981E+0000
2.134  4.35498048041689E+0000  2.14139504145741E+0000  6.68548061953677E+0000
0.569  3.97344152396637E+0000  4.77006401837540E+0000  5.69853365664285E+0000
0.760  3.73378873002484E+0000  4.56114515371883E+0000  7.67675135547940E-0001
0.772  2.76830976108438E+0000  7.99890822549850E-0001  4.61530585864239E+0000
1.914  2.05768933400639E+0000  5.94271884464274E+0000  6.90548060821878E+0000
1.274  1.28180086064115E+0000  1.34395200382144E+0000  1.27420022198346E+0000
1.889  4.56078637523502E+0000  4.26778397056903E+0000  3.27657368630421E+0000
0.774  5.69720349059383E+0000  4.43105641995199E+0000  7.97541739092174E+0000
0.593  6.38145332327260E-0001  2.59216333789643E+0000  2.79291788623733E+0000
0.611  2.45429660684393E+0000  6.77850705961200E-0001  8.12752620919723E+0000
1.202  3.23618104934820E+0000  1.51807031425704E+0000  2.78792346472026E+0000
1.323  5.17699970340927E+0000  6.57422011936381E+0000  7.49648061855261E+0000
0.957  3.64939252385740E+0000  2.73243595670407E+0000  9.85194062855140E-0001
1.145  5.35499980000000E+0000  1.14500020506786E+0000  3.72591945739579E+0000
0.762  4.17273750525310E+0000  4.72791291609420E+0000  8.03878919364104E+0000
a=6.5 b=7.9 h=8.81948081953677E+0000
