1.063  8.93699979667890E+0000  8.93699969345874E+0000  6.31234966947150E+0000
1.458  4.77321116185258E+0000  5.24634617354351E+0000  3.30208132876746E+0000
1.571  6.42993170815514E+0000  4.83552524457172E+0000  5.80434969037631E+0000
1.096  8.90399977900201E+0000  3.96016574450350E+0000  6.27934929319092E+0000
1.661  1.66100028720711E+0000  1.66100048412674E+0000  5.71434972445909E+0000
1.254  8.74599936539702E+0000  6.42170795346075E+0000  6.12134652641104E+0000
0.961  1.02797377885162E+0000  4.90304430890870E+0000  6.38541192213983E+0000
2.336  2.42134205180610E+0000  7.66399980000000E+0000  5.03934976554466E+0000
1.697  5.22031822909619E+0000  1.73025808338445E+0000  5.60487827304343E+0000
2.177  7.82299980000000E+0000  7.31388794103581E+0000  2.17700022068790E+0000
1.308  1.35411307926597E+0000  8.65572852559464E+0000  1.41846454773271E+0000
0.661  5.66915959907334E+0000  9.22400873772366E+0000  3.50561473165209E+0000
0.742  8.23069103272460E-0001  8.70388376654070E-0001  8.67295851335970E-0001
0.777  9.00745110320830E+0000  9.05250295414246E+0000  4.35526746090801E+0000
0.715  7.97030742249440E-0001  3.37269219665348E+0000  8.31320981949690E-0001
1.063  5.89563416112373E+0000  4.95977048633225E+0000  1.06300022344735E+0000
1.458  8.54199970303932E+0000  1.45800029672895E+0000  5.91734972658498E+0000
1.571  4.27735085041144E+0000  8.42880673934786E+0000  1.68671654510352E+0000
1.096  8.87437391366321E+0000  4.95941110936954E+0000  4.24919791550132E+0000
1.661  1.66100020000000E+0000  5.66784191535388E+0000  1.66100020000000E+0000
1.254  1.28634871007968E+0000  4.26624594606484E+0000  4.24412350724958E+0000
0.961  4.16542617941830E+0000  6.00532369382739E+0000  9.61274640187610E-0001
2.336  7.66399980000000E+0000  2.35102404381095E+0000  2.33600023328489E+0000
1.697  6.37671117873810E+0000  8.12424598429111E+0000  5.67834972834929E+0000
2.177  3.15591783999526E+0000  2.17700020000000E+0000  2.21732052936117E+0000
1.308  3.43862157155243E+0000  4.21691202648544E+0000  5.98810092562279E+0000
0.661  6.23599042021818E+0000  9.27507546220177E+0000  7.35531909740890E-0001
0.742  8.02657096204290E-0001  8.30875030101480E-0001  3.46696348886289E+0000
0.777  9.03942436751865E+0000  4.84440422677168E+0000  8.63399188636100E-0001
0.715  5.40011824973545E+0000  7.98687695503020E-0001  7.98056580727150E-0001
 7.37534996554466E+0000