1.158  3.75620315633850E+0000  4.15662876229450E+0000  1.08419965927926E+0001
1.554  3.23928449173801E-0001 -5.19629137599913E+0000  1.04459998000000E+0001
1.630  2.43543891470030E+0000 -4.51546435009530E+0000  8.16217452138610E+0000
1.679  1.29068028574670E+0000  2.09610189355600E+0000  4.35152380271837E+0000
1.648  4.07133192169560E+0000 -3.09203308664802E+0000  1.83916070291005E+0000
1.674 -8.30177974917300E-0001  5.01815172694900E+0000  5.60906807882085E+0000
0.663 -2.96921496770357E+0000  5.24630396749430E+0000  4.48234631744243E+0000
1.963 -1.41894275887640E+0000  1.35870022129240E+0000  6.67065060417877E+0000
2.015 -3.99531587417357E+0000 -2.54718637973127E+0000  7.57237517442804E+0000
1.018 -1.22053605867220E+0000  1.47945840591870E+0000  1.09473685624044E+0001
0.471  5.47502768596510E+0000  2.79618439647920E+0000  5.98096643767770E-0001
2.022 -1.70018457061230E+0000  4.42284985993560E+0000  2.04126883594990E+0000
2.418 -1.71891738075790E+0000  8.04936587429950E-0003  2.51385817357278E+0000
0.617 -3.44837123248747E+0000 -5.04430214874495E+0000  8.37848122424121E+0000
1.480  4.94439664064120E+0000  1.82348265483970E+0000  1.05199995843383E+0001
2.300 -3.74835328744499E-0001 -1.48680481806280E+0000  9.66833569837790E+0000
0.565 -4.31383678908773E+0000  4.35740206126460E+0000  2.63367910477135E+0000
0.852  5.59134114524020E+0000 -1.88142507742310E+0000  3.42794301779903E+0000
1.121  1.36881887169930E+0000  1.03291831811840E+0000  1.12100028263497E+0000
2.379  2.24376450690899E-0001 -4.37562934578946E+0000  2.37900025443729E+0000
0.808 -1.14485069435170E+0000  2.76422323897700E+0000  4.28236531204758E+0000
0.542  6.02698789583250E+0000  9.01812174009800E-0001  4.65440755315412E+0000
1.278  1.27723252769500E+0000  5.33152212646820E+0000  3.56580039247947E+0000
0.606 -4.51406523289901E-0001  6.12335863511350E+0000  3.63009381187264E+0000
2.202  4.50176360783970E+0000  7.16197066858999E-0001  2.20608700329319E+0000
0.967 -5.02148232329139E+0000  2.88928161278860E+0000  6.99370182972141E+0000
0.900 -3.07210989146806E+0000 -6.96990663506300E-0001  5.48601804637014E+0000
0.850 -3.12837129263539E+0000 -1.09746203855660E+0000  1.11492443248247E+0001
0.475 -4.95833054720516E+0000 -3.70586824425868E+0000  5.39599664845668E+0000
0.997  8.26260242901800E-0001  5.70384299953810E+0000  9.97000250792040E-0001
1.325 -5.07545801702652E+0000 -1.94501013650880E+0000  1.06749997896999E+0001
1.216 -5.48877778334603E+0000  7.83230367487899E-0001  3.43341541551600E+0000
2.134  4.32599716521800E+0000 -1.63985538152390E+0000  9.68676045040298E+0000
0.455 -9.74296867665201E-0001 -3.70415029573349E+0000  1.14513253626591E+0001
2.479  3.72810544779799E-0001  4.26511585768620E+0000  9.51208382823188E+0000
1.281  3.61565086666040E+0000  4.11711551156280E+0000  3.52351313787901E+0000
1.712  2.19256525812760E+0000  1.08790409899800E+0000  7.46632623428864E+0000
0.642 -1.56089919918690E+0000 -5.90599768356562E+0000  1.13461426696229E+0001
0.745  5.72948547878090E+0000 -1.62594481697400E+0000  7.96172688839050E-0001
1.227  5.41440051565840E+0000  1.14128894758500E+0000  7.94287713599518E+0000
1.243 -3.12337948769603E+0000  4.54818261282350E+0000  1.07569998000000E+0001
0.799  2.67116731639780E+0000  5.30100131194070E+0000  8.52960832960170E-0001
0.749 -1.93095259929500E-0001  2.31513739040710E+0000  8.07630956391280E-0001
1.161  3.24901776669380E+0000 -4.54756217064034E+0000  1.08355967532709E+0001
1.000  4.61351005805300E+0000 -3.44927133040015E+0000  7.14406241732734E+0000
1.812  4.85219829068550E+0000 -9.70883215614000E-0001  5.83143638944927E+0000
0.960 -1.01068999988200E+0000 -5.71164556820511E+0000  5.17874964035573E+0000
1.149  4.06692275733040E+0000  3.86622645660810E+0000  1.14900026521721E+0000
2.247 -4.28601795880205E+0000  1.41443739950090E+0000  9.75299980000000E+0000
1.665 -3.99499538202673E+0000  3.04134504043410E+0000  4.57489474394392E+0000
1.553 -5.18210554861769E+0000  5.12417118916201E-0001  6.17202377477507E+0000
1.431  4.01941279608900E+0000  3.49951127151660E+0000  8.32699729324767E+0000
1.557  2.42544316480970E+0000  4.60351738077570E+0000  6.05354605100395E+0000
1.409  1.57852962070860E+0000  3.50462476153910E+0000  1.61858529994753E+0000
1.256  1.10484027267140E+0000 -5.39235648557697E+0000  5.75602275250074E+0000
1.561 -2.84718123972710E+0000 -4.35052785154475E+0000  1.04389992118713E+0001
1.641 -8.03413843426901E-0001 -2.28090737601566E+0000  5.80965099007530E+0000
1.283  2.01231572032240E+0000 -1.86934063945950E+0000  7.01701481521251E+0000
1.267  1.84202018343320E+0000 -1.30317042445260E+0000  1.26700024379473E+0000
1.596  3.38254166507790E+0000 -3.90246283402524E+0000  4.90384896380023E+0000
1.647 -1.24227225857940E+0000 -4.96018107448101E+0000  7.66433271197145E+0000
1.637 -3.73945389349445E+0000 -3.50221170277931E+0000  1.63700022408124E+0000
1.572  4.59863137472140E+0000  2.40246715163510E+0000  5.58102291296139E+0000
1.554 -4.86535539216411E+0000 -1.85329024423010E+0000  4.18131276026311E+0000
1.509 -4.61602390868169E+0000  2.50385651723870E+0000  1.50900023233351E+0000
1.476 -3.11392514811118E+0000  4.26943899109050E+0000  7.64535111704456E+0000
1.544 -2.98746076286593E+0000 -4.27617609150609E+0000  4.62936538006065E+0000
1.398  2.18355372489420E+0000  1.01481976505450E+0000  1.06019998000000E+0001
1.411 -5.27652075962257E+0000 -8.79873714054099E-0001  1.41100023012303E+0000
1.633  1.81674896527330E+0000 -1.16991721328970E+0000  4.19115575266913E+0000
h=12 R=6.76037863216807E+0000
