1.560  3.74261868165107E+0000  5.98791260720258E+0000  1.56005810729812E+0000
1.436  8.56391344218123E+0000  4.83976894468817E+0000  5.93261727377695E+0000
1.518  5.86019228602923E+0000  3.75283994357558E+0000  1.51892728610483E+0000
1.491  3.68889439287131E+0000  1.49221535239120E+0000  5.87646498384814E+0000
1.603  1.64283630044305E+0000  8.38495586301442E+0000  5.75215084658126E+0000
1.430  8.56981696494596E+0000  8.56984063319666E+0000  1.70994442466656E+0000
1.502  1.50205146820035E+0000  6.09388137343780E+0000  3.64451208726783E+0000
1.555  3.64454711577102E+0000  5.86921291630422E+0000  5.81359492400375E+0000
1.639  8.36045166394772E+0000  1.64028539827079E+0000  1.63967879399683E+0000
1.381  8.61860000578899E+0000  4.63927406393575E+0000  1.38114219292064E+0000
1.498  1.49829039708312E+0000  3.69840003771214E+0000  5.87038619462727E+0000
1.477  1.47733657604718E+0000  3.96598348616328E+0000  1.47762264443991E+0000
1.549  5.82477063031461E+0000  3.65772086297842E+0000  5.81965619091920E+0000
1.269  7.64581642450349E+0000  3.69710272566134E+0000  3.65909054769388E+0000
1.456  1.45822144226822E+0000  1.45628412728400E+0000  3.94717687858454E+0000
1.516  5.91409178794042E+0000  1.51605483421320E+0000  3.62877743455842E+0000
1.347  5.65152711587717E+0000  5.65190184336250E+0000  3.72669400303843E+0000
1.656  8.33537142232762E+0000  1.66204876913139E+0000  5.69549981004742E+0000
1.592  1.63427258997423E+0000  8.40663185116175E+0000  1.59273697703746E+0000
1.263  6.39057508546657E+0000  6.43101399133270E+0000  6.10563240745207E+0000
1.281  3.63499707700172E+0000  7.96280238063934E+0000  3.61760339246103E+0000
1.253  1.25311265211265E+0000  1.25348029699093E+0000  1.25326010209031E+0000
1.320  4.74077309496212E+0000  8.67920334928088E+0000  1.32068073025007E+0000
1.444  6.35403941555839E+0000  8.48237342527935E+0000  3.55718453469436E+0000
1.440  3.92707811039748E+0000  1.51399332844878E+0000  1.44012188133271E+0000
1.408  4.81348454585342E+0000  8.59034449015145E+0000  5.95846353062531E+0000
1.423  8.33405336172672E+0000  6.39825012413854E+0000  3.54637513435015E+0000
1.587  8.41291066902182E+0000  8.41293193416459E+0000  5.78149666622516E+0000
1.369  6.59854375905429E+0000  6.61202652181100E+0000  1.36907129916499E+0000
1.572  3.60285609761585E+0000  3.57319327393189E+0000  3.62865483759785E+0000
 7.36865639091920E+0000