0.963  8.96786239539878E+0000  3.99124327798341E+0000  9.63000205275200E-0001
0.501  6.25925565208551E+0000  2.54300001142798E+0000  5.85283060691270E-0001
0.963  2.59718066701992E+0000  9.80169428270610E-0001  9.63000205275200E-0001
0.501  5.32392087255076E+0000  4.43060259600111E+0000  1.14664764417369E+0000
0.963  1.01318179972597E+0000  4.01612733059346E+0000  9.63000205275200E-0001
0.501  9.40824566796741E+0000  7.56136372866400E-0001  1.16262977747673E+0000
0.963  6.91224713240769E+0000  3.96237727538514E+0000  9.63000205275200E-0001
0.501  3.72191966842835E+0000  4.37378025752479E+0000  7.17863078159850E-0001
0.963  9.71294833413370E-0001  2.05685376416668E+0000  9.63000205275200E-0001
0.501  9.47219593411218E+0000  2.44012526593046E+0000  5.98828475272630E-0001
0.963  2.75557717820210E+0000  2.97675239258551E+0000  9.63000205275200E-0001
0.501  5.60683443935490E-0001  5.88434850645390E-0001  5.48293751431870E-0001
0.963  4.54868782000299E+0000  1.00327752469445E+0000  9.63000205275200E-0001
0.501  2.47998669194201E+0000  4.45167170069316E+0000  1.31703375206656E+0000
0.963  6.50568065988567E+0000  9.95298735627560E-0001  9.63000205275200E-0001
0.501  1.20776819136265E+0000  5.49073218528120E-0001  1.39037020267892E+0000
0.963  4.75333795545139E+0000  2.98498288782225E+0000  9.63000205275200E-0001
0.501  8.39414260027170E+0000  7.72645248945130E-0001  5.32007342089980E-0001
0.963  8.02161875929757E+0000  2.23850041386635E+0000  9.63000205275200E-0001
0.501  7.87651239178752E+0000  5.60686585903540E-0001  1.40015987469023E+0000
 1.92600040527520E+0000
