1.612  8.38433705612413E+0000  5.86856355425859E+0000  1.61878717957111E+0000
1.300  1.41931610661556E+0000  1.49173582773472E+0000  1.15377109102851E+0001
2.114  4.73885395915615E+0000  2.11400021167825E+0000  1.03408872292342E+0001
1.273  1.31137950221526E+0000  6.14639839696369E+0000  1.35203922306749E+0000
1.608  1.60800038020242E+0000  1.60800102836110E+0000  8.39280894443363E+0000
2.296  4.36333374341280E+0000  5.20399980000000E+0000  7.08131625380687E+0000
1.251  4.42211718332207E+0000  1.25893927777844E+0000  7.09462995565230E+0000
2.154  7.84599980000000E+0000  2.15400020000000E+0000  2.15400020700764E+0000
1.539  1.53900020000000E+0000  5.96099980000000E+0000  4.59992167765626E+0000
2.229  7.77099980000000E+0000  2.22900020000000E+0000  7.19453096267590E+0000
1.612  7.81218723910369E+0000  5.19888340629393E+0000  4.73194545248339E+0000
1.300  1.39703280407799E+0000  3.22340504902468E+0000  1.38607965555929E+0000
2.114  2.11400020000000E+0000  5.38599976866749E+0000  1.08701786295924E+0001
1.273  5.51887698770774E+0000  1.32237325440983E+0000  4.59009401371292E+0000
1.608  8.39199971773505E+0000  1.60800020000000E+0000  1.13761785859110E+0001
2.296  4.61858267211684E+0000  5.20399980000000E+0000  2.44345447534348E+0000
1.251  8.73117487908584E+0000  6.23202749045796E+0000  7.25197240381144E+0000
2.154  2.15400020000000E+0000  2.15400020000000E+0000  4.71090472557806E+0000
1.539  3.94258861376079E+0000  1.53900020000000E+0000  1.53900020000000E+0000
2.229  7.71919745371362E+0000  5.27099980000000E+0000  1.04529542980735E+0001
 1.29841788295924E+0001
