0.964  4.77605817615662E+0000  2.46382007027545E+0000  1.80931657008206E+0000
0.641  6.59744193182222E+0000  6.41000230921480E-0001  6.41000200000000E-0001
0.848  9.15199976923441E+0000  8.48000572136730E-0001  8.48000238048440E-0001
0.794  7.97730277428360E-0001  6.66866433085146E+0000  1.97504679249289E+0000
0.738  3.07236103449713E+0000  7.38000399804080E-0001  2.03531782045530E+0000
0.948  7.69272220367018E+0000  5.20929963885643E+0000  1.82531772601397E+0000
0.705  1.98959448046433E+0000  1.71572241996155E+0000  2.06831781502056E+0000
0.885  2.07745093615820E+0000  6.61499980000000E+0000  8.85000223745530E-0001
0.845  2.35440456811861E+0000  5.26308027765976E+0000  1.92831782348178E+0000
0.712  7.68659257332672E+0000  2.68984228462513E+0000  2.05272241237576E+0000
0.831  2.07667541622068E+0000  4.02706328667848E+0000  8.31000207049850E-0001
0.750  7.88626787322860E-0001  8.49017327591650E-0001  2.01605576952348E+0000
0.778  4.92035595530376E+0000  3.86029219032958E+0000  7.78000303430380E-0001
0.835  8.35000248996910E-0001  3.93960880305616E+0000  1.93831776972631E+0000
0.941  6.27426666184877E+0000  3.96179830377756E+0000  1.83231769981936E+0000
0.958  7.63175395954436E+0000  9.69601896122260E-0001  1.81531783009537E+0000
0.907  4.25742003673706E+0000  9.07000288909320E-0001  9.07000214502400E-0001
0.826  7.74836630734597E+0000  6.67399973217777E+0000  8.26000371250580E-0001
0.950  3.05496034747739E+0000  2.32145862404476E+0000  9.50000253436700E-0001
0.887  8.87000322717200E-0001  5.30244163788653E+0000  8.87000339769520E-0001
0.964  9.64000434392890E-0001  2.43280160955554E+0000  9.64000340285140E-0001
0.641  6.41000245006500E-0001  6.41000619190360E-0001  6.41000619170590E-0001
0.848  7.74562100605637E+0000  3.70342103599919E+0000  8.48000314849900E-0001
0.794  4.90905646355136E+0000  6.70584299403805E+0000  7.94215038805390E-0001
0.738  8.14829916792245E+0000  2.17333999497857E+0000  7.38000261449700E-0001
0.948  3.55024941939230E+0000  3.93109054231520E+0000  1.82531761759246E+0000
0.705  2.13138222308505E+0000  3.11857576181383E+0000  2.06831782169183E+0000
0.885  5.75682212064432E+0000  8.98360514336650E-0001  1.88831783022310E+0000
0.845  9.01445527028266E+0000  4.00212675673891E+0000  1.92831779187750E+0000
0.712  9.28799980000000E+0000  3.06939122759073E+0000  7.12000283013290E-0001
0.831  9.16899918841172E+0000  5.25950023908863E+0000  8.31000266429540E-0001
0.750  6.36905824694317E+0000  5.25956661567254E+0000  7.50751301009870E-0001
0.778  3.50070982499290E+0000  5.30529367184331E+0000  7.78577455306760E-0001
0.835  9.16452702212382E+0000  2.13181854015244E+0000  1.93815284930710E+0000
0.941  6.30046388403229E+0000  6.55898558352601E+0000  1.83230948719876E+0000
0.958  4.89897868021623E+0000  5.27776338953623E+0000  1.80932648407087E+0000
0.907  3.57718558675995E+0000  6.59251758163271E+0000  1.86599194983440E+0000
0.826  2.08448235882502E+0000  8.26000244734470E-0001  8.26000208458440E-0001
0.950  6.47850022484331E+0000  2.30051696794899E+0000  9.50001487667090E-0001
0.887  9.09238362195107E+0000  6.61299973950928E+0000  1.88631768958746E+0000
 2.77331803022310E+0000
