2.148  7.85199980000000E+0000  2.14800020000000E+0000  1.12178950010726E+0001
1.670  4.95199163530229E+0000  2.81756657651612E+0000  1.36285328009489E+0001
0.736  4.99067119858427E+0000  8.67254469735450E-0001  1.16133661067990E+0001
1.812  4.99999991257674E+0000  5.35782643138621E+0000  2.62357090723078E+0000
2.148  2.55967511757146E+0000  2.14800020000000E+0000  2.14800020000000E+0000
1.670  1.69096286851611E+0000  5.79645098555648E+0000  1.28659851454559E+0001
0.736  5.00251908357483E+0000  6.62789358624038E+0000  5.73599817754817E+0000
1.812  5.00000003407225E+0000  2.61166531911416E+0000  5.23206118332159E+0000
2.148  7.44032495097050E+0000  2.14800020000000E+0000  2.14800020000000E+0000
1.670  8.30564046590899E+0000  5.77498616521020E+0000  1.29347523747570E+0001
0.736  7.73433714007850E-0001  3.26253129528016E+0000  1.69620509118016E+0001
1.812  8.18799980000000E+0000  1.81200020000000E+0000  7.17041071415858E+0000
2.148  2.14800020000000E+0000  2.15026373439252E+0000  1.11063891912498E+0001
1.670  4.99995878112086E+0000  1.67992528653987E+0000  1.67744710725907E+0001
0.736  7.65072930041380E-0001  6.72624334886089E+0000  1.80899520641246E+0001
1.812  1.81200020000000E+0000  1.81426377606453E+0000  7.17500123144957E+0000
2.148  7.82682128700387E+0000  2.14800020000000E+0000  1.93093309014688E+0001
1.670  4.93338539297430E+0000  4.94434237258897E+0000  8.00693821871777E+0000
0.736  7.90572770394750E-0001  3.55187307786486E+0000  1.33742117461754E+0001
1.812  1.81200023432965E+0000  5.68799980000000E+0000  9.35906821395131E+0000
2.148  2.17317878399369E+0000  2.14800020000000E+0000  1.93093309068784E+0001
1.670  1.67000020000000E+0000  5.82999980000000E+0000  2.01850116280215E+0001
0.736  9.24656161988942E+0000  7.44745847021910E-0001  1.72172323422467E+0001
1.812  1.81200020000000E+0000  1.81200020000000E+0000  1.50375830258078E+0001
2.148  2.14800020000000E+0000  5.35199980000000E+0000  5.42768021158943E+0000
1.670  8.32999980000000E+0000  5.82999980000000E+0000  2.01850116272809E+0001
0.736  7.69801176244510E-0001  7.70135560675640E-0001  1.71580786138608E+0001
1.812  8.01358069094941E+0000  5.68799980000000E+0000  9.45043999975729E+0000
2.148  7.85199980000000E+0000  5.35199980000000E+0000  5.42768020364987E+0000
1.670  5.04852968486624E+0000  1.67283978231906E+0000  8.66997336246005E+0000
0.736  5.68441280000847E+0000  6.75749209667037E+0000  9.41316230353323E+0000
1.812  5.00000003352589E+0000  4.82239685150820E+0000  2.00430115641666E+0001
2.148  7.09027602698163E+0000  5.35199980000000E+0000  1.65439183399209E+0001
1.670  8.32999980000000E+0000  5.82999980000000E+0000  1.67000020000000E+0000
0.736  9.26399979750956E+0000  6.76399980000000E+0000  7.50853832441140E+0000
1.812  4.96866523733051E+0000  5.67216400978023E+0000  1.16190591379966E+0001
2.148  2.79436801340684E+0000  5.35199980000000E+0000  1.65157436985537E+0001
1.670  1.67000020000000E+0000  5.82999980000000E+0000  1.67000020000000E+0000
0.736  4.06752779958895E+0000  7.36000200000000E-0001  6.68281337146457E+0000
1.812  8.18799980000000E+0000  1.81200020000000E+0000  1.51492829482771E+0001
 2.18550118280215E+0001
