1.634  4.64218770430778E+0000  4.77239631665406E+0000  7.36059039861548E+0000
2.431  7.35597830178507E+0000  7.56899980000000E+0000  9.47718932655396E+0000
2.346  2.34600020000000E+0000  7.65399980000000E+0000  2.34600020000000E+0000
1.992  8.00799975075213E+0000  5.22897746182245E+0000  5.78096205000722E+0000
2.302  7.51892694313286E+0000  7.69799980000000E+0000  2.30200020000000E+0000
0.629  4.89091210933304E+0000  9.27965143775948E+0000  8.28362235809819E+0000
2.229  2.30755464568028E+0000  2.22900047344715E+0000  2.22900020000000E+0000
1.729  1.73818726343185E+0000  5.54828613988730E+0000  5.81854038894229E+0000
1.659  1.65900022353037E+0000  1.65900021108313E+0000  6.01991354384114E+0000
0.765  8.75367899317242E+0000  8.75923313906739E+0000  5.93826911227468E+0000
1.634  8.36599980000000E+0000  1.63400020000000E+0000  6.09056390656392E+0000
2.431  2.45175178207945E+0000  7.53183297383415E+0000  9.45513303299837E+0000
2.346  7.46356502592287E+0000  2.63612654241235E+0000  2.34600020000000E+0000
1.992  4.99559815395808E+0000  8.00799980000000E+0000  5.76251338681599E+0000
2.302  6.72702054800948E+0000  2.30200024569651E+0000  9.60618932737859E+0000
0.629  7.56933621356870E-0001  7.25452949877150E-0001  1.11018778514686E+0001
2.229  2.22900020000000E+0000  2.84278565816713E+0000  9.67918932485958E+0000
1.729  5.03017751886773E+0000  1.76004468580085E+0000  5.57504399111632E+0000
1.659  4.56848936984043E+0000  4.80208869624829E+0000  4.06854867125842E+0000
0.765  4.97470098767581E+0000  9.27559847251590E-0001  9.40340220258170E-0001
 1.19081895273785E+0001