1.518  1.03266798719832E+0000  1.90828248255910E-0001  1.80406078138877E+0000
1.463  8.82696913279300E-0001 -3.61931264013595E+0000 -2.78577136522628E+0000
1.513  2.38068204649432E+0000 -2.66604888229643E+0000  2.89844196344059E+0000
0.780 -2.54246143579743E+0000 -4.46860946339886E+0000  1.37558319790738E+0000
0.567 -5.30460448796198E+0000  1.40032287803968E+0000 -2.02598738127050E-0001
1.982 -2.11321660706452E+0000  1.29529438884961E+0000  3.30547695354312E+0000
1.934 -1.97265527214638E+0000  6.25094584040250E-0001 -3.63274747915935E+0000
0.829 -4.44253182395900E-0001 -1.63288224291657E+0000  1.73894299065909E+0000
1.609 -2.91992272179650E-0001 -1.67571528609857E+0000  4.17238801940714E+0000
0.600 -1.37382176474977E+0000  3.77090846651957E+0000  3.74212255159734E+0000
0.673 -1.57342333891455E+0000 -3.54367395088595E+0000  3.80851736074273E+0000
1.327 -2.82165658719110E-0001  2.41688306333927E+0000  6.16659637884360E-0001
1.422 -4.52692534258476E+0000  8.31000430919000E-0002  1.23380630389595E+0000
0.764  4.79331529050689E+0000  1.11537741482618E+0000  2.10023026909456E+0000
1.367 -4.48471355444194E+0000  1.07229207925540E-0001 -1.55477076138457E+0000
1.598 -2.64041638687130E-0001 -4.03894949964027E+0000  2.00462491549383E+0000
0.916  2.09566325752421E+0000 -1.00729938677208E+0000  4.64982947024607E+0000
1.080 -2.63131684409690E-0001 -1.41770969878014E+0000 -2.21830535751355E+0000
1.480  9.55668741189810E-0001 -2.13607709930505E+0000 -8.47458125429200E-0002
1.741 -1.66075793220873E+0000 -2.57637429575660E-0001 -5.98529176261700E-0002
1.104  2.36906389230275E+0000  2.62668690542812E+0000 -3.54908776503902E+0000
1.348  9.83867608321890E-0001  9.63025688031690E-0001  4.56364223235033E+0000
1.747 -3.36575839437885E+0000  2.78332621868428E+0000  4.81313493187700E-0002
1.755 -1.77564754157293E+0000 -3.85832574003956E+0000 -9.83931992619800E-0001
1.266 -3.47552495275572E+0000 -2.04024578384757E+0000 -2.69607946940753E+0000
1.495  3.20077341337170E+0000 -1.78206901805464E+0000 -2.81455103827631E+0000
1.141  3.70368864547742E+0000  2.81857495463047E+0000 -1.75409908596118E+0000
1.808  1.41224323079894E+0000  8.15565146440300E-0001 -1.47928599885566E+0000
1.316  3.37060442793079E+0000  3.31830529312020E-0001  3.39959600236917E+0000
0.619 -1.09335993199529E+0000 -1.21479438122335E+0000 -5.22205302385401E+0000
1.360 -1.00837437228939E+0000  4.55110555441579E+0000 -9.37338449586300E-0001
0.532  1.96095108788543E+0000  4.62176809212591E+0000  2.32559899907474E+0000
1.821  3.05223357593740E+0000  2.78425167708422E+0000  1.16978879018148E+0000
0.698 -4.20864441907693E+0000 -4.45828308081720E-0001  3.33482367930582E+0000
1.652 -2.97146444267052E+0000 -2.28921976990364E+0000  2.41791780670104E+0000
0.605 -1.05932425233899E+0000 -4.31762206011867E+0000 -3.21824795179095E+0000
1.431  8.54668943443100E-0001 -1.17253626193621E+0000 -4.45337476905357E+0000
1.918  4.06946173291914E+0000 -9.02251864916930E-0001  4.88294957963460E-0001
1.241 -1.34851822990789E+0000 -2.58227918877970E+0000 -3.90731604793230E+0000
1.247  3.07069705684844E+0000 -3.68205279746705E+0000 -8.41809701102560E-0001
0.903  2.62009353228650E+0000  2.37562819375218E+0000  3.82807865536280E+0000
0.936 -1.19094845810675E+0000  2.32137141812410E+0000 -1.45364585709487E+0000
1.426  5.98462336868650E-0001  3.35770241958933E+0000  3.21751264522197E+0000
1.147  8.14227587843620E-0001  1.39348350883020E+0000 -4.69831145792048E+0000
0.746 -4.47150386885737E+0000  2.04409170140356E+0000  2.15666424128636E+0000
0.779 -2.59144476020511E+0000 -1.13576073192338E+0000  4.52383347716497E+0000
1.350  1.71519540047542E+0000  4.24980162474784E+0000 -1.30402139573758E+0000
1.191  9.53058429179350E-0001 -4.81269900562372E+0000 -4.16256573421760E-0001
0.912 -4.05307496631028E+0000  2.16075261624195E+0000 -2.44391257416716E+0000
0.939  2.18748621943974E+0000 -4.50913252930492E+0000  1.29281879120354E+0000
1.229 -1.54569842781741E+0000  4.22209330912486E+0000  1.91197415266305E+0000
1.136  2.81846325480764E+0000  4.95966877137930E-0001 -4.07413634098565E+0000
1.309 -4.25646740864563E+0000 -2.21724694080296E+0000 -2.48748855754500E-0001
1.119 -2.49852679742377E+0000  3.45858690391978E+0000 -2.59873308216647E+0000
1.189  4.31478189757790E+0000  6.04551835517480E-0001 -2.29794167532352E+0000
1.210  6.85570076730820E-0001  4.75579914232627E+0000  9.84524329732440E-0001
0.934  4.88811581499728E+0000  1.63243389480713E+0000 -5.31058010410880E-0001
0.566  2.38216195937680E-0001  2.95067051610794E+0000 -1.21666754998209E+0000
1.430 -4.05526238127200E-0002  3.35808778792304E+0000 -3.26631552539459E+0000
0.850  3.69967160064802E+0000 -3.56316288393699E+0000  1.15510478587981E+0000
0.612 -3.72298027783541E+0000 -3.90628280429497E+0000  6.65168406159140E-0001
 6.11478581474753E+0000
