1.634  1.63400020000000E+0000  1.63400020000000E+0000  2.02833582901919E+0001
2.431  7.39453254526269E+0000  2.56899980000000E+0000  1.61389145049639E+0001
2.346  2.34600020000000E+0000  2.34600020000000E+0000  1.64000104878360E+0001
1.992  4.21837285199807E+0000  3.00799980000000E+0000  9.36444749779061E+0000
2.302  7.69799980000000E+0000  2.69799980000000E+0000  2.37802721122606E+0001
0.629  5.41268241016292E+0000  4.26216835006657E+0000  2.23101378863669E+0001
2.229  7.77099980000000E+0000  2.22900020000000E+0000  7.04860620976344E+0000
1.729  1.72900020000000E+0000  1.72900020000000E+0000  1.18165950887277E+0001
1.659  8.34099980000000E+0000  1.65900020000000E+0000  2.00124405099319E+0001
0.765  8.83562757341142E+0000  4.10116679019408E+0000  2.10044166650680E+0001
1.634  4.36693239124426E+0000  3.36599980000000E+0000  5.61950547310179E+0000
2.431  7.15100003745830E+0000  2.52967789905287E+0000  2.43542061755224E+0000
2.346  2.34600020000000E+0000  2.34600020000000E+0000  2.34600020000000E+0000
1.992  4.95489166598396E+0000  3.00799980000000E+0000  1.98020230154557E+0001
2.302  3.09399940958138E+0000  2.69799980000000E+0000  2.37802721095039E+0001
0.629  9.26643010217827E+0000  7.34785845990930E-0001  1.79278662113037E+0001
2.229  7.77099980000000E+0000  2.22900020000000E+0000  1.15066066128114E+0001
1.729  1.72900020000000E+0000  1.72900020000000E+0000  6.91229993908832E+0000
1.659  4.41083497293124E+0000  3.34099980000000E+0000  1.31157356394218E+0001
0.765  8.76206379050691E+0000  4.09611286756783E+0000  1.88929379720509E+0001
 2.60822723122606E+0001
