0.821  9.10816099302964E+0000  9.02759458777800E-0001  8.49720363641620E-0001
1.337  1.34126886673918E+0000  6.71042666197495E+0000  1.33700021968677E+0000
1.246  5.98784007539613E+0000  3.17401903297460E+0000  1.24644365250841E+0000
1.536  1.53600021321158E+0000  1.53600020754541E+0000  1.66749328956389E+0000
1.203  8.79699980000000E+0000  8.79699955004359E+0000  1.20300061219712E+0000
0.979  4.70432492384040E+0000  9.00465962377316E+0000  3.47867545307567E+0000
1.212  4.16109089043025E+0000  6.04382384572927E+0000  1.22077915783552E+0000
0.907  9.08733968638261E+0000  9.08809604870971E+0000  3.53986625871026E+0000
1.332  4.82093232618320E+0000  4.47979014759365E+0000  3.13989617514271E+0000
1.158  3.49430889130848E+0000  2.37981478502636E+0000  3.31389615494543E+0000
1.440  6.82492870386574E+0000  5.73460730238260E+0000  1.44000030959889E+0000
1.193  4.20145527864645E+0000  1.19300020805338E+0000  1.19300020818094E+0000
1.001  6.99353983845323E+0000  1.06298882564841E+0000  1.05086631066471E+0000
1.204  2.99583644689065E+0000  6.65358998431913E+0000  3.26465686890888E+0000
1.419  3.35673868427116E+0000  8.58099355686255E+0000  1.52250677688983E+0000
0.821  8.21000209486580E-0001  3.61630677850046E+0000  8.21000200000000E-0001
1.337  8.66299980000000E+0000  3.65551679765613E+0000  1.33700021824079E+0000
1.246  1.28392710971051E+0000  8.71112630541802E+0000  3.21954429383934E+0000
1.536  1.57363163080144E+0000  4.33478557299814E+0000  2.93589619554937E+0000
1.203  3.51918283591703E+0000  3.48978542485700E+0000  1.20300020011762E+0000
0.979  9.02099840209460E+0000  6.63811477983240E+0000  9.79003176140980E-0001
1.212  8.78383203582563E+0000  5.33088694180140E+0000  3.25714107853645E+0000
0.907  9.07000238103470E-0001  6.59934322962711E+0000  3.56489587997035E+0000
1.332  5.79114018781191E+0000  1.43409160627544E+0000  3.13989617959077E+0000
1.158  7.14204978059447E+0000  3.59534687150984E+0000  3.31389616891300E+0000
1.440  8.55999980000000E+0000  1.44000024425100E+0000  3.00811046008027E+0000
1.193  5.37572225602738E+0000  6.93916288063015E+0000  3.27889618811027E+0000
1.001  1.00100031926960E+0000  8.99899980000000E+0000  1.00100032091060E+0000
1.204  7.71671700130441E+0000  7.50140743537742E+0000  3.26428903899487E+0000
1.419  6.19285420732978E+0000  8.58099978789294E+0000  1.41900020164704E+0000
 4.47189639554937E+0000