0.665  5.56918488263946E+0000  3.13926297628931E+0000  2.14710891647968E+0000
0.678  7.67580910860733E+0000  3.09912720395861E+0000  2.08513477732896E+0000
0.872  3.34819607079945E+0000  4.08074874604525E+0000  8.72000210676680E-0001
0.675  4.23454070190848E+0000  4.32499979142309E+0000  2.11616455571446E+0000
0.940  7.09763129679862E+0000  3.93152641005590E+0000  3.34638333700853E+0000
0.813  7.10933399003187E+0000  8.52805330812330E-0001  3.46868697039650E+0000
0.920  5.19420433424231E+0000  4.07999978790732E+0000  3.36638335700087E+0000
0.901  9.09564458128378E+0000  2.41235240003705E+0000  2.16030203673211E+0000
0.727  7.27000281359410E-0001  1.77602636725614E+0000  7.27000216817560E-0001
0.964  9.03599970225889E+0000  4.03477871984087E+0000  9.64000249645560E-0001
0.985  4.25648301889089E+0000  2.43077525706428E+0000  9.85000821743160E-0001
0.809  7.91534557302796E+0000  2.37436832288945E+0000  8.09000652151000E-0001
0.961  9.03899980000000E+0000  9.61000326461070E-0001  3.32538332883278E+0000
0.730  1.76376383419840E+0000  4.26999959649672E+0000  7.30000210168340E-0001
0.733  7.05996019967783E+0000  1.83264075350628E+0000  2.17268133637169E+0000
0.850  5.30752707181586E+0000  8.51919168169200E-0001  8.51329884004270E-0001
0.971  9.02899980000000E+0000  3.99628073407280E+0000  3.31538331624151E+0000
0.653  6.53000479828140E-0001  2.48222643329820E+0000  3.63338305963826E+0000
0.767  1.86341262342227E+0000  7.67000590951570E-0001  7.67000270526800E-0001
0.714  5.34778703154664E+0000  1.77860177824228E+0000  2.11208957078790E+0000
0.833  7.88491298056337E+0000  2.33845909059408E+0000  3.44232354577583E+0000
0.967  8.98470039889033E+0000  9.67000373310340E-0001  9.82135189912600E-0001
0.954  2.57050516488891E+0000  9.56856141718320E-0001  2.32450397165891E+0000
0.847  8.47629022777480E-0001  2.50406127845640E+0000  2.14252728126760E+0000
0.758  4.28707100705204E+0000  7.58000308665890E-0001  2.10579880974104E+0000
0.719  7.19000274987420E-0001  7.19000212960480E-0001  1.71368603900803E+0000
0.642  9.35799976173888E+0000  2.49469111616525E+0000  6.42000218589150E-0001
0.633  8.00515120771704E+0000  4.36699978106540E+0000  2.13762325005728E+0000
0.817  5.33855507278343E+0000  8.55303605357630E-0001  3.46938289527957E+0000
0.682  7.88330915038344E+0000  6.82000239895080E-0001  2.19136904568558E+0000
0.686  3.28249330195000E+0000  3.16913938605936E+0000  2.13375174575077E+0000
0.689  6.21930917686475E+0000  6.89000236160370E-0001  2.25915411034921E+0000
0.731  7.33597986833100E-0001  3.23400637916118E+0000  7.31000223531650E-0001
0.626  9.37399976907495E+0000  2.47563588375914E+0000  3.66038333638286E+0000
0.877  7.06790007987222E+0000  8.77000220954810E-0001  8.77000216488840E-0001
0.651  6.14333763619912E+0000  4.34899977979482E+0000  2.14375203057873E+0000
0.902  6.20791797657649E+0000  2.43412845259859E+0000  9.02000222079730E-0001
0.979  2.25280990558758E+0000  2.59071966162709E+0000  3.30738307460662E+0000
0.991  2.28070742326968E+0000  2.46000276655228E+0000  9.91000306137400E-0001
0.887  3.37312645045074E+0000  4.09881301802310E+0000  3.39938333596545E+0000
0.788  2.24142348860357E+0000  4.21199952386475E+0000  2.16972331017331E+0000
0.951  9.64225975641250E-0001  4.02726769578628E+0000  3.33538335269863E+0000
0.992  4.23907210487517E+0000  2.42511193913161E+0000  3.29438330369832E+0000
0.896  6.12397964927402E+0000  2.37558157270133E+0000  3.39038331484665E+0000
0.802  3.43163271358145E+0000  8.02002652455250E-0001  8.02000255085850E-0001
0.924  7.08851556730254E+0000  4.03361022521141E+0000  9.24000213962280E-0001
0.944  9.68580624918810E-0001  9.44000517442590E-0001  3.34238334489883E+0000
0.757  3.76877310938573E+0000  7.57000269867180E-0001  3.52938331210621E+0000
0.911  5.22987822511945E+0000  4.05615114697460E+0000  9.11000221787540E-0001
0.711  7.11000214705630E-0001  4.28899980000000E+0000  1.71377354001502E+0000
 4.28638355700087E+0000
