1.518  3.02258873097620E+0000  2.46621277227782E+0000  5.48199965820297E+0000
1.463  1.30722957389330E-0001  2.45952897561198E+0000  1.46300086428336E+0000
1.513 -2.55988309592840E-0001 -3.89766001594579E+0000  1.52438880566043E+0000
0.780 -6.45746530042960E-0001 -4.50076789828320E+0000  6.13243808624211E+0000
0.567 -2.03373893472946E+0000 -4.40412502033268E+0000  5.68333238362530E-0001
0.829 -1.08941917219875E+0000  4.39839175052750E+0000  9.40560450678200E-0001
0.600  4.57902128198800E+0000 -8.52837297300650E-0001  5.01974741771433E+0000
0.673 -1.05065842236955E+0000 -1.75451646751510E+0000  8.29174322229150E-0001
1.327  1.48746893324695E+0000  3.81213446360490E+0000  3.49125880330013E+0000
1.422  2.38824833793004E+0000 -4.02933271588360E-0001  5.57799975291514E+0000
0.764  4.16360018067350E+0000 -1.84768633697789E+0000  6.13601922943367E+0000
1.367  3.44681446174570E+0000 -2.13040803739175E+0000  3.66128586170100E+0000
1.598 -2.93873488346176E+0000  2.44219488205750E+0000  5.40199977133544E+0000
0.916  4.46081623629400E+0000  5.74700276654380E-0001  6.06834592487264E+0000
1.080  4.10960180552100E+0000 -1.39233291969097E+0000  1.08000097924270E+0000
1.480 -2.79522720400464E+0000  2.77540580312689E+0000  1.48000022285093E+0000
1.104 -8.39220359047530E-0001 -4.22832197892645E+0000  4.05981881490263E+0000
1.348  2.51362944172610E+0000 -3.20237014074908E+0000  1.34800024108562E+0000
1.266  1.47985453590311E+0000 -3.88045292856212E+0000  3.69450343727099E+0000
1.495  3.08726354417330E+0000  2.42219520190317E+0000  1.54809173632457E+0000
1.141  1.66151340222770E+0000  1.35027965790935E+0000  3.48889883651931E+0000
1.316 -2.89709334397235E+0000 -2.90549986066967E+0000  1.31600021148050E+0000
0.619  6.07049477189450E-0001  4.45970967441700E+0000  6.31608162324101E+0000
1.360  4.02424170585830E+0000  5.30494954774510E-0001  3.51060532420409E+0000
0.532  3.32479221157750E+0000  3.56529642562840E+0000  3.73920617813744E+0000
0.698  2.04429389814980E-0001  4.60977871809760E+0000  4.97307874750103E+0000
1.431  2.01218094427110E-0001 -2.42265861137415E+0000  5.56899973801744E+0000
1.241 -4.04197256160655E+0000  1.05764864427147E+0000  3.18258051827287E+0000
1.247  2.23993802992736E+0000 -1.78016338166900E-0001  1.74687904650683E+0000
0.903  1.62074551936874E+0000  4.21364942690280E+0000  9.07643527461340E-0001
0.936 -4.36588446467473E+0000  1.00567193736505E+0000  9.46384405380010E-0001
1.426  8.03192965452100E-0002  2.42467389944642E+0000  5.57399897769569E+0000
1.147 -4.07187036181242E+0000 -1.29241841725821E+0000  2.75968933073647E+0000
0.746 -2.57423069381868E+0000 -3.87789088737863E+0000  3.47936180215914E+0000
0.779  1.03109336887036E+0000 -4.46747808662587E+0000  6.11739558828483E+0000
1.350 -1.18814147184086E+0000  3.89172796634130E+0000  3.52450583387281E+0000
1.191  2.66723156287070E+0000 -3.28060094544266E+0000  5.80899954617707E+0000
0.912  4.47223677709240E+0000  5.59163279213710E-0001  9.12000307298490E-0001
0.939 -1.30770366116991E+0000  4.28235477747400E+0000  6.05249749801376E+0000
0.780 -4.39058373739095E+0000 -1.02545733097726E+0000  8.24347768590910E-0001
0.567 -2.14197636315686E+0000 -4.34123754304252E+0000  2.31194662025127E+0000
0.829 -3.63142217109183E+0000 -2.80071080751449E+0000  3.96233851876429E+0000
0.600  1.97796268335481E+0000  4.28042095127380E+0000  6.21507778254399E+0000
0.673  3.98984570712200E+0000  2.56673474846042E+0000  3.51627164194344E+0000
1.327 -2.41177637032474E+0000 -3.30415280258541E+0000  5.67129203157727E+0000
1.422 -1.62813139539793E+0000 -1.79311841745560E+0000  3.47215178166275E+0000
0.764 -1.72033763922807E+0000  5.20946898185270E-0001  6.17701670086793E+0000
1.367 -2.36803671680859E+0000 -6.41844446322004E-0002  1.37303105488771E+0000
1.598 -3.66236072393016E+0000 -6.71512032690590E-0001  5.40199978435076E+0000
0.916  7.96362502772810E-0001 -1.75653293259994E+0000  9.53970885544470E-0001
ro=1 R=5.41905751192910E+0000
