0.722  9.03011469757569E+0000  9.66306357883520E-0001  4.80512128634458E+0000
0.818  8.78533526963988E+0000  1.21418313583569E+0000  1.05193272964612E+0001
1.963  1.96300020000000E+0000  1.96300020000000E+0000  6.82453109902429E+0000
2.241  2.24664189257741E+0000  2.24284869753849E+0000  2.24470682515450E+0000
0.598  4.55558596331007E+0000  7.20410356258000E-0001  7.25624292575555E+0000
1.968  4.87070055665526E+0000  5.52735599516852E+0000  1.97471464778646E+0000
1.940  8.05999980000000E+0000  1.94332584373034E+0000  7.49790921696721E+0000
1.825  5.25537865024670E+0000  5.04280708422984E+0000  6.69914344305955E+0000
1.033  1.27160675130961E+0000  1.29702361529999E+0000  1.03026490534645E+0001
2.095  7.90499856985582E+0000  5.40499937947830E+0000  9.56527972034798E+0000
0.722  5.10106619404094E+0000  9.80592729868420E-0001  9.83564057006480E-0001
0.818  1.18417652810016E+0000  6.48620115636860E+0000  1.18317117853975E+0000
1.963  4.83574903388696E+0000  1.96300020000000E+0000  9.69727993931975E+0000
2.241  2.24100020000000E+0000  5.25899980000000E+0000  9.41927994369178E+0000
0.598  8.51379975707150E-0001  4.70873077265924E+0000  8.51640604542390E-0001
1.968  1.96999952398691E+0000  5.52953335753573E+0000  4.86328180429193E+0000
1.940  8.05999980000000E+0000  5.55999980000000E+0000  4.24112802813794E+0000
1.825  5.26664143318646E+0000  1.82500020000000E+0000  4.97632723471596E+0000
1.033  8.73122086047684E+0000  6.22392460658195E+0000  1.18095631347244E+0000
2.095  7.90499980000000E+0000  2.14659411061218E+0000  2.09500020000000E+0000
 1.16602801436917E+0001