269.557871707693
77.101189562228 256.20815776986 0 2 
-199.976472344002 -176.216956585641 0 2 
-54.9555188011121 51.3256790270137 0 4 
-16.6279408945123 142.131201517286 0 5 
151.246821290793 93.9055920492429 0 6 
-189.304374575751 -9.59573198672602 0 6 
169.355520786384 93.4687301837712 0 7 
-76.7293937262385 -52.734707216051 0 8 
-6.57489802395732 164.692565988667 0 16 
118.270810706563 -22.0685775793023 0 17 
-117.141394306283 4.23908959371277 0 20 
220.552679400642 116.771770711307 0 20 
-161.948784351502 9.63506525503807 0 22 
95.9722282308039 145.226533779539 0 23 
-97.9098924462946 44.7885719380884 0 23 
158.132669344181 -189.168820954309 0 23 
-161.016342290252 -186.720434167107 0 23 
233.931320368229 74.6646217741563 0 24 
-48.0786409974332 239.785313347793 0 25 
100.131499212063 25.2923869851548 0 25 
-136.265344888092 -144.173705106003 0 26 
-45.8925815972136 186.730215972228 0 27 
155.072908844375 -50.7062249517009 0 28 
-217.029136445143 106.059224389559 0 28 
-205.136024230428 -125.308212333781 0 29 
63.4046702521423 -20.3052007620151 0 33 
-101.617822337723 212.511948956133 0 34 
99.7509164406324 86.1188215133143 0 35 
-54.4650975749751 -3.86957243496865 0 36 
-229.830761539763 -41.5583988663645 0 36 
-156.021438329527 72.6058650877635 0 37 
36.2930630764149 124.32507948909 0 38 
102.327151123173 207.721453110534 0 38 
-5.12121349716078 -231.501233283967 0 38 
4.12562787916701 -153.593583762344 0 39 
224.116091656885 -49.6869587572669 0 40 
-225.644628761079 36.3758454674938 0 41 
165.090449471268 155.156732798913 0 43 
2.7984555769049 -67.2401205743073 0 43 
-69.1410986115204 -114.364429378655 0 43 
21.8377788521716 224.498250807378 0 44 
187.472135153684 -125.378572826909 0 44 
13.6314245053963 43.0285433162218 0 45 
-159.815162919228 156.324135429092 0 46 
-77.3943399273907 115.44861596183 0 46 
176.667827738359 24.8560638334484 0 48 
-87.1193501440266 -203.710847365941 0 48 
-147.174987651454 -65.2654261308793 0 49 
90.5798240680189 -101.800666827934 0 51 
80.2809409313961 -203.279398255136 0 51 
