198.63091785979
39.7475210671534 140.333333721307 0 51 
-147.63091785979 -145.307236474849 0 51 
-22.2490007159063 11.8088079175487 0 48 
-23.2328114759795 105.433658589112 0 49 
41.069643058148 45.3063679425075 0 44 
-115.793406440547 -8.57249895114103 0 46 
72.5470304875853 38.3801313675382 0 46 
-47.5417205090829 -34.5162832452991 0 43 
17.0378452257895 111.672204026101 0 48 
89.125965728716 -40.6513463175629 0 45 
-113.536318010667 15.164531431936 0 28 
90.2123915654199 72.4915934768466 0 37 
-123.178459300976 53.4233134840258 0 38 
55.4437164896837 104.577888373787 0 2 
-98.9570247984757 68.6999031431972 0 24 
115.96369834033 -120.674907537724 0 35 
-117.937773695419 -132.356601322469 0 5 
103.993047701424 13.2614515804506 0 6 
-59.3971559837913 134.679825206371 0 39 
88.2759855016023 -3.41644937820568 0 27 
-106.501044333447 -84.7764595082386 0 44 
-48.3974907244078 122.457048898077 0 4 
104.433135902478 -39.1182639313015 0 26 
-128.752582672635 118.433804813742 0 16 
-148.106268354508 -117.166705482484 0 20 
50.1918320663701 -28.8813964609901 0 23 
-79.0533461102999 136.667881726831 0 43 
12.5974438661232 33.3574439007125 0 2 
-34.8332625913123 1.47845533768574 0 43 
-122.964108170226 -48.6631407496348 0 38 
-114.821851259247 113.927150167258 0 40 
14.2954492917263 87.0196280402689 0 23 
30.4926378102939 110.098000207263 0 7 
-72.8276858000679 -104.865091427865 0 34 
4.47537909819528 -72.9140736965528 0 25 
112.766767240719 6.58196227163168 0 8 
-140.422324865089 69.8137162534118 0 17 
139.939602075815 147.728931787065 0 33 
-34.0484333888387 -15.6255558375854 0 6 
-56.1852023092495 -47.5650377106224 0 36 
9.41263668235047 131.34232691249 0 41 
104.013907563646 -44.4372858022979 0 20 
-9.40468034097211 8.64151176584022 0 23 
-117.483053067691 134.823498235235 0 36 
-101.857929491139 98.6240539379064 0 38 
96.9211570683034 4.59627665211274 0 23 
-72.7964126720542 -94.1797328398934 0 25 
-102.613225673844 -37.9863997220464 0 29 
60.9955675268991 -66.8677200481145 0 22 
81.0396007017882 -142.484518405508 0 28 
