264.239306237998
-11.9357425004891 256.209270841276 0 6.99999992776122 
94.2441175126195 -229.653646317342 0 16.0000044362741 
170.132376414192 194.274325724804 0 5.99999993984688 
-56.9124341433386 -252.211137599037 0 4.99999995239614 
-192.615719263747 177.382130980534 0 1.99999998173755 
238.118144512063 99.9364063387757 0 5.99999993999661 
-262.101698930011 -8.49410700611677 0 1.99999998173707 
-256.11210016847 8.07285676442079 0 7.9999999180038 
24.4314365010171 -258.516587337381 0 3.999999958842 
186.796251844183 77.7626543687799 0 16.9999959634046 
-190.79167851294 145.518604322207 0 23.0000001047615 
125.080900142232 -207.447945292628 0 21.9999997794437 
-110.04185857781 60.7514955760678 0 24.0000031260441 
-126.562121638601 205.373876506441 0 23.000000100455 
-128.004511475785 -64.3542713200107 0 24.9999956995555 
-163.417685353298 180.907900617575 0 19.9999998008528 
139.7501662973 196.637468458806 0 22.9999997713929 
243.084207481298 23.7256585209265 0 19.9999998007287 
174.564696451979 163.592821919357 0 25.0000020295092 
-216.891031285222 105.615735169863 0 22.9999997872565 
-229.570205576372 -27.7333302635133 0 32.9999996714345 
-84.0417077775964 -212.203136151204 0 36.0000027594524 
211.199171912653 -103.597526360382 0 28.999986214765 
203.838357376719 119.410778531011 0 27.9999996691009 
-97.3409425770922 -117.087040766359 0 35.9999996354882 
-69.3220694553154 -51.849454600013 0 34.9999996536826 
51.2894979069124 -231.628745843082 0 26.9999997844347 
149.240017644355 106.959965653991 0 28.0000132109828 
-162.744447607909 87.8071020014821 0 33.9999996597908 
228.518641869115 67.3587223318326 0 25.999999740868 
156.713037241348 -150.664071362688 0 43.0000035678758 
33.0225981582008 221.794442336512 0 39.9999995999566 
77.017806688711 -167.30104957482 0 38.0000111095294 
-12.5350708780897 -226.893310753742 0 36.9999996306761 
-45.0757738600119 58.6519264721442 0 40.9999995911263 
-220.949764109273 43.7487390428449 0 38.9999881152147 
224.094638839567 -31.0775915434854 0 37.9999996250177 
-146.451791607237 -172.441574434177 0 37.9999996200734 
-5.22701643024968 132.598369196702 0 42.9999995716635 
150.489271761084 -64.8895688250881 0 42.9999995688664 
-54.0950064328605 209.363721938777 0 47.9999994840358 
-147.576693959247 2.85384329019778 0 45.0000114177965 
-0.225536464210022 -13.5523397607264 0 43.999999562198 
-191.992912634443 -99.4894932459189 0 47.9999995220951 
-13.1186044611688 -138.895245358794 0 51 
48.8352316602194 61.8999025930509 0 45.9999995754999 
85.1742404466843 149.675051562486 0 49.0000021901152 
139.908369394161 28.5130249288763 0 51 
-95.3969742637565 127.155770509584 0 43.9999995629615 
62.477421597137 -78.1149973282858 0 45.9999876682249 
