263.034753859344
-101.5162845543 -233.959765867965 0 7.99999530110156 
-11.8366643867968 -134.826220418771 0 7.00000454870282 
-239.506618517191 -98.6690600051173 0 3.99999995994326 
-23.9831290200797 -202.754185986221 0 17.0000005599519 
187.647896694661 177.116349019841 0 4.99999995012698 
-241.203100667697 -88.8140132550475 0 5.99999993997099 
224.163344209259 133.753271992466 0 1.99999998008876 
-21.4224870283361 -225.6112010119 0 5.99999993999245 
-31.8745883320249 -244.969753875472 0 15.9999998400326 
239.494597182101 -103.833908605776 0 1.99999998008876 
237.815196970664 32.5670886301021 0 22.9999997700321 
197.817044128924 141.188911512481 0 19.9999998000349 
119.805624504472 1.6258171729784 0 22.9999997706583 
-206.415362472306 128.291035574529 0 19.9999998000555 
208.783952720508 -118.431179345615 0 22.9999997706296 
-69.0992009938031 -227.784650148342 0 24.999995012068 
-116.293135826188 -206.708263873825 0 22.9999997699946 
-238.066530718552 37.7104710633443 0 21.9999997801729 
7.66402818466837 -238.911853998408 0 24.0000044964243 
56.074781980661 -231.335604492485 0 25.0000020299298 
234.255395297892 -19.1244719782202 0 27.999999720004 
-38.6875828609838 -76.0225646237435 0 36.0000027595648 
165.170070082051 -157.221788645414 0 35.0000132098826 
-227.035032415737 -56.8098601228589 0 28.9999997099372 
-220.466778818409 83.4406436574346 0 26.9999997300421 
-207.512594104273 -110.362398228099 0 27.9999997200002 
-94.5414515545819 209.709089153909 0 32.9999996700825 
108.174001373838 -199.607542965836 0 35.9999860805387 
93.2164802952596 -131.224280585655 0 33.9999996599242 
225.693844545611 -72.4414466727291 0 25.9999997400235 
42.7311832278954 126.656478216861 0 39.9999996012842 
-130.721675845112 -77.3379546274131 0 43.0000035687986 
-151.087655429342 166.772798041409 0 37.9999881258651 
-24.9236182467335 223.650293700068 0 37.999999615508 
-19.2129811089833 60.9729111280021 0 42.9999995711441 
-156.825309456595 -157.179052100701 0 40.9999995887001 
209.298471927738 85.3572174518511 0 37.0000111287027 
178.888400816583 16.7989999467153 0 37.9999996199464 
40.3089271411975 -75.2797482135068 0 42.9999995700316 
29.1462091385114 -171.1286461066 0 38.9999996100193 
-79.2297176135575 -4.74610479355617 0 45.9999875811977 
116.749282654032 76.2525940034132 0 47.999999520033 
-44.8528097579715 144.108938431129 0 43.9999995601052 
137.480599343961 167.937992686939 0 45.9999995396442 
51.9585275515264 10.9367621535057 0 43.9999995600813 
148.886929026055 -66.9918809040947 0 51 
57.0194962353555 210.446967005373 0 45.000011509017 
-176.40050987716 2.52095333661285 0 49.0000021901839 
-118.409611250009 83.9890834030503 0 51 
-67.8572410730762 -154.795221205482 0 47.999999520021 
