263.900673967521
106.737295408492 -223.745147306773 0 16.0000044589616 
-38.5955928679108 252.973386734768 0 7.99999991990894 
-228.405627924434 119.76488131472 0 5.99999993996507 
-166.78874849312 199.323538299306 0 3.99999995994796 
-112.788556287299 -57.8717235702418 0 1.99999998007805 
242.757869590175 84.0629066638672 0 6.9999999299149 
176.782945632132 -63.6411039792244 0 16.9999959410254 
-177.234213439554 188.726235035557 0 4.99999995012604 
26.7078395243864 -174.017916240455 0 1.99999998007805 
-222.587282197237 130.259968274229 0 5.99999993999399 
169.429221904091 109.204832517192 0 22.9999997698706 
213.178109217306 118.501611187036 0 19.9999998000771 
171.099355836343 62.2345210109353 0 23.9999950209946 
-143.829378919528 -60.7615856831345 0 25.0000020299204 
-155.260202894367 -14.1425291063942 0 22.9999997699328 
55.8396311925036 167.476441223476 0 22.9999997703568 
-41.7643177899285 -237.252763907619 0 23.0000045087235 
141.453436039526 192.521317194412 0 24.9999997498547 
-142.175483688149 198.175858008386 0 19.9999998000349 
-189.437698711992 15.130303677108 0 21.9999997802347 
87.4571867130942 213.696892544419 0 32.9999996700693 
-83.3231802183913 128.120132576816 0 35.0000132096533 
-218.204728651151 87.3312315949814 0 27.9999997200716 
178.409247485441 157.374938314633 0 25.9999997400403 
198.48406436353 -111.99460756907 0 36.0000027599565 
78.5324080005233 -25.9622213266093 0 28.9999997097739 
80.1445687149388 -153.461953052693 0 33.9999996599449 
224.324539371 -40.214730826319 0 35.999986080361 
21.3845143572927 -18.0502866067704 0 27.9999997201181 
-234.338047943228 34.7506653225716 0 26.9999997300111 
122.469913898211 -89.1380458596001 0 42.9999995702231 
37.6432091128561 -217.669696459984 0 42.9999995700103 
-79.6675389636004 206.0344374552 0 43.0000035697427 
-85.8428040134666 -90.1309122430958 0 39.9999995999757 
41.7862404041644 -81.9864935416543 0 37.9999996201834 
110.520147375022 134.219245487902 0 40.999999590009 
224.519620898921 32.7849942215449 0 36.9999996300759 
150.578815854243 -168.395753153936 0 38.0000111197352 
-11.9149610067695 38.9341937675347 0 37.9999996199659 
-68.765270273491 -12.9988443364801 0 38.9999881100788 
-16.9140804472994 -144.837684334545 0 47.9999995200082 
-165.841343784374 -133.50410274765 0 51 
-0.417590799559993 124.162184066631 0 47.9999995200675 
-213.160193671694 -49.8019262279875 0 45.0000115097508 
74.111584218933 51.9123997864796 0 49.0000021899382 
150.439799559781 -4.64731732124313 0 45.9999875805724 
-169.37552031028 140.243501541038 0 43.999999560024 
-128.083778829832 54.6865491711178 0 51 
-95.9594566662765 -197.858760086843 0 43.9999995600586 
8.56032961128355 217.732461229548 0 45.9999995396192 
