264.982868020167
16.2220966051467 -258.474310232022 0 5.99999993044384 
173.469573490849 177.21120651641 0 16.9999962620472 
2.59471044433745 -262.970043572464 0 2.00000000411107 
48.3305866703638 252.39718034746 0 7.99999989187039 
257.284390579422 54.4492305305132 0 2.00000000411106 
-224.049863577079 129.899084848309 0 5.99999994000622 
-213.508191431668 -148.341941059685 0 4.99999998721373 
208.88967162628 135.490072188739 0 16.0000041339343 
31.4262449856537 259.083839926635 0 3.99999994392612 
232.65517927935 111.47517882649 0 6.99999990233607 
227.759425478579 81.7395412589066 0 22.9999997923578 
168.993075025071 137.462487526057 0 22.9999999047944 
180.64109536031 90.8972234944269 0 25.0000020216791 
-104.307153204309 -218.34768752287 0 23.0000039915759 
239.11222910573 37.1624864534056 0 22.9999997716382 
-115.709115814614 215.935162750444 0 19.9999999510886 
-64.4552270423899 -236.351707037467 0 19.9999998056519 
137.909937161934 197.619822165151 0 23.9999954109667 
-61.5924558045551 231.944274470162 0 24.9999997220412 
-224.845379292417 92.1153067504679 0 21.9999996282064 
-16.4552638708758 -236.410878207773 0 27.9999997252142 
111.468856894651 144.876383905544 0 35.0000130844475 
-233.888080029344 43.9569272988995 0 26.999999800815 
123.324863856192 76.9025885108758 0 33.9999996581097 
84.0328820775684 216.22794898881 0 32.999999676776 
46.8152653038248 -39.3871271248963 0 36.0000027530018 
39.4776960034247 -233.671546007164 0 27.9999996489069 
-235.676825260057 -12.01449700999 0 28.9999997001769 
97.3474084718316 11.9012820997935 0 35.9999862057872 
238.689605401055 -11.835690540979 0 25.9999997467648 
215.439631751373 -71.4631897057484 0 37.9999996636486 
38.8424103890692 -162.674388997768 0 42.9999995718444 
-152.712406466921 167.92893567787 0 38.0000110447948 
41.2560865855051 160.81905372992 0 36.999999632783 
2.12834640239249 225.972857080781 0 38.9999881398469 
-162.288651496303 -0.946109311083017 0 40.9999995979729 
176.160144860029 17.337362670037 0 43.0000035640775 
112.011766308254 -197.419823598201 0 37.9999996220001 
-51.2854789514499 167.766660450583 0 39.9999995986288 
-11.3525921312103 -92.8427230098772 0 42.9999995644027 
-29.8721555871073 -2.72599926750832 0 48.9999902587829 
170.783543528418 -140.236975891452 0 43.99999956333 
35.4247170352504 73.0124756414376 0 51 
-159.345842780946 84.0029327670978 0 43.9999995646715 
-146.703994418412 -159.87338134898 0 48.0000114381434 
123.768901930855 -64.6683096340677 0 44.9999995534016 
-102.811768810892 -71.1351432422529 0 51 
-69.3464068589924 83.684541455132 0 45.9999995318583 
-53.3991592111394 -171.284332116026 0 45.9999995383471 
-201.326258013117 -80.9277643656767 0 47.9999995335568 
