264.105143279726
-30.9955010830243 -258.251746167143 0 3.99999995838365 
62.3593988505115 254.57888946122 0 1.99999998221495 
-173.259015547233 -71.6832480895816 0 17.0000005567487 
82.7621466545927 245.125046132954 0 4.99999995342123 
-209.997342373888 -150.064590111439 0 5.99999993924206 
212.458204910382 128.131467006357 0 15.9999998429104 
-203.178625895125 54.6769880486916 0 6.99999533786802 
-216.089551355594 -137.459631315941 0 7.99999991834864 
144.23153511564 214.045617515732 0 6.00000452864275 
201.80627733624 111.080064201303 0 1.99999998221956 
225.229186263699 86.0436161461365 0 22.9999997642653 
181.295289030556 153.236933867782 0 22.9999998467301 
-157.836572343739 -121.098706754767 0 22.9999997688739 
-9.78243162680359 -238.477879344375 0 25.0000020233885 
-54.7784545527126 -237.879469388965 0 19.9999998195448 
-183.221994472481 -158.254865093745 0 21.9999975388677 
40.1409898872908 -235.711625996461 0 24.9999996580604 
86.9069398324716 -224.897474416335 0 22.9999997824473 
154.935789605873 188.252827707609 0 20.0000020408061 
-176.577716006279 -30.8177827457755 0 23.9999997570158 
-134.841656901613 -186.456700224789 0 34.0000075230891 
168.923903352297 72.1254935303825 0 34.9999917840964 
-230.82648013052 -54.2031840289885 0 26.9999997303231 
-197.210596785821 127.99379559689 0 28.9999940383278 
-205.533126825697 -103.04216661527 0 27.9999997255008 
-122.650512089338 -4.51460828100245 0 36.0000027518336 
103.665923747714 206.550148026633 0 32.9999996739899 
-224.231587180914 80.0890422189344 0 25.9999997439765 
117.849290950569 -73.0320903567569 0 35.9999996460111 
129.762385503955 -197.249485240781 0 28.0000053828519 
-223.760541666523 12.4231803129614 0 39.9999996005941 
34.7007920198394 223.426477873588 0 37.9999996243614 
224.713693764109 25.0457948773633 0 37.9999995750803 
38.849497539617 -73.2124283732396 0 42.9999995844206 
11.9197971375894 -178.269805648205 0 38.9999881787966 
84.1764020091622 -143.933511487564 0 40.999999588055 
-105.01912911394 -81.5219761456641 0 42.9999995735108 
-64.0058142546807 -181.63130691171 0 36.9999996805202 
30.3054259527331 56.540388668459 0 43.0000035493147 
-30.9511783931511 -114.308259863138 0 38.0000110453463 
14.0737195462015 143.030446960107 0 44.9999877420443 
-135.629854984164 170.805140820692 0 45.9999995555075 
-36.5656933678936 -17.1004955931429 0 51 
170.782013256137 -135.658975715089 0 45.9999994936085 
-50.272354167606 210.176410576082 0 47.9999995179195 
212.838451404913 -56.0897732904783 0 44.0000114102069 
-60.1423402876168 82.1373093525036 0 51 
-154.22812691843 68.989504633685 0 43.9999995665542 
105.419766733063 125.569138499928 0 47.9999995082538 
110.615517418467 11.6595434401528 0 49.0000021932264 
