291.765614577616
-191.240903304723 213.685363639006 0 4.99999995026835 
244.24116351575 -125.866583051551 0 17.0000005599407 
-169.701174135741 -10.1058044537012 0 3.99999995981132 
-97.8832990899575 198.165527037341 0 6.99999992974797 
-233.922736327123 171.009546019966 0 1.9999999802191 
-275.118454724923 18.8814846013564 0 15.9999992628998 
-237.375331043077 -166.183824763161 0 1.9999999802191 
-210.789501156447 -108.247397925849 0 5.99999994012087 
87.5350086017927 181.071702671327 0 5.99999993999769 
277.477363538446 59.4073776025258 0 8.00000049677514 
-262.885275011888 55.9132174619971 0 22.9999997694767 
259.462881513182 80.8428261531731 0 19.9999998000279 
191.282428230033 33.2511049164929 0 22.0000045195573 
-268.059149042295 -19.474298897896 0 22.9999997697901 
152.410681685325 49.1566915603398 0 19.9999998000612 
218.50805015926 -156.49021614987 0 22.9999997699819 
238.041262345421 120.416986826147 0 24.9999997499089 
-243.277212596305 -114.241656507403 0 22.9999950311789 
160.93991699026 116.622514620288 0 25.0000020299651 
265.888173841149 -31.6528594215642 0 23.999999760052 
-54.5593088104647 -251.925387867998 0 33.9999861000836 
15.359092035682 -255.304030688628 0 35.9999996400312 
248.810262309617 25.8653574720643 0 36.0000027599262 
-203.83856930967 167.398139906511 0 27.9999997199643 
-257.119577841031 -67.2375246463787 0 25.9999997400361 
201.275954263434 82.2422254518671 0 27.9999997200246 
158.028366504846 212.433204118367 0 26.9999997300281 
197.23255850618 164.401638931666 0 34.9999996500189 
-202.84067870314 -44.111723735322 0 33.0000132299329 
243.881300329474 -79.8679826528175 0 28.9999997099543 
166.47424762436 -190.201963249362 0 38.9999881105766 
-145.497404936209 204.239807138128 0 40.9999995895775 
-122.834658219818 -216.323780367654 0 42.9999995700337 
10.6577298833564 253.541712821035 0 37.9999996199026 
19.6185972160934 69.5827888108984 0 39.999999600429 
171.666248614012 -22.3924570431892 0 36.9999996301962 
-228.08725414899 106.014092849524 0 37.9999996199471 
-69.0257921755147 238.997429339622 0 42.9999995700347 
-13.8801863959166 -77.3123594161791 0 38.0000111193934 
-112.174673031712 -111.149505847126 0 43.0000035699092 
-43.359869729387 -170.693803938298 0 47.9999995200342 
172.141252009195 -105.391097407629 0 45.9999995399962 
50.1240284005256 -144.814060446694 0 49.0000021899321 
91.9651341008656 -228.988403170694 0 44.9999875902453 
89.0504842822635 -52.7014575085333 0 51 
-192.416042575118 32.1793686329026 0 44.0000115197869 
89.5078859999775 231.032764657327 0 43.9999995600445 
-139.320074341556 112.447429271987 0 51 
-9.52711689380349 169.94403445393 0 47.9999995200422 
-188.744042602276 -156.516147952081 0 45.9999995399568 
