262.987660822706
73.5390694396143 -246.241064610123 0 6.00000224928497 
251.105672273269 -71.1371944851042 0 1.99999998012064 
-250.309679425177 -48.6186340227292 0 7.99999991995361 
-132.305799736308 -221.478686370136 0 4.9999999499846 
-249.86548956 75.377690426037 0 1.99999998012064 
-11.4151747199585 7.77239464698388 0 17.0000005598637 
222.388385157299 -132.732869333229 0 3.99999995992765 
-140.993792980507 -56.0317678678477 0 15.9999998401023 
-39.5577991153141 -253.924865193474 0 6.00000224928361 
-224.605860308374 122.808356430639 0 6.99999531135832 
95.6613581931656 82.7909044510636 0 23.9999950204472 
-242.063744495038 -21.1694830207223 0 19.9999998000235 
239.161809776327 19.8923654235563 0 22.9999997699975 
193.460225284995 25.1235347726392 0 22.9999997701168 
-218.83562136541 93.3685138391969 0 23.000004509341 
-33.3061099828617 238.675000392501 0 21.9999997802503 
217.002743269485 -97.7135361718865 0 25.0000020299014 
167.876301204831 175.671713439546 0 19.9999998000333 
88.9289684878639 34.255614028555 0 24.9999997500727 
132.489889361266 200.101241062292 0 22.9999997698162 
-155.668182456927 -174.692995061845 0 28.9999997099362 
-82.7498127255771 214.585164390007 0 32.999999669987 
223.9338105238 -37.1085816670521 0 35.9999996404325 
76.3860724420491 214.8104782901 0 34.9999996501625 
-194.251615789027 135.755151905981 0 25.9999997400254 
34.9521786070384 167.352787269187 0 27.9999997200489 
-192.108417813648 -46.4769053083629 0 36.0000027592594 
16.5113736623292 234.406872301809 0 27.9999861610265 
149.644154659503 61.5810702078757 0 33.9999996600629 
225.944023342538 68.1136410987099 0 27.0000132890587 
173.479670533907 -143.262875877241 0 37.999999620086 
-125.705274421696 -1.12037437507849 0 40.999999589852 
-191.822359284627 -119.476358720209 0 37.0000111293951 
-138.181699216849 168.636215984809 0 38.9999996097673 
-88.7594699397326 -201.28668013544 0 42.9999995700763 
-211.978595289815 30.7427865575587 0 39.9999996001672 
189.207779023274 121.736863974207 0 37.9999996200613 
115.803033425239 141.428015808985 0 37.9999881207514 
-50.2264955150598 -37.9843739646426 0 43.0000035697751 
43.5181298256181 -16.3591628607629 0 42.9999995700682 
4.63523637321818 -211.936978153856 0 51 
76.6288037621173 -98.9708031609803 0 45.9999995397181 
-12.4703678810947 -117.473225259153 0 45.0000115092849 
-106.244707543414 -110.963555798849 0 49.0000021899575 
-144.342967795366 83.8598242319371 0 45.9999875807494 
137.95511671179 -23.8170717189777 0 51 
-39.714291426723 150.734213995386 0 43.9999995602268 
-54.4050025804803 56.5255967854064 0 47.9999995200535 
28.8804543135551 95.6092571572545 0 43.9999995600625 
101.111624150847 -189.72647146423 0 47.9999995199988 
