263.082830483307
77.8540117749857 46.7347072213133 0 17.0000005551357 
-253.018255504037 54.6740841400919 0 3.99999995754249 
-241.499390655029 -87.1239840910006 0 5.99999994000499 
-4.94260377537625 -260.217904026439 0 1.99999998369005 
50.7782194927885 253.038168828702 0 4.99999995491001 
206.281636559587 55.4943959587507 0 7.99999534912606 
-258.409373962287 -30.8812766710346 0 1.99999998369005 
65.8331641527499 238.151042983825 0 15.9999998443171 
-11.1592664898207 -186.301465958531 0 7.00000449157859 
151.515387682681 207.167083003376 0 5.99999994000499 
226.808785139964 78.724459878259 0 22.9999997663741 
-0.647292182377787 156.47172882476 0 24.9999950637346 
179.031403968449 74.1068823942744 0 25.00000202545 
-149.353325940833 187.971672404271 0 22.9999997661831 
118.192747587788 184.305194734773 0 22.9999997777142 
-112.21068940975 213.376878835568 0 21.9999998004979 
98.1895335449196 222.369238115333 0 19.9999998022953 
217.67512329138 -108.197981798236 0 19.9999998018155 
-213.489497966011 -109.827136265616 0 22.9999997614985 
-37.2584349272226 59.5892447701722 0 24.0000044344368 
177.730878829208 -144.536078588339 0 33.9999996613176 
-109.286521710513 -209.26432832326 0 26.9999997381418 
201.112017700904 -55.751199605839 0 35.0000131763925 
-233.13319723125 21.0638080374067 0 28.9999997016074 
165.976433452537 166.480511946363 0 27.9999997123774 
-74.4577518804856 12.5125870878102 0 36.0000027583061 
23.8948473309194 235.875611710304 0 25.9999997428925 
7.8321739226428 20.0059672221381 0 35.9999861120754 
-215.535623154108 80.513999880002 0 32.9999996712851 
200.642860283371 122.500530209924 0 27.9999997256042 
-166.507120695761 130.47604414469 0 36.999999750708 
57.2685015691604 181.266086401504 0 37.9999996242737 
117.109735693734 -188.695763216615 0 41.0000052642864 
-63.9553181929521 -141.671401548679 0 42.9999995683999 
-45.2623225412201 -220.484926818213 0 37.9999995107358 
63.234664484123 -32.0186603010659 0 39.9999995944426 
224.687338328418 13.3371939647848 0 37.9999996124166 
129.618178095598 -74.8465601427779 0 38.9999996116909 
30.0780462117429 95.8091202444467 0 42.9999938966521 
-203.553240046367 -44.5793683394998 0 43.000003566394 
-44.2159490578691 212.532139888385 0 45.9999876824636 
53.2501249979808 -122.469248980697 0 51 
-23.9014180538224 -58.8481838313252 0 49.0000021076708 
-154.61678761474 -149.51345476677 0 47.9999995239826 
-117.752829376545 -64.1316614745463 0 45.0000114051288 
-153.348616462002 32.6824803833649 0 43.9999995658526 
36.615014425017 -216.001452586778 0 43.9999995618857 
117.903171732926 110.22252231235 0 45.9999995357166 
138.687366850025 13.2680879445763 0 47.9999995990058 
-78.9208270035353 121.953063052989 0 51 
