261.25434301305
115.549679493151 -228.303029826523 0 3.99999973659737 
232.907884698649 -101.044783802944 0 6.9999995853853 
133.12639855493 -113.079959374201 0 16.0000002262985 
-25.0084996520848 257.299357213581 0 2.00000031145191 
-159.465641048299 -197.809530690424 0 5.999999934724 
-251.300920302831 60.2187074828468 0 2.00000031145193 
-171.288120800711 189.435586140989 0 5.00000025294019 
-145.01126084112 195.41373534046 0 17.0000001184272 
-47.7663651906858 247.46370226858 0 7.99999953334016 
-255.107312696137 8.6598501399549 0 5.9999999893834 
-224.604390702649 76.4361814701871 0 24.0000002154493 
-236.242110573311 30.8997838347604 0 22.9999998020195 
-206.049771565648 119.618656411127 0 22.9999998024229 
156.790843429679 180.718760015938 0 22.0000037166006 
-235.634948372037 -17.0963752847978 0 24.9999991950466 
-233.144290759245 -62.0273951293509 0 19.9999998161194 
216.804605582255 105.827317022109 0 19.9999998191795 
-215.644138804274 -101.305179150462 0 22.9999958457194 
-79.9017481620748 112.640595381949 0 25.0000020084691 
-179.222347520352 156.985611218489 0 22.9999997789738 
-129.114756563091 147.486630036031 0 28.0000129423208 
-177.432736732961 -56.3508884953248 0 35.9999998315333 
220.443522227454 50.9478287069415 0 34.9999996438351 
186.498412143704 141.75132861079 0 26.9999997482304 
223.80161508059 -62.088028427609 0 28.9999863149551 
161.164581055042 86.2608158659696 0 33.9999996881282 
164.21305458055 -36.1226280931351 0 36.0000025345709 
-189.799768930276 9.51445393476889 0 27.9999998618036 
-130.698720425734 -5.58740103971525 0 32.9999996768421 
235.109185985357 -8.26296627193391 0 25.9999997577805 
113.583897567355 24.5213231870203 0 42.9999997176384 
-171.29156361719 -143.184153874892 0 37.9999995880436 
190.158096611938 -118.869291809004 0 37.000000037812 
66.3791724317579 -213.157940112828 0 37.9999992751821 
-18.1476141050416 -129.534534078887 0 38.9999995013302 
32.2869792755603 41.248928812791 0 40.000010442451 
89.9036212158738 -62.938836960107 0 43.0000033397863 
58.4314725378519 -137.574648658241 0 37.9999997306533 
135.006596158617 -174.02643327871 0 40.9999887355901 
-83.3045629303674 201.730781377062 0 42.999999631513 
-104.355388036752 -190.550262796825 0 43.9999996001386 
92.7013588849485 196.483861325782 0 43.9999995913155 
-94.0480091153104 -81.1699800705417 0 51 
-6.76652320599311 121.901984173951 0 47.9999995235418 
4.66974217603372 215.203696264336 0 45.9999879021267 
-0.00315142736964869 -43.4254242259202 0 49.0000021911303 
85.1587182273999 107.804041165176 0 45.0000111769923 
-58.6390289096473 37.5797263809983 0 51 
-150.476695981279 74.5505658759172 0 47.999999549304 
-17.6095737156552 -214.532830317176 0 45.9999994973156 
