288.342733554939
121.906460358479 -253.559754178598 0 6.99999915962704 
-26.0959981709012 -281.134163566911 0 5.99999993773373 
180.835088601829 219.429853620263 0 4.00000002341901 
111.925371070223 -263.561894056737 0 2.00000032779925 
-119.736421445666 56.059037599411 0 7.99999974009157 
235.30787838869 -48.9588457605916 0 17.000000308423 
269.177354415865 -41.4018864787223 0 16.000000019909 
-170.540248490107 142.507487656143 0 2.00000009318654 
-2.86108012074256 -283.328287350917 0 5.00000050053486 
-164.10118931421 110.541871515474 0 5.99999988923633 
-158.607428307232 70.2696747492786 0 23.9999997665908 
-196.493978976077 -182.751029573268 0 19.9999998050225 
-258.129268892664 61.4495467577636 0 22.99999977 
147.585249577263 220.511588208802 0 22.99999977 
185.58889895648 189.64051989508 0 22.99999977 
193.435620126819 -185.985170273582 0 19.9999998050225 
-14.3773849606643 65.7217325019553 0 25.000001841635 
-244.220751376023 -106.276414437707 0 21.9999997708967 
-13.8473969363744 264.981161217248 0 22.99999977 
-50.4520259248125 -29.3312103506398 0 24.999999742488 
-126.888355516695 226.18134149308 0 28.9999989095658 
34.538734396043 -159.931262055417 0 33.9999998851848 
-186.644535126151 181.499741065708 0 28.0000004765548 
260.322252550072 3.26646087386446 0 27.999988550665 
-228.173236063718 -41.0044909657382 0 34.999999920764 
-52.6666563333193 127.06706100685 0 36.0000026090511 
35.76103878932 259.89393601563 0 26.0000000498888 
-67.9643274399594 246.131594711944 0 32.9999997098623 
243.801527619874 65.0973930014682 0 35.9999992110221 
-261.087940870038 11.5371499968881 0 27.0000106774849 
189.498439905181 -1.73213245056548 0 42.9999997847723 
132.278648601867 128.118253396381 0 39.9999995999999 
135.400417900806 -72.0071119554283 0 43.0000001127682 
40.614916974238 117.557284945391 0 43.0000025335942 
-9.83788067306927 200.335123245297 0 40.999999596195 
211.150447515059 132.617070633319 0 38.9999996146304 
-123.800465849198 159.252534101242 0 37.99999962 
-67.1469111449359 -128.109306501176 0 37.99999962 
53.6681376111184 -84.4576807438916 0 36.9999996315723 
-140.637311897568 -207.105361532177 0 37.99999962 
33.3784798502513 -242.052160865367 0 43.9999995649051 
214.892704930472 -112.03180806943 0 45.9999995409926 
22.9496517115068 -0.201542920042384 0 43.9999995649051 
108.925218360161 40.5639254439919 0 47.9999995190055 
-168.770514148329 -114.660759925311 0 51 
-140.677109563115 -13.2865786747039 0 49.0000019443964 
-60.4397057949158 -234.684985751212 0 45.9999995409925 
-214.983248745824 114.008284510214 0 44.9999995421875 
79.5422229989597 200.234837594389 0 47.9999995190075 
122.964145059911 -194.632258668721 0 51 
