270.47886461085
141.311420216621 223.562412796641 0 5.99999993998849 
-249.426864998401 84.8961199416151 0 6.99999992985417 
-171.734829786432 -206.368720959259 0 1.99999998007578 
41.0286792228619 259.252390325333 0 7.99999991992604 
159.759631765875 -212.028035130373 0 4.99999995004718 
105.234950774934 138.709109810594 0 16.0000044589716 
-226.13267125635 144.723583919839 0 1.99999998007578 
158.794088431223 -88.8789756675048 0 16.9999959410148 
-19.6788258035718 -263.745736783103 0 5.99999994007092 
266.468110548299 2.39402697443669 0 3.9999999599752 
-159.79109351333 25.0484672095123 0 22.9999997707368 
179.579290396676 72.529854993094 0 25.0000020299595 
249.993608010991 -15.5839019423039 0 19.9999998000638 
242.290305976807 50.4102793714975 0 22.9999997697864 
-17.0001916332611 -176.875046787031 0 21.9999997801652 
-187.736787923026 158.160588013788 0 24.9999997476625 
-211.651900469385 -126.314315029955 0 23.9999950253987 
175.101238872806 -174.886662534111 0 22.9999997700833 
47.3746060630137 2.70812402392932 0 19.9999998001034 
6.09893366584558 -75.6665631923375 0 23.0000045060403 
-177.33006115441 -165.378503228138 0 27.9999997197678 
30.0959973568796 -139.986009708832 0 35.9999860810062 
-214.76486782446 112.570206985887 0 27.9999997198142 
200.471730755524 -121.619989622285 0 36.0000027597925 
-132.564140461574 -25.0284035034596 0 33.9999996599771 
96.0852762282371 90.5709333529994 0 32.9999996700779 
-87.6047559970714 225.027662574176 0 28.9999997098864 
224.769065757553 96.1705907399225 0 25.9999997400976 
75.9154230829775 -44.307016532928 0 35.0000132091325 
200.370696056429 23.1568977069775 0 26.9999997304478 
196.405775175956 -44.7274127908901 0 40.9999995899967 
-55.7042589809153 -29.6715920669882 0 43.0000035697581 
105.515529368453 -116.472355655644 0 42.9999995701587 
-120.444558867819 -198.845495062711 0 37.9999996199249 
-49.8779441978487 -227.06521828379 0 37.9999996197912 
-223.546262404533 42.1153490220136 0 42.9999995700514 
-25.0034532248894 46.364329975299 0 38.9999996100485 
-125.864199840877 170.025722739557 0 37.9999881204137 
35.1096859268835 129.312639694319 0 37.0000111299097 
116.777177127238 -198.704801516522 0 39.999999599947 
-49.8893044998163 129.729157719683 0 47.9999995201106 
-135.995905602648 -106.425237997028 0 43.9999995600538 
-47.6632247586069 -117.303436865296 0 44.9999875904987 
90.6885994559177 202.060546499799 0 49.0000021898234 
-141.816494904772 89.5923694973504 0 44.0000115195541 
-213.391054824485 -51.3344865904916 0 51 
168.94905694843 144.751724043995 0 47.9999995200756 
127.545678377773 18.1054727702177 0 45.9999995400124 
33.9627760139408 -221.89477398332 0 45.9999995399263 
-7.80719894641144 219.339963162426 0 51 
