265.047748785184
-91.2617627749932 240.301509137917 0 7.999999468978 
256.65212467017 -35.1482910783855 0 5.99999993999991 
126.11460822145 75.8527127948386 0 16.0000000063725 
99.6701675607654 241.271142194861 0 3.99999972360376 
118.204966470159 -230.506618918046 0 5.99999994000056 
258.082012316335 -50.8701476992801 0 2.00000033470821 
-226.806301227116 133.240379509061 0 2.00000033470827 
8.3397951717789 -9.17144226763644 0 17.0000003717246 
79.8455237472267 247.486369473122 0 5.00000042284114 
-247.844723658477 -71.8443675040163 0 6.99999945706311 
-239.284175261764 36.4718551746929 0 22.9999998153764 
-53.0203607214828 -236.169333400648 0 22.9999998914413 
231.426599048659 -63.754615214336 0 24.999999823292 
188.74884877727 151.528825226606 0 22.9999997660138 
-100.038712037964 -122.765251114461 0 25.0000019491487 
-193.347973195355 147.271075080527 0 21.9999997521846 
161.209742685063 184.553022461818 0 19.9999998115152 
-131.541015363736 -86.5491568297478 0 23.0000041967051 
-14.0827450335699 244.642710836357 0 19.9999998381241 
183.049337035159 -156.834179077816 0 23.9999951561988 
-81.062515248403 -15.0852902564577 0 34.9999996387287 
-98.0425464571482 98.6506328720059 0 33.9999996737502 
111.676706962033 203.407155238516 0 32.999999682294 
145.404026594985 -189.740583272523 0 26.0000131039465 
19.2322328659937 -135.067983796289 0 27.9999997933285 
143.453462961305 26.8285892273228 0 36.0000026788057 
-98.9854178163165 -216.491626240856 0 26.9999863745366 
-155.12899672715 -40.2068700550941 0 28.9999996131292 
162.711769928299 -42.5480492244532 0 35.9999997017002 
209.032112866038 -111.79092388941 0 27.9999997397804 
225.045821613426 0.93143901784149 0 39.9999995809828 
-39.2718992353573 -80.945326005218 0 42.9999996612021 
131.846939052349 129.54760806539 0 38.0000103217938 
6.41503106232299 -227.957503168932 0 36.9999996515625 
64.5598586785444 30.9273913898475 0 43.0000034550975 
-208.756261274422 89.2832782123216 0 37.9999996111542 
-225.876089629415 -23.0363227133983 0 38.0000001046621 
-147.39492821798 -168.73686299358 0 40.9999996907587 
130.846153969292 -114.836239092481 0 42.9999994782278 
42.1415223830874 222.084853213556 0 38.9999884445586 
45.2793301723271 120.884393765724 0 49.0000022114303 
-197.205335186254 -99.8607186611437 0 43.9999996860972 
52.8689997157602 -62.3427783845717 0 51 
-32.9778308797563 178.197717572692 0 47.9999995099243 
-128.911086829666 174.618605969916 0 47.9999985789056 
-145.376302404368 34.1563262958267 0 46.0000004462978 
-47.5481667105439 -167.550771993306 0 43.9999996068497 
202.350232601509 83.8826802703939 0 45.9999898354087 
-27.0795178174501 51.8612259063024 0 51 
74.7592777743749 -182.646738583528 0 45.0000091419114 
