266.133350418991
130.040742804676 -229.903951463143 0 1.99999999117414 
250.983030100058 75.6400156493778 0 3.99999995022901 
-183.246333121036 170.257083373788 0 15.9999998473376 
44.8447120371064 211.555717125176 0 6.0000041402194 
130.792701713604 -106.957395413613 0 17.0000005507718 
72.0433197790072 207.041494777157 0 6.99999541619643 
252.455078370193 66.7612164474048 0 4.99999994857951 
-175.841748225405 197.094143161763 0 1.99999999117414 
-31.1449633928755 186.622322286554 0 7.99999991517476 
-192.74406392728 10.6083162083006 0 6.00000024914323 
-200.953446132662 133.277926363067 0 24.9999989517028 
-234.480806952238 -74.835637711317 0 19.9999998294176 
-151.115495096273 137.300207987563 0 25.0000020179072 
36.5130737048242 -240.37600028027 0 22.9999997915048 
239.487904313581 41.9448431571432 0 22.9999996759357 
-8.34150835919214 -243.990799427826 0 22.0000035368116 
228.293506962596 83.4621338684712 0 19.9999998112268 
-104.933916096935 -218.214189167196 0 24.0000005195304 
61.6559841741527 235.185814932332 0 22.9999961752462 
27.6715678670269 13.2586634371694 0 22.9999996907168 
203.10475020149 124.321973473117 0 27.9999997318671 
107.800729068017 211.213704148698 0 28.9999996782297 
-201.661394269866 -116.977952096879 0 32.9999996753128 
-55.9728211640844 -232.49043567675 0 26.9999997289292 
156.773331689184 168.47397893235 0 35.9999996653797 
-143.822629468261 189.796058679715 0 27.9999997282987 
83.1312495198141 -225.284756290068 0 25.9999997555403 
-167.67961540717 -58.077724699478 0 34.9999861905558 
84.655150202029 28.5515256375624 0 36.0000027263915 
-141.486446058857 5.75735805398491 0 34.0000131194952 
227.433773361827 -17.8522959083163 0 37.9999995794128 
-15.2222250168087 -36.9023018732773 0 42.9999995849828 
49.783801797411 165.64688891968 0 39.9999996007701 
0.181142670346238 227.133278477493 0 38.9999996031394 
48.3360186692602 -171.569843428783 0 37.9999996165052 
-227.549618664808 -16.3095672428618 0 37.9999882197452 
177.659714549487 57.285397254285 0 37.0000110890059 
-68.5838083217842 30.5405775610774 0 43.0000034774148 
-78.1989888257012 211.115948423397 0 40.9999995864594 
146.481312119993 -20.6269867819864 0 42.9999996425645 
-82.6722433663938 118.418429842074 0 45.9999996046584 
134.335525747887 -171.860772967293 0 47.9999995045803 
8.26726069329334 84.6692571939465 0 51 
-37.7094180405352 -158.717483957251 0 49.0000021907416 
195.107694731492 -97.5456110781926 0 47.9999994693001 
-198.043311758272 62.3375929272982 0 45.9999995430144 
-136.483565919367 -157.976151519923 0 44.0000110753527 
107.982188313382 105.075049508957 0 43.9999998064054 
70.3615263418229 -75.7793070410893 0 51 
-91.1506520493762 -81.3868132498437 0 44.999987797724 
