264.535733821422
119.097629722947 -230.00811999287 0 3.99999994921402 
90.0199673488557 240.901865977436 0 4.99999997157213 
241.111347501777 -84.6454040515668 0 7.00000430029594 
38.6245315473981 12.9244801331921 0 5.99999993999968 
-159.028909933315 202.18050264183 0 5.99999993999968 
253.722079099776 61.2170543355908 0 1.99999999617899 
229.270796098615 115.089039699631 0 7.9999955101294 
-128.439968454637 -53.3057580277389 0 17.0000005545463 
39.3346416421098 -257.049591266322 0 1.99999999617899 
-156.557136372225 -19.7101103183975 0 15.9999998418849 
-241.257689228103 11.5861203393123 0 22.9999997732974 
-150.46820519071 -188.821138251958 0 23.0000021180989 
241.681123011024 37.2553349771107 0 19.9999998027198 
-170.238557502096 171.34276859227 0 22.9999997734979 
124.720126136642 204.504909553507 0 24.9999997454583 
211.573816228385 -113.064619389418 0 23.0000021181144 
47.9078533705535 239.796919902749 0 19.999999801894 
-237.931984997977 -35.296063982674 0 23.9999950545679 
137.569110503458 -199.745643494359 0 21.9999997854547 
81.2809502365968 53.2839346348017 0 25.0000020268966 
171.384756327561 -161.568398311658 0 28.9999997089794 
164.729462569325 169.744997153485 0 27.9999862033591 
-47.8619684190018 137.00301632177 0 34.9999996430914 
-106.889152384538 -4.31233008077223 0 36.0000027278602 
197.307123359533 126.678832924442 0 25.9999997455685 
169.131555473227 48.6651202046889 0 35.9999996675622 
-183.002679533421 -141.840810316112 0 32.9999996691257 
-228.541376995639 60.975343383893 0 27.9999997165946 
-177.587993586055 25.6518010020687 0 33.9999996698832 
223.451791533272 80.5761463959766 0 27.0000132479758 
-195.263396387977 116.810600380104 0 36.9999996320931 
-24.7101226257476 -131.721521377314 0 42.9999995685485 
-183.428167983653 -68.8420510457931 0 39.9999996000948 
61.2755507116549 -133.291181804119 0 42.999999572043 
65.0212723675889 184.379135535814 0 37.9999996209789 
110.984465774397 -9.0677401494085 0 43.0000035660971 
33.2507816062917 -50.6392106136192 0 40.999999592222 
-90.9168982408257 -205.896010359201 0 38.0000111014151 
-50.6501508628595 -53.9326216742411 0 38.9999881216573 
78.9077059659521 -212.348799861112 0 37.9999996248502 
-29.9215995236755 30.561904831833 0 47.9999995187369 
-16.4466979195431 214.907323582256 0 49.0000021907615 
29.2070661363798 106.191268925912 0 47.9999995189371 
-110.637163363418 -112.733593232898 0 44.9999876138378 
-114.281582848303 82.3730351106833 0 51 
120.986627648068 112.556166555296 0 43.9999995651035 
-106.815443003154 192.941612542823 0 44.0000114947312 
211.802488479839 -27.1517084614562 0 51 
140.700269724306 -93.1325731018363 0 45.9999995411948 
-4.86812453789185 -218.481506127545 0 45.9999995395514 
