262.934889047458
-199.752246078075 73.0832794918819 0 2.00000003192439 
210.618447509404 126.97967886743 0 17.0000005507995 
-129.009887655811 -21.3266850623727 0 8.00000034997491 
137.385528198318 -215.934891305219 0 6.99999985754766 
246.811161230717 -71.4125804279525 0 5.99999994125316 
-257.678307883412 -11.4998354523028 0 5.00000001846235 
-181.426608415478 -181.862470603398 0 5.99999994183806 
222.94381033075 17.9514330065339 0 2.00000003192435 
71.5408571991622 248.665621074615 0 3.99999992543262 
-124.360954450023 -68.6376504198759 0 15.999999350843 
-158.757101917142 -46.3238737630103 0 24.9999956195295 
242.906606579591 -3.70687030591158 0 19.9999998024761 
45.0834891817196 -17.3176494327168 0 22.9999997799382 
148.580551743863 -185.840873025054 0 25.0000020243745 
221.793548385539 -88.8678862748928 0 24.000003866893 
-242.511376168113 14.3385043810934 0 19.9999998047184 
236.768273100767 38.8527447222654 0 22.9999997735029 
236.63277890653 -45.3271279850118 0 22.0000003331378 
12.5827912206505 -239.604725354878 0 22.9999997744221 
128.142441679188 -52.6618060204259 0 22.9999992210077 
94.015646356674 119.129393484049 0 27.9999996435234 
-55.7981324380087 219.968204606382 0 36.0000027306169 
103.510125128778 -0.152279058565433 0 35.0000130966097 
36.4497476063093 139.307778429839 0 32.9999996714097 
221.060435050121 85.2667919804546 0 25.9999997443393 
-87.6752070459428 -34.6647811801271 0 33.9999996618974 
174.642496180312 155.645528967749 0 28.9999997085465 
103.618255397011 -211.963508860349 0 26.9999998123053 
-93.9942015387494 -110.849720008475 0 35.999986217827 
-227.18953015234 59.8274151975318 0 27.9999997129249 
-102.206984951537 91.4303753115093 0 37.9999883849047 
-122.293360839338 -186.39822609045 0 39.9999997886185 
-47.2354409838915 -216.849967368711 0 40.9999994093055 
44.0638530962793 -188.526902059001 0 37.000010873876 
-39.4757191400613 142.672802470417 0 42.9999995741146 
-221.406360360954 -39.6853631420089 0 37.999999622482 
180.524822770225 -12.5110153486292 0 42.9999995605096 
-191.302241115059 116.405700784947 0 38.9999995951917 
-18.5771705148483 -54.8999311797774 0 37.9999996309419 
54.2404187562073 60.3167100578003 0 43.0000035600556 
25.1267932548634 216.481547245234 0 44.9999995696699 
-126.127987724512 174.036583292189 0 48.0000114083049 
63.651354747666 -88.9509182657122 0 51 
156.992487111005 -115.340946993333 0 45.9999995417232 
-35.5397955105348 32.4686598419322 0 51 
-178.727448701109 -117.578229190045 0 48.9999902996975 
-18.3565241258411 -136.906187192965 0 43.9999995633434 
-158.801002393933 26.6761081851697 0 47.9999995188704 
150.438130665541 71.2493022000297 0 45.9999995143929 
109.89270411402 189.357015729528 0 43.99999956817 
