394.116089309552
66.4525725538609 -386.444089059443 0 1.99999998855973 
182.233787609727 347.197158759383 0 1.99999998855489 
-297.863058303203 62.6617308823271 0 8.00000000986143 
-133.768153037309 271.551400410653 0 15.9999997501358 
-299.853248455555 247.427801274401 0 4.99999994357545 
-191.653835366767 -81.7439898359837 0 17.0000003289536 
-385.833127904874 -42.0338492132663 0 5.99999994000189 
-224.454565379126 -316.338468501438 0 5.9999999400007 
113.122493716298 -373.354805194755 0 3.99999995572734 
274.668078896741 -111.831746651661 0 6.99999993641467 
104.580081930504 -18.2241206504463 0 23.9999990625633 
-251.504559886113 272.486906261663 0 22.9999997702629 
369.751299713492 -31.7974645159591 0 22.999999770267 
236.773336253242 -283.169648802818 0 25.0000011283667 
14.4825267311588 -141.969044659906 0 25.0000011311072 
-325.628730206361 184.197526651583 0 19.9999997887758 
324.973674000082 181.280029345514 0 21.9999998003603 
371.842249032767 41.1846162860545 0 19.999999787964 
-247.89608007094 -275.744005576636 0 22.9999997702629 
332.021544254634 -164.949096592461 0 22.999999770264 
-259.086745460032 -146.147437065257 0 33.9999996600212 
286.056992157198 -214.951564187124 0 36.0000014514266 
-331.614248067854 -152.065561355934 0 28.9999996624566 
227.06822697473 91.747081168924 0 36.0000014514287 
-136.773801611326 339.473743332843 0 27.9999997199959 
345.173802460587 -97.9462204031572 0 34.9999987510675 
-198.771006619863 308.375086840531 0 26.9999997367947 
-285.977721801969 -219.91792694053 0 32.9999997107445 
-138.371985732726 91.6141598024241 0 25.999999726413 
-355.754140035492 -85.0105182227388 0 27.9999997199941 
-263.414170275474 174.196648080468 0 37.9999996199418 
-61.3737700568903 349.525109373991 0 38.9999995545585 
21.0264892470288 -355.219445825282 0 37.9999996199398 
-68.3697730242865 -344.099686506208 0 43.0000014088934 
25.7235347080451 353.180499399013 0 39.9999995993131 
-339.026361330973 108.114897709484 0 37.9999996199402 
304.1972426028 1.16263501125227 0 43.0000014088941 
268.75729586072 225.448764374937 0 43.0000014088932 
-74.7091517938322 -249.350516336815 0 36.9999996114289 
110.720677246936 237.540341699236 0 40.9999977887238 
145.162386369723 -316.073116866423 0 45.9999995030519 
49.978895330281 129.331304011168 0 47.9999995569533 
57.1087751617317 -246.427953779551 0 47.9999995569533 
187.086556333688 -216.139504297269 0 51 
198.800301595089 287.924258259047 0 43.9999994984071 
-348.657782515267 9.72477580990056 0 44.9999995992588 
-161.5283672807 -304.709127348087 0 49.0000020073178 
331.208215135673 106.434794922054 0 45.9999995030497 
-8.14006805622292 256.737241196478 0 51 
115.875474210989 330.384784510779 0 43.9999994984204 
