261.613504652747
-253.195291567769 -35.0772079074447 0 5.99999532350707 
174.268298788421 186.999528940324 0 5.99999994001228 
-176.006447938084 -182.596659520247 0 7.99999991971262 
53.6530139810268 251.590001341252 0 3.99999995981247 
-254.485412707068 8.07536411045305 0 6.99999992995073 
-258.477320393265 24.2620409111077 0 1.99999998028705 
210.516203533338 -124.574052048797 0 17.000000559931 
-191.916880202242 170.347877881498 0 5.00000456651694 
68.9854099678367 -249.378064953033 0 1.99999998028906 
-199.277348076866 143.577617655123 0 15.9999998399808 
235.54429735674 -38.1482463884715 0 22.9999997700949 
179.651143476197 161.562843424714 0 19.9999998000469 
238.487370298225 7.75750793193751 0 22.999999769901 
-235.116762036 40.7002816223338 0 22.9999997697073 
221.216363640532 -83.9599314554102 0 25.0000020299086 
-228.450727244518 -68.896080726547 0 22.9999997698247 
-149.047999893556 -190.162508026152 0 19.9999998000428 
-147.590372652227 -148.187809553593 0 21.9999997805722 
-46.2925604876455 -147.227057062922 0 24.0000044988041 
230.033777838412 55.4113165275724 0 24.9999950110976 
168.320640476482 -153.219025103101 0 33.9999996600012 
-101.310823263282 -132.088018843436 0 26.9999997300207 
142.011601350617 188.006459408684 0 25.9999997400503 
-194.654197411153 -116.031995953468 0 34.9999996500443 
-205.997422112011 92.0136714233947 0 35.9999996401446 
188.254601718044 21.1987690003216 0 28.9999861501213 
9.32244399456525 225.420815975907 0 36.0000027597769 
-140.941977761916 -83.1078544465206 0 28.0000132798524 
-5.56727437870781 -10.0691142255331 0 27.9999997199637 
-220.756486758955 -13.4271830702807 0 32.9999996700246 
181.935189409848 100.605620187617 0 40.9999995900059 
7.27421001421435 151.449165392675 0 37.9999996200352 
-86.9173247561671 -200.592231316658 0 42.9999995702845 
-67.7024009569392 207.865941197847 0 42.9999995702275 
-63.9506213714728 127.953952971729 0 37.0000111298173 
-60.6467367499933 28.0786612004879 0 38.999999610097 
164.327207181771 -46.7090973384688 0 43.0000035694632 
109.180165714274 -108.739769949092 0 39.9999995998444 
125.678864372127 45.1419027517654 0 37.999988120546 
81.3157158849405 208.304474229497 0 37.9999996196789 
-127.323630696242 77.5073136280959 0 43.9999995600396 
20.6831073759965 -118.188102318844 0 49.0000021901879 
18.1186313775322 60.0377884193576 0 45.9999995401483 
88.2865647220787 122.587456556659 0 47.9999995198983 
94.99093123346 -193.561131763885 0 45.9999875808789 
71.8621149004841 -25.7436067174912 0 51 
-142.902535274933 164.117345249842 0 43.9999995600616 
-63.3347584241895 -63.9571261135267 0 51 
3.14959730458134 -213.590284456887 0 47.9999995199606 
-142.826104421735 -10.1321482652052 0 45.0000115090586 
