266.452820910717
-152.266044214165 198.850867133784 0 15.9999998404161 
-175.051192445356 -193.25541121746 0 4.99999995001335 
209.089984856575 155.296633086858 0 6.0000021992418 
122.27054539201 -159.229033917649 0 1.99999998359535 
222.839682088031 -137.291010216665 0 3.9999999576031 
251.583060397874 79.527197470233 0 1.99999998359535 
168.10014144908 197.631250390961 0 6.99999534739619 
82.9811218138243 3.88723375480796 0 7.99999991851171 
24.2176100922937 165.208109036813 0 17.0000005586715 
222.18844087388 9.18783397148942 0 6.00000226095563 
-28.4015743465052 -101.521777817608 0 19.999999801012 
-176.385504584314 172.125381054166 0 19.9999998006652 
-240.974900432246 26.7294878215012 0 24.0000044663331 
174.71888291479 168.370492212485 0 22.9999997662642 
222.866885263359 -98.1456335218215 0 21.9999997965812 
-150.481469809159 137.803654037635 0 22.9999997616079 
-160.398800434801 -72.1932902596885 0 22.9999997702512 
-87.0062766561652 24.9843682697076 0 24.9999950388547 
63.6638969815294 158.575576815944 0 22.999999769658 
237.195977207748 43.2483196283083 0 25.0000020287725 
133.100818915885 197.84822450016 0 27.9999997167487 
-33.1489128322252 -158.290236944784 0 32.9999996703208 
227.872833192108 -36.4280279006736 0 35.0000131995546 
-200.087520078883 131.539491651861 0 26.9999997335672 
-223.354419518115 80.6017715524647 0 28.9999997088564 
-218.439065057468 -79.4901580944166 0 33.9999996603532 
-54.3522293779102 -223.951638873707 0 36.0000027580613 
-112.41183710657 -30.4733200764056 0 35.9999860914845 
99.1017145822797 -125.991767898352 0 27.9999997198281 
-239.326772857646 -23.2433468320246 0 25.9999997412251 
198.905865974827 112.370583486505 0 37.999999621887 
21.633643027756 -225.417092885053 0 39.9999996016635 
-19.4373722980918 17.3396032350559 0 42.9999995778689 
71.330881037071 218.083705481181 0 36.9999996333224 
100.507504827389 -199.573051917417 0 43.0000035583766 
-104.166077256806 90.7836122704393 0 42.9999995731188 
-122.14570029181 -191.872924208082 0 38.9999881185624 
-180.161555057661 -140.472403080931 0 38.0000111085763 
37.239902333422 -148.994291639982 0 37.9999996184664 
120.898186065375 129.935812849348 0 40.9999995881577 
-13.6690976749337 218.024748453583 0 47.9999995211157 
145.809338819603 43.4520872781483 0 49.0000021864684 
-96.3439437032556 -110.883633385266 0 45.9999875906072 
168.474515672872 -145.263881589221 0 43.9999995607111 
53.1670558539204 72.1993958903586 0 47.9999995227175 
-170.975163736196 26.9229726512723 0 45.9999995384759 
-96.2238113816202 177.420326564117 0 43.9999995608832 
33.9088557677165 -60.0566497044114 0 51 
135.830084598353 -56.0487419894473 0 51 
-23.2045767349758 125.268933918518 0 45.0000114998557 
