260.975388143366
72.0860791008307 245.615541397279 0 5.00000456989021 
-200.172211931813 157.935221341789 0 5.99999994000099 
-258.678793238856 12.3908669194785 0 1.99999998005954 
-51.7454331766091 -239.448013175542 0 15.999999840141 
68.097575692648 -249.861905538462 0 1.99999998005954 
234.500142791692 -105.100110100005 0 3.99999995996031 
-165.880244107639 -178.907055039933 0 17.0000005599218 
-253.196023123079 19.8814407790615 0 6.99999992999805 
-24.6922510219596 251.767431902845 0 7.99999991985876 
-204.798645604669 53.7598160459564 0 5.99999532010979 
234.800124607952 -38.7451539542288 0 22.9999997701723 
237.867879545279 7.15243680330529 0 22.9999997699433 
-72.8336049964588 -84.4595531280082 0 23.0000045093122 
166.086855118695 167.629175520662 0 24.9999997502062 
-232.962543787589 43.4256852372215 0 23.999995020166 
-128.447303725515 -197.953714283917 0 25.0000020299642 
-84.9377391748787 -225.509907211827 0 19.9999998001418 
226.946253807516 -81.0218221826698 0 19.9999998000549 
-100.517527976613 216.807432561271 0 21.9999997799411 
206.250589694637 -118.713856486579 0 22.999999770098 
161.255704563472 -156.877433928809 0 35.9999860870547 
102.473694043629 -117.056897286783 0 35.0000132029719 
-186.893005577849 -139.099015379569 0 27.9999997153573 
227.176014320147 55.9959007313216 0 26.9999997346938 
-203.58618361623 95.7423097148494 0 36.0000027597015 
40.352476715147 30.7365771099801 0 28.9999997098262 
-54.0100211132521 228.683953909084 0 25.9999997401491 
-113.802628521373 -44.8295192008568 0 33.99999966011 
-232.817560106035 -8.57410738512745 0 27.9999997202429 
-74.4992273714999 9.43135591627908 0 32.9999996698927 
-65.4225835076819 -167.715801760128 0 40.9999995899541 
-50.4893218020804 164.780866254472 0 37.9999996209516 
172.697329109027 99.9512504086552 0 42.9999995701418 
14.0808633600626 217.520112430023 0 42.9999995701939 
-94.5906376248083 78.5713237408624 0 38.999999608997 
93.6943517659201 74.5046507688457 0 39.9999996000437 
164.292969383988 -75.823771240084 0 37.000011129006 
-125.089896282527 -115.939264172434 0 37.9999881210474 
-19.807161939076 60.2292505719773 0 37.9999996200166 
-10.9679423842366 -32.2792705118199 0 43.000003569648 
3.8731432411147 -216.940816842507 0 43.9999995600413 
-191.046920341301 -67.2189304469004 0 44.0000115178652 
15.0653341748134 -122.602409809442 0 51 
166.895604302544 9.13638474354483 0 47.9999995200581 
-160.924370150825 22.2789105832052 0 47.9999995216961 
80.9624340285655 -35.8579546867215 0 49.0000021882301 
98.9848333199675 190.830868775292 0 45.9999995399914 
-140.700554062063 155.862174689754 0 51 
90.4086985890721 -196.141889617308 0 44.9999875921479 
27.6240545154772 129.55658692638 0 45.9999995400466 
