266.168884105446
-217.599365130719 142.612637869389 0 5.99999994 
249.626405430999 86.4399036750533 0 1.99999998041068 
-143.839540069938 -216.771364289402 0 5.99999994000611 
-61.6259904602109 -251.735471721188 0 6.99999992944689 
-240.963979832299 -100.725102984142 0 4.99999995054395 
128.544016881489 -23.8608774130964 0 17.0000005599362 
152.681762381732 120.383838807475 0 8.0000004963281 
231.69690154507 94.3451999741012 0 15.9999992631887 
39.9583759967349 -258.96139517522 0 3.99999995972784 
177.776634410919 -99.4695057459058 0 1.99999998041154 
162.622820586272 85.4794089774089 0 19.999999800049 
148.746695954294 -192.368206188968 0 22.9999997697232 
244.163168378642 1.67071250986314 0 21.9999997803097 
-214.801939924286 111.829769946208 0 23.9999950207888 
-187.060009750666 152.220177486419 0 25.0000020299432 
-154.666649120658 187.64150382995 0 22.999999769987 
107.033157133812 -216.116482610455 0 24.9999997499521 
-164.855388151905 -178.75627259538 0 23.0000045088029 
114.064213416372 -164.952904937506 0 19.999999800049 
-171.228839536352 94.2120393028124 0 22.9999997703952 
-89.8491857554548 -211.907616096075 0 36.0000027598952 
195.386416603103 127.247305966967 0 32.999999670019 
3.29803492884062 44.283108957584 0 28.9999997099439 
129.402142771905 -74.8536577382647 0 33.9999996601938 
-100.436405181671 208.210426385154 0 34.9999996498179 
-27.1794920837183 -55.0828014865081 0 27.999999720001 
-29.9380997956044 237.287713237796 0 27.0000132897547 
-24.3110862801628 91.851337497013 0 25.9999997400256 
-137.336139674895 19.2289262509745 0 35.999999640066 
232.784085609747 50.3586480735229 0 27.9999861602828 
-191.936176970646 -125.215340798865 0 36.9999996544867 
-17.5096996363761 -227.49604450733 0 37.9999996199752 
-112.705932104554 -136.286392110645 0 42.9999995698958 
49.2110178083677 -191.104483060954 0 37.9999995957339 
46.5070109978008 128.026591892946 0 41.0000053220553 
180.124809645291 -140.057462485821 0 37.9999996198905 
167.974613233661 21.3633131090059 0 42.9999938348817 
-59.0898662832566 8.34218166483147 0 43.0000035699643 
69.7166405732812 -116.88508320455 0 38.9999996116593 
-114.660380884821 -53.3094073953605 0 39.9999996014573 
-33.0109641915079 163.323793875594 0 45.9999995398799 
209.93040488758 -59.3876022875482 0 47.9999995200081 
42.8500406834453 -38.353652075539 0 43.9999995601042 
-99.2357758550242 95.2115728790322 0 49.0000021900033 
80.2852595923444 45.6856495612985 0 47.9999995200004 
-216.887513081354 -48.1541268245644 0 43.9999995600575 
40.1029810443045 217.502692206385 0 45.0000115095916 
-216.156229643195 41.842889292574 0 45.9999875804058 
-18.7434429453062 -133.631086713435 0 51 
125.920545229987 174.475398715877 0 51 
