1.000 -1.44617205059004E+0001  3.29571085565057E+0001  4.38684580898778E+0000
2.000 -2.00759810192765E+0001 -1.58834808432179E+0000  2.93290320686394E+0001
3.000  4.02653664130625E+0000  1.48814856512793E+0001 -3.26761798402780E+0001
4.000  2.78026386936197E+0000 -1.21219504704182E+0001 -3.40489648534531E+0001
5.000 -2.29429044854962E+0001 -2.15378595693820E+0001 -1.83395336419115E+0001
6.000 -8.11837049853699E+0000 -3.52722809559723E+0001  4.33721163620469E+0000
7.000  2.11349699354044E+0001 -4.92285639476144E+0000  2.96111662842794E+0001
8.000  2.05957078698571E+0001 -2.71605897533740E+0001 -1.21735344730762E+0001
9.000 -2.78333398711089E+0001  9.61862562090740E+0000  1.91898770101017E+0001
10.000 -6.32875459639260E+0000 -1.33347257002476E+0001  3.06643663688993E+0001
11.000  2.15823082422761E+0001  2.51660701325319E+0001 -8.23020825091891E-0001
12.000  2.97074464382619E+0001  2.00934200173990E+0000  1.24037982669736E+0001
13.000 -2.61682647493372E+0001  1.66142287130932E+0001 -1.95720435819970E+0000
14.000 -1.64178976715240E+0000 -2.60880602791923E+0001 -1.52354591038814E+0001
15.000 -1.90475142574600E+0000  2.61448513090674E+0001 -1.29888060117944E+0001
16.000 -1.52115927917031E+0001  3.21510567546692E-0001 -2.38093107716319E+0001
17.000  1.22694663155919E+0001 -2.11590486775382E+0001  1.20259237727564E+0001
18.000 -2.14686598277559E+0001 -1.36140910434677E+0001  6.56581733104931E+0000
19.000  1.90301175268398E+0001 -4.01247866547898E-0001 -1.65993734908385E+0001
20.000  9.87349321865807E-0001  1.40684192944493E+0001  1.97342110475997E+0001
 4.42556068676170E+0001
