0.703  1.84829446010515E+0000  2.69373754086791E+0000  7.03000205734430E-0001
0.730  6.20739952319635E+0000  2.92434214431002E+0000  7.30000232624560E-0001
0.749  9.25099787029798E+0000  5.03941787803589E+0000  7.49000417440510E-0001
0.939  5.35290674583672E+0000  6.55185967605876E+0000  9.47924364048840E-0001
0.703  7.03000392843410E-0001  1.70362565339987E+0000  7.03000231968540E-0001
0.730  5.91632671494480E+0000  1.84034523063122E+0000  1.66371787701751E+0000
0.749  3.15347693457304E+0000  3.80680547341278E+0000  7.49000602488390E-0001
0.939  9.06099980000000E+0000  2.14815869457981E+0000  9.39000363743250E-0001
0.703  6.31823051483208E+0000  5.44154514291392E+0000  1.69071790304047E+0000
0.730  6.08036019252360E+0000  7.30000321020610E-0001  7.30000230027240E-0001
0.749  4.75105522818061E+0000  1.94521319956202E+0000  7.51291496412010E-0001
0.939  9.06099980000000E+0000  6.56099932300452E+0000  1.45471773829323E+0000
0.703  1.70362558402062E+0000  7.03000222540300E-0001  7.03000207352090E-0001
0.730  7.30000496594720E-0001  5.07215250850522E+0000  1.66371786794945E+0000
0.749  7.19883164582044E+0000  1.82037071053620E+0000  7.55284822243620E-0001
0.939  4.65175915202755E+0000  3.48051674556046E+0000  1.45471502278445E+0000
0.703  7.03000262327190E-0001  7.03000284867200E-0001  1.69071789228630E+0000
0.730  8.20618523785399E+0000  7.30000243456650E-0001  7.30000266047120E-0001
0.749  9.25099963420330E+0000  3.83871119138464E+0000  1.64471765596603E+0000
0.939  4.06565646676212E+0000  5.27188033822206E+0000  1.45471790689263E+0000
0.703  1.70362586323908E+0000  1.70362547849513E+0000  1.69071791857675E+0000
0.730  3.75928034893734E+0000  8.35003495660920E-0001  7.30000228780860E-0001
0.749  7.49000449574330E-0001  2.80787074368870E+0000  1.64471788416981E+0000
0.939  7.25519770701040E+0000  6.56099970371837E+0000  9.39000260417720E-0001
0.703  7.14327269792535E+0000  7.03001908669580E-0001  1.69071788555250E+0000
0.730  8.91039241454790E-0001  3.96136933303280E+0000  7.30000238200230E-0001
0.749  3.66128805429469E+0000  6.75099979860690E+0000  7.49000291169720E-0001
0.939  3.23743079663219E+0000  2.24497550706278E+0000  1.45471761660562E+0000
0.703  2.70425090229576E+0000  7.03000768000140E-0001  1.69071789574875E+0000
0.730  5.48620343371629E+0000  4.77954613909556E+0000  7.30000204257020E-0001
0.749  8.06290537944232E+0000  5.21301680403998E+0000  1.64471729562408E+0000
0.939  9.39000220782040E-0001  6.56099977536577E+0000  9.39000325062800E-0001
0.703  9.29149201675354E+0000  7.04250038011000E-0001  1.68853093804868E+0000
0.730  1.99279856383065E+0000  3.74712742814189E+0000  1.66371791287483E+0000
0.749  4.91830468087486E+0000  7.49000358571780E-0001  1.64471788326553E+0000
0.939  7.66483607325368E+0000  3.29343064100111E+0000  1.45471778393470E+0000
0.703  6.19558698551467E+0000  3.98753183514448E+0000  1.69071791284091E+0000
0.730  7.04017631157937E+0000  4.66096414814386E+0000  7.30000341164550E-0001
0.749  2.46058156584406E+0000  6.75099785013914E+0000  1.64471772553734E+0000
0.939  2.26042323222549E+0000  5.22656101507662E+0000  9.39000229847070E-0001
 2.39371811857675E+0000