0.484  7.73886378307954E+0000  5.13794222270970E-0001  5.15582362971200E-0001
1.102  5.27798047037226E+0000  3.89799844077135E+0000  1.10200034930671E+0000
0.655  3.44320125014142E+0000  2.72714190046096E+0000  4.65909752497980E+0000
1.003  8.97073831784138E+0000  1.09489469059767E+0000  1.19355370351800E+0000
1.411  4.87654465176262E+0000  1.41100025313271E+0000  3.90968439468124E+0000
1.372  1.43885234697623E+0000  3.60986373510888E+0000  1.37823117516116E+0000
1.421  6.44132583705662E+0000  1.62502568655757E+0000  1.42100022920448E+0000
1.645  1.64500021938853E+0000  1.65003607227680E+0000  3.67568441468971E+0000
1.586  8.36158466520519E+0000  1.58600020000000E+0000  3.73468444576606E+0000
0.998  1.08966522035116E+0000  1.09034938246791E+0000  1.06415433944873E+0000
0.533  9.44203119345160E+0000  4.43956015410202E+0000  3.00003925258268E+0000
0.752  7.62123383842650E-0001  4.21774586564939E+0000  3.31366379083090E+0000
1.342  6.34124139896868E+0000  3.65799979531990E+0000  3.28946826582848E+0000
1.443  8.55699980000000E+0000  3.55699980000000E+0000  1.44300020000000E+0000
1.327  3.68880270218520E+0000  3.67299964859483E+0000  2.92516631290248E+0000
0.725  4.82106398894981E+0000  4.24392515085514E+0000  4.58147786940644E+0000
0.599  3.48605542033842E+0000  4.37417236054889E+0000  4.71506246053846E+0000
0.963  8.87008458369131E+0000  4.01750224696013E+0000  4.34316941726316E+0000
0.909  2.02306543900373E+0000  4.07963830105327E+0000  4.40212192225240E+0000
1.394  3.63595137495619E+0000  1.39400039736277E+0000  1.39400020958336E+0000
 5.32068464576606E+0000