1.589  8.40872944562483E+0000  1.58900020000000E+0000  7.67876943239945E+0000
1.108  3.59938111438918E+0000  3.21121729818121E+0000  3.65983629904445E+0000
0.964  1.00386038623225E+0000  6.49202400795245E+0000  9.71572683144590E-0001
1.094  1.09400021270547E+0000  1.09400020225136E+0000  1.09400024435663E+0000
1.534  3.79285268489684E+0000  5.96599977151465E+0000  7.75034752028830E+0000
0.729  2.61672970405000E+0000  5.06064117923286E+0000  6.04206433999492E+0000
1.226  3.33561224122263E+0000  1.37273896172469E+0000  5.17104249895671E+0000
1.370  8.62634274322940E+0000  6.12908860766848E+0000  1.37000021591112E+0000
0.960  6.15104820348033E+0000  6.53999975369692E+0000  8.32434750872861E+0000
1.656  1.73900338986800E+0000  3.70754745150192E+0000  1.65600020000000E+0000
0.701  7.21904273869293E+0000  7.01000225972280E-0001  2.55833559446590E+0000
1.324  8.65821186999480E+0000  4.42193625359240E+0000  3.45380773610879E+0000
1.346  1.34600023786621E+0000  1.40479307063176E+0000  3.54143942516970E+0000
1.412  1.41200020000000E+0000  3.90677681847151E+0000  4.70001120305877E+0000
0.992  9.00799970387904E+0000  3.72703801150948E+0000  1.27238064096066E+0000
1.504  4.99065841011553E+0000  3.70036419414182E+0000  1.50400021149631E+0000
0.776  6.86359217678978E+0000  4.65367989534501E+0000  2.38814403210884E+0000
1.591  1.59259660281948E+0000  3.74761029594454E+0000  7.69334753356877E+0000
0.785  9.21499980000000E+0000  6.71499967417902E+0000  3.35852176245967E+0000
1.646  4.02855691553413E+0000  5.85399974836450E+0000  4.30483855712947E+0000
1.616  8.38399980000000E+0000  1.61600020000000E+0000  4.33994757467321E+0000
0.824  7.00044944221142E+0000  2.69749709662369E+0000  8.24000214351850E-0001
1.253  3.94772942234943E+0000  3.58497778499037E+0000  6.10739586778534E+0000
1.209  6.05746980157692E+0000  6.29099876315959E+0000  1.20900129084936E+0000
1.120  1.12000021548586E+0000  1.12000020000000E+0000  8.16434752163609E+0000
1.038  6.18355273990910E+0000  1.03800029142755E+0000  1.03800028888062E+0000
0.652  9.34799952551238E+0000  2.76072438055680E+0000  2.63579416020276E+0000
1.351  5.96913572382514E+0000  1.36713947390602E+0000  6.04570029302123E+0000
1.307  1.30700026735671E+0000  6.19299976475128E+0000  3.21011473352413E+0000
1.559  6.23093601847053E+0000  3.86165345152931E+0000  7.72534751323873E+0000
1.426  5.38051443783032E+0000  1.43872389274470E+0000  3.33274394684431E+0000
0.748  3.31944393968686E+0000  7.48000252791650E-0001  3.29857931245798E+0000
0.857  3.92680418467508E+0000  3.67395559399855E+0000  8.42734752104376E+0000
0.854  7.31943236043650E+0000  4.34462676712484E+0000  8.54000212499970E-0001
1.455  3.67386174528085E+0000  1.45500034655197E+0000  7.82934729776680E+0000
1.360  3.49735996435262E+0000  6.13999980000000E+0000  1.36000023885452E+0000
1.295  6.33202529722551E+0000  6.20499980000000E+0000  6.09936258685124E+0000
1.445  8.45616795955212E+0000  6.05499980000000E+0000  7.83934750192183E+0000
1.436  6.28829202450260E+0000  3.80091730230251E+0000  4.72576189374987E+0000
0.953  7.06620616916143E+0000  2.94758007293882E+0000  2.58208583757027E+0000
1.124  1.13160577109088E+0000  1.67890484975978E+0000  5.98871566307093E+0000
1.181  8.69439976999010E+0000  6.31899979387928E+0000  5.21252213836402E+0000
1.319  3.48592853249942E+0000  1.31900021562408E+0000  1.31900030097097E+0000
0.962  6.02120139252752E+0000  9.62000415092720E-0001  8.32234750726795E+0000
1.332  8.66799975475525E+0000  1.42881604819815E+0000  1.33200022756218E+0000
1.244  6.86828853625958E+0000  6.25599980000000E+0000  3.61816451192703E+0000
1.122  1.12200021985694E+0000  6.37799980000000E+0000  8.16234751722034E+0000
1.311  8.68899980000000E+0000  3.97191338977165E+0000  6.04991230495286E+0000
1.193  1.19300039156143E+0000  6.30699963074664E+0000  5.70491219575447E+0000
0.898  9.10199980000000E+0000  3.87020169977966E+0000  8.38634753696547E+0000
 9.28434773696547E+0000
