125.702168692317
-30.1215746820396 -9.47850340059539 0 1 
-49.1799057780066 -27.7618846963915 0 1 
-122.521705256123 17.0458975790271 0 2 
97.78274568192 75.4984671093161 0 2 
20.0812920367424 -116.966131242691 0 7 
-44.7613633958673 -108.858423560948 0 8 
7.46167428064888 -19.9601510542754 0 8 
-109.603100769298 28.4094748864217 0 12 
20.2867420238639 74.9875061955553 0 12 
-48.6079230693234 -9.33085225557472 0 13 
16.3652800059885 -51.7528163419663 0 14 
-9.9016016099228 -2.6990745625856 0 15 
-12.806102478842 108.715275585084 0 16 
-9.83022610126429 69.6035957957986 0 18 
21.3301461909998 105.566561220548 0 18 
105.692518435167 1.38967798536696 0 20 
66.1120864115283 7.21233236556703 0 20 
39.2608956507671 -24.0354939783414 0 21 
-20.0981036275336 -38.968159955505 0 22 
-85.8492026900652 56.3701545622674 0 23 
93.4014596730934 42.7051119448735 0 23 
-49.4492066241784 87.7246544768665 0 25 
60.5644220174745 79.1985043555039 0 26 
46.7752011663234 -85.7770270717903 0 28 
-9.17575068995891 -88.1293401911961 0 28 
-40.0053367958405 33.4716457868446 0 28 
22.1139850415207 30.6252955921153 0 29 
85.9340008567845 -44.3447688198101 0 29 
-94.508052943197 -14.9428363359937 0 30 
-65.3547577575895 -68.5353220478898 0 31 
