91.6486689206647
-55.4763263085384 -8.39225909687035 0 3.38666151515798 
-67.3246554426813 -29.2812907991998 0 3.46567609122842 
-55.2675715423149 -53.4621117032008 0 2.86175230789488 
-64.4821881855534 47.5560229613764 0 2.74988009505689 
37.9758044215315 -79.4450886196891 0 3.59366528172954 
24.6553562849294 -78.0469407904373 0 9.79995842226741 
-37.2268777028214 -77.1647414467002 0 5.97348237874926 
-81.4786545767176 13.0862677950981 0 9.12581508507004 
-48.4493141884539 -65.0231846598811 0 10.560134342648 
-74.7369862858856 -11.19849605807 0 16.0773562780128 
20.4846155088114 43.0049444863287 0 2.99233737402476 
4.8390546474172 -2.50249476821381 0 25.104923451575 
46.0685475331914 1.45906811605764 0 16.3144568443803 
-27.4692743528351 -63.9579575280806 0 10.4469306678341 
0.0978357159402473 39.9592441085171 0 17.6206944535301 
81.62121889892 32.6786999936241 0 31 
35.7896371986333 -28.3569164497495 0 15.2235984746047 
-39.4621883348834 -31.1747681888928 0 24.4610553674088 
64.355536115404 32.3777116351453 0 19.6073536399907 
-59.1907081547776 57.8868115143193 0 8.8572277724624 
-98.1716265960945 49.5749749011649 0 31 
44.4765965515021 -59.6440853714141 0 17.2471607087115 
30.2545470286616 28.1959484570473 0 14.7490809826624 
-26.4862140890385 80.6687056039335 0 31 
35.1192807115586 73.6856484485388 0 31 
4.32360262875243 -51.3568260293448 0 23.7521269481725 
-43.8626907353429 22.5486508370034 0 29.6620364738181 
82.0031992333925 -29.3201239298541 0 31 
-89.0300076513315 -56.0536746170175 0 31 
-9.02488804370882 -101.074701743547 0 31 
