91.6486689206647
-21.3023517155541 2.25470170286031 0 4.19501171491388 
-68.645833047146 54.1078262093012 0 4.24210685803416 
-85.4175449785358 29.8656739526926 0 1.16046358462975 
-74.598324553067 11.5558538223509 0 3.91195764848858 
4.74763983774152 88.9420301818407 0 2.58001756888003 
44.6859198187623 71.3618255520195 0 7.45044196889108 
-52.9246029514117 59.1594059410355 0 12.2707830622393 
82.1574660057941 31.7009858188746 0 3.58731780136062 
55.630082261574 48.7085915727637 0 17.7079304209017 
81.7820388276065 20.8759268595515 0 7.24424935436324 
21.4596598668766 -78.5478583732805 0 10.2221197651953 
18.453917586774 19.0905565224509 0 12.4043757973037 
42.7674783702977 -44.6148343137737 0 29.8462374660127 
17.4933418105599 39.9196938306988 0 8.44689914783223 
21.4596598668766 -78.5478583732805 0 10.2221197651953 
-66.2901564164482 31.9140887347256 0 18.076298001829 
71.7006737559261 -4.24333510370759 0 19.8225429065845 
37.3662524525007 -0.367036030963831 0 14.729999413083 
42.767478370297 -44.6148343137738 0 29.8462374660125 
16.6812801089063 69.0081888883022 0 20.6529288402069 
1.68005147437347 -11.7935880417438 0 22.7409364054456 
-13.668065865184 -61.1722612026997 0 28.9680383379693 
-97.2233627261146 -52.3971144272309 0 31 
-54.5498090552111 -57.9845651247643 0 12.037794570905 
-28.0277001520526 94.0485924632475 0 30.5907510352748 
52.5806137599781 38.1519840746133 0 26.684873518006 
-19.4949980786623 35.2369165954895 0 28.8366855833221 
-13.6680658651838 -61.1722612026995 0 28.9680383379699 
-109.367525633436 8.40189365802138 0 31 
-51.9636734464402 -15.0245407903443 0 31 
