124.693147691707
-68.8153369255004 31.6513980378875 0 1.00000012107938 
-27.9755401216114 -83.888374215484 0 7.00000004843174 
-110.787889324748 48.4860819202275 0 1.99999985470476 
119.522892416964 -26.791007599594 0 1.00000012107937 
33.9829854488353 54.6276203250597 0 1.99999985470475 
-64.3751319344098 -97.3300213943187 0 8.00000017990719 
53.8299098827525 -36.1355673711115 0 13.000000399945 
112.508967515791 -6.44033001963298 0 11.9999996201643 
-54.0189976143693 98.9024441580757 0 11.9999998799044 
115.936899590336 13.2637117813866 0 7.99999992007912 
14.0966994563264 65.329375157402 0 17.9999991550512 
38.3884554328556 31.669297655484 0 18.0000006299771 
26.1385127826274 105.180542081075 0 16.0000005049527 
25.9643423012527 -106.575980465934 0 14.9999998499807 
-42.8868672228225 -102.047486968989 0 13.9999998600383 
-97.6221744464803 -37.8228273900865 0 19.9999998000402 
64.9954266865852 -0.522111449286054 0 20.9999997899648 
-6.30107005889077 -62.3932297298282 0 22.0000016198635 
-48.3958634281238 -11.8635377339236 0 22.9999989901021 
-8.9621529390878 -104.308844448019 0 19.9999998000293 
-72.8308728256724 63.602115232224 0 27.99999851052 
92.6369913887932 33.7115541758581 0 22.9999997701521 
57.7158128462129 -77.5786669175885 0 28.0000010196839 
92.3777290263617 -37.4843824333776 0 24.9999997499533 
-16.0495304783344 97.3794115059539 0 26.0000009496908 
14.7013481442733 -13.7321710255931 0 31 
-22.6741670060145 34.4764464129958 0 29.9999991001852 
-56.300858080436 -62.2471752364801 0 27.9999997201455 
-95.0460903774702 11.1094102957445 0 29.0000011597932 
60.2190775138174 74.3696260179674 0 28.9999997098966 
