126.079850254416
-120.574053182198 -29.286547126526 0 1.99999985040689 
-37.9707837030415 56.9406953246785 0 7.00000005005654 
124.439506691619 12.6401314268562 0 1.00000012514137 
-108.472844723818 -62.2784529807709 0 1.00000012514137 
-53.2713672812472 64.4275168512411 0 1.99999984925383 
106.315942351183 -51.3786587060964 0 7.99999999881547 
29.4721951420822 -57.1027642487655 0 12.999999990524 
-112.824625629762 16.8763564106737 0 12.00000000453 
92.7823323392559 73.0361894785321 0 7.99999999881554 
-113.167513152547 -7.74060474112994 0 12.000000007315 
-32.37365347641 -42.4082508562593 0 18.000000302997 
8.09830832837645 61.1589527099562 0 15.9999991808624 
-5.61181755204266 -66.4873746308193 0 17.9999999979268 
-86.6175844523345 -71.1286613134232 0 14.0000000836333 
-11.979985133837 -110.431936118095 0 15.0000004345805 
43.5106737132491 96.7458289458527 0 20.0000008861716 
97.7693604563702 41.159283892635 0 20.0000000933794 
42.4626973335175 -0.105882530026741 0 21.9999999214572 
6.66003901084627 -27.3670253289225 0 23.0000005290464 
-97.9612791090769 -38.0179286330211 0 20.9999985699454 
-9.72342889617738 20.9297882556388 0 28.0000000214873 
26.5756218571091 -96.4868531565608 0 25.9999991312754 
-1.28091921395386 101.071733398708 0 24.9999999238399 
-47.307128863993 -85.9167740894785 0 28.0000005302117 
-48.2334535232544 91.0987879087213 0 23.0000003931857 
94.5795601349302 -9.74086627918976 0 31 
-60.5794117508393 -4.81257026051364 0 28.9999991697056 
-81.9291629747027 50.189139725976 0 30.0000002218361 
50.4563159967887 49.2510045240864 0 28.0000004886255 
71.8603474047935 -65.2731764756182 0 28.9999999864382 
