123.369829935996
-88.2100190159951 14.4758527200942 0 7.00000004843172 
82.2237460343875 88.6133427500267 0 1.99999985470482 
-112.645407742954 47.7739343483373 0 1.00000012107867 
90.5564358019073 -82.0064868160939 0 1.00000012107997 
-68.2028320180567 99.6217478884089 0 1.99999985470483 
-67.0945688687788 -93.3504314443726 0 8.00000014092251 
92.940237499799 -61.3624588305148 0 11.9999996346257 
-108.931783843115 23.1755370323015 0 11.9999998675666 
27.4731793117367 -106.895850482992 0 13.0000003982461 
115.046212951215 -8.63519141346553 0 7.99999995863904 
10.2144467341588 -79.3502292786627 0 18.0000006236925 
-31.9037271538888 31.5663015355281 0 17.9999991656845 
-0.877668616063386 -109.366308454427 0 13.9999998666607 
-30.2018798575583 -103.034589928227 0 16.0000004985291 
7.15099981782338 108.13363617989 0 14.9999998454333 
-103.037918145676 -8.27700567972331 0 20.0000016238717 
85.5322320329634 56.2478424486528 0 20.9999979625743 
-59.6529156762313 -5.89392701855938 0 23.0000008283298 
37.2851715058525 -30.7807980922357 0 21.9999997762163 
101.688959582741 18.5654861963178 0 19.999999809008 
-85.0047597358569 -49.5057006052544 0 24.9999993413304 
-31.7976974676738 89.9127949595638 0 28.0000010177469 
5.49593633814315 48.3670490751491 0 23.0000001839173 
84.8369557975233 -24.2364997389616 0 26.0000005282115 
56.1584879551803 -77.0819621964421 0 27.999998928794 
-31.6864748357717 -58.0590855019915 0 28.9999997085931 
-76.636452710513 51.5658783231175 0 30.999998865525 
43.7033190832594 83.6402101667574 0 28.9999997087704 
50.0307951195065 19.6329824234155 0 30.0000019930291 
-6.62401352016214 -6.8646232112196 0 27.9999997240823 
