123.657382037597
-117.102631426472 -27.504634542493 0 1.9999998547073 
-116.771190688512 32.424600944163 0 1.00000012107962 
77.7117688131277 -86.4427075629296 0 7.00000004843184 
-80.7836654973212 89.9657749363509 0 1.00000012107964 
-78.4346700040816 -70.2963521251118 0 1.99999985470159 
12.9238249064939 -51.3828453808436 0 12.9999998399739 
-84.6993925750866 -78.7564676509728 0 7.99999998001342 
94.4135885566807 -66.5477542174749 0 7.99999997998006 
-56.6378210494869 96.2264424376582 0 11.9999997870993 
73.6434759926984 -66.3086698782365 0 12.0000004129333 
-0.750106546102391 -79.2041250982082 0 18.0000001247876 
-55.9703884608978 -30.3570351835892 0 18.0000003073624 
-18.398585607337 -107.088370039131 0 14.9999986479039 
10.5279812460273 -109.150825771427 0 14.0000011081988 
-97.0866040111064 46.5220727709736 0 15.9999998117473 
102.260030823166 16.9628568882456 0 20.0000015586603 
-89.5654755682205 -50.1653671307645 0 20.9999980339986 
-39.6482970666337 6.1613074939103 0 21.9999997826391 
-2.12586512268838 -18.6795292031353 0 23.0000008002398 
44.9725435168503 -43.5164850428689 0 19.9999998244622 
90.9357050575274 -29.6821848406113 0 28.0000008583499 
43.609261021842 -88.4958283787617 0 24.9999986326235 
-47.686810266681 -75.6050447138798 0 27.9999998449723 
-21.6987501693855 98.2907548667271 0 23.0000009246744 
0.651527928423844 43.1509829406301 0 25.99999973938 
-52.9692172203087 55.3909026749817 0 28.9999996783476 
45.1129462508057 7.48332052720529 0 30.999998953502 
29.6204003443148 89.9035699520206 0 28.9999997131809 
-92.5278006608741 0.748527165641361 0 30.0000018739818 
76.4817001602394 57.4533228862578 0 27.9999997809876 
