124.384933836064
95.6336651871214 76.8742246608575 0 0.999999990931539 
122.199639581425 6.73174774776077 0 2.00000001944325 
121.35784330591 21.3994860790228 0 0.99999999093154 
52.0927228490791 -105.193017442482 0 6.99999999637262 
-66.8354966337418 101.86824870699 0 2.00000000232106 
50.4440513323729 -53.1377146090759 0 11.9999998656821 
-44.9088648175557 101.930354934295 0 13.0000003998764 
-111.552070197506 -33.1901319076776 0 8.00000017970688 
-6.90490028042595 -116.179925953456 0 7.99999992026228 
112.1374861214 -7.45369987363106 0 11.9999996344723 
25.2433502420567 -40.9342489696305 0 15.9999985102191 
2.28758759822378 -1.64040156407223 0 18.0000006299504 
-28.9365894911117 -102.37396140725 0 17.9999998199932 
-60.0648703087965 -91.4181319354614 0 15.0000011797853 
31.4112940147373 105.821379017391 0 13.999999860052 
-102.3849328018 0.0160262522690712 0 21.9999997799349 
-95.7834231504215 41.4939744861155 0 20.0000016397 
47.6666468600438 -11.5030494210915 0 20.9999979502814 
35.3431974473724 30.7359430767935 0 23.0000008299483 
65.1482619259744 -81.5592939009929 0 19.9999998001354 
-80.218073514082 -53.4332850902428 0 28.0000010199315 
87.9899111095068 -39.3424842566229 0 27.9999997199844 
-67.9118537088809 74.2380707828261 0 23.0000009799008 
20.4159287474238 -95.9420338158657 0 25.9999997400521 
-7.01165248106387 99.1372891159163 0 24.9999985401312 
-18.3726383940084 -55.5508599128087 0 29.9999991002203 
-14.4706943967357 45.6549321679553 0 28.9999997099542 
-49.4751929829056 -3.0758084494178 0 31 
87.0205421961288 24.9521513419428 0 29.0000011598016 
60.2188128636939 75.2578906282064 0 27.9999997200896 
