124.506568515914
-120.815254171575 17.9319444473929 0 1.00000012107936 
120.877466395354 -8.46786660646093 0 1.99999985470476 
-111.634580035032 -47.1320481580162 0 1.99999985470477 
82.2993796188109 90.5134919878869 0 1.00000012107936 
90.522717227461 72.3753733998647 0 7.00000004843174 
-45.3893592994297 -42.6779383281844 0 12.0000002837169 
-54.5441456742208 -18.291846975472 0 12.9999998991991 
109.983530255447 -23.6928461457837 0 11.9999998422843 
-54.2827404120578 103.085221046961 0 7.99999998739979 
100.825120907802 53.7786510311005 0 7.99999998739995 
-20.4430032610546 -108.599195604942 0 13.999999914704 
-17.8784347149858 -21.6038793333321 0 17.9999994922952 
-50.2654462068032 -93.8990619170752 0 18.000000528406 
23.5036069492838 105.930428781679 0 15.9999998526016 
9.52049836058176 -108.509037107992 0 15.0000002119932 
53.3219245733837 44.4195782153719 0 21.9999996738324 
-97.8696765563375 36.648993568174 0 20.0000012362885 
8.96037100934587 51.9729014109205 0 23.0000007589908 
31.3293219504583 -48.257092146318 0 19.9999999555275 
55.5080820798988 87.363967513226 0 20.9999983753609 
-19.0163746345186 94.6144540160483 0 28.0000009392364 
-78.3520957242555 -61.3392641646395 0 25.0000019483365 
-67.8006011271226 71.4606393634201 0 25.9999975448624 
43.7047533692928 -90.1554304849717 0 22.9999998130542 
-12.7254302184248 -67.3143430297966 0 27.9999997545105 
-95.8417580635325 -11.3081525062067 0 28.000001002903 
24.3313399962696 1.25076937258337 0 30.0000004175696 
80.1962514322431 -51.8658465975332 0 28.9999987901596 
94.4381375395612 14.2457984626928 0 28.9999994967006 
-36.9445678667905 23.5346027398857 0 31 
