125.465309287304
-121.737356526278 20.5837889729065 0 1.99999994648395 
122.511824952612 -21.9648022116649 0 1.00000007266398 
-95.2159763152401 80.1593266129976 0 1.00000007266398 
119.269123016561 31.9146604111153 0 1.99999987912249 
-23.7378055530606 116.062681656586 0 7.00000002906559 
77.6015041540974 82.7791216467635 0 11.9999998540062 
-8.99451818567112 81.0835816875441 0 13.0000003708065 
108.789388976826 -32.2373279062948 0 11.9999996824856 
69.6085897268229 -94.6188383987912 0 8.00000015139385 
-117.334825457265 5.53512579411533 0 7.99999994130781 
-3.25796136633436 111.417686473157 0 13.9999998704159 
-42.3135548459039 -15.8455186844498 0 18.0000006198461 
-5.62402493405611 -18.3587600509351 0 16.0000004708779 
-37.7601092880398 -100.612956495346 0 17.9999991799997 
47.2151330918497 -99.8663886646181 0 14.9999998588605 
90.8102115973926 53.6324213879232 0 20.0000014443166 
-100.347989430337 29.0393230215047 0 20.9999979758096 
52.0824849085385 37.3793204549471 0 21.9999997767663 
30.3058985308672 -60.0808723801685 0 19.9999999795561 
-24.4145356516896 -56.9391803212272 0 23.0000008235514 
-42.9558885958794 93.0265084575823 0 22.9999997804062 
78.2644901099169 -58.0874848081969 0 28.0000010082957 
3.10949410007634 27.2973502029778 0 27.9999997242752 
-69.954677697662 -72.1083975704281 0 25.0000021239295 
6.21940847792845 -99.2706765892535 0 25.9999973630934 
-90.0457637851373 -20.9092905753619 0 30.0000005525406 
-52.0092205601018 41.8206788355988 0 28.9999983323624 
43.5244948830538 -12.8975206831214 0 28.9999996639535 
97.2761145352229 6.06991143281243 0 28.0000011516099 
34.8618416383903 87.503660492965 0 31 
