91.6486689206647
-25.6875869306595 -17.171452333193 0 2.82240012947474 
83.1688713868737 -26.8856415029676 0 4.24215470755577 
-68.0269038876056 -37.0613123188191 0 4.08362385663403 
73.4164872489637 -50.1704664991619 0 2.72703968275641 
24.3715112151829 66.8103456441436 0 1.78188077482666 
27.3776669481347 77.5696016851198 0 9.38944693072142 
61.9666042779087 -54.110708664628 0 9.38185491109103 
-55.164500183735 -0.960486552162694 0 9.65565103805076 
9.26942671631423 81.897066525557 0 9.2286978821003 
72.1368335473656 -36.868624664558 0 10.6362125294953 
4.21652756736011 26.7524808610698 0 12.1256724693181 
-11.1751205167051 -26.0289675998744 0 14.1795779317101 
-17.8144925490412 -64.4351489193821 0 24.7962610447127 
14.8439885737506 65.8086211267764 0 7.79815782457652 
44.2863327970481 -34.0523451950034 0 17.356319010347 
-45.281985565476 -28.9789913168262 0 20.0546284007787 
18.073593264413 -4.55119460183021 0 22.1079128973042 
-24.5074522106027 7.87136365192742 0 22.2482071677113 
69.9048483323257 -4.72553050122972 0 21.5842818859425 
-45.2819855653282 -28.9789913162843 0 20.0546284008443 
-65.550740021341 41.795103498908 0 31 
-62.9903569023035 29.7141899449781 0 22.0015726484176 
-73.1262268798352 -71.772370927683 0 31 
33.2296687187833 -78.0824289845216 0 28.0407965235527 
13.2912805808834 -40.68431573549 0 14.3403100700867 
44.6758890834728 41.2391161321116 0 30.8490007197567 
-17.8144925495476 -64.4351489181439 0 24.7962610472645 
-21.2696641292755 58.9736999691672 0 28.9565977687167 
44.8468518559729 41.2093270457061 0 31 
-93.8859696198758 -13.3512004625831 0 31 
