91.6486689206647
82.1517388618545 -35.8853962403924 0 1.99999988312777 
52.4849819340739 44.5842286952389 0 1.99999988315441 
70.0961727062606 -47.4507597954814 0 7.00000004004114 
13.7201356689784 -39.724728666461 0 1.00000009367653 
30.17525558341 -83.7107314455217 0 1.00000009369619 
34.1184613322707 -27.9775241213814 0 4.28897168233174 
59.0241408418861 17.401714524566 0 3.74458714291555 
-45.7919498711392 -50.3235240342523 0 9.42416510974306 
8.07174030559957 -72.8505188772929 0 4.01515841524111 
69.8475656223457 -9.50266385753682 0 21.1576559174678 
38.8419597563493 24.9463273893496 0 17.8016797407523 
-21.6814396769859 22.4473711420686 0 10.3367357792791 
-12.1263596538139 77.0101019238698 0 13.6896780769664 
-14.9124581652309 -59.2142709468243 0 22.7097482622924 
-35.903021341955 -29.0061430887142 0 14.0752314314459 
-75.4334792655163 15.0149994939485 0 14.7353419710275 
33.0582537320541 -57.5377404552189 0 25.2902512587703 
-43.818677237628 3.14375839046465 0 19.0347938373775 
14.2578897899539 77.6482067703862 0 12.7022865419263 
-59.2360932670208 -86.9126849387412 0 29.5567492874358 
84.9365138967046 40.147576641374 0 30.7347591485416 
-14.9124581652313 -59.2142709469365 0 22.7097482622113 
33.0582537320814 -57.537740455213 0 25.2902512587763 
7.84385693860665 -107.864936047826 0 31 
40.5233900502565 61.067681159334 0 18.3587877052385 
62.5986810232102 -13.7053873244151 0 27.567217705766 
3.21108694471261 44.0767000862647 0 22.6400098471778 
-80.9571413428049 -30.3855587730066 0 31 
-49.7098084060694 52.8305292567291 0 31 
4.41191594494112 -9.33337930633753 0 30.7835670716907 
