91.6486689206647
-67.4980782057687 20.7991840160208 0 3.96335227667347 
-49.2259516993507 38.9503382730838 0 1.62513088353634 
43.6197098039322 5.55994877145503 0 4.17706987523296 
-62.6344427727319 -6.34068162011906 0 3.57384033700546 
-0.541713746627652 -88.4173755616585 0 3.22963478418206 
-11.5296453704731 87.8477374743405 0 3.04755414455887 
-44.4785347761627 43.4559602118332 0 4.28439384918277 
-84.0175698357504 3.49247679917155 0 19.9618586417437 
10.3622621737005 56.1177688949165 0 9.90694275996137 
72.4921717724593 -42.1501425953445 0 7.79314235597496 
3.10330321012236 -49.2534118682783 0 14.7382074876933 
2.03934953037748 32.2788313229635 0 15.3431229698462 
12.1194806163415 -76.6203738826545 0 14.0757138246859 
80.3546608486686 19.3456225999422 0 8.99805196867436 
42.0617504555098 -52.5254559828265 0 24.3574045962851 
66.6840721540006 -10.7936781084242 0 24.0966975029942 
80.3546608483723 19.3456226041188 0 8.99805196908646 
-61.3453130350833 -32.2330774784402 0 22.3506271866408 
42.0617504545029 -52.5254559826974 0 24.3574045973032 
-61.3453130358885 -32.2330774818143 0 22.3506271909299 
-78.1155627897072 54.1114196977631 0 31 
-23.3411214505578 62.975251246977 0 24.4869975746049 
-22.3792798971763 -30.9500896497008 0 16.636521929432 
-23.3411214500882 62.9752512452072 0 24.4869975734971 
-32.9495067644131 -77.3990784087387 0 31 
-36.5171267236469 11.8855547304386 0 28.2743917601295 
46.9259532223929 39.7362079165143 0 30.1587413473992 
21.6622124421328 95.4330218489065 0 31 
15.3086898676739 -8.28899201517994 0 27.3397035900075 
46.9259532228888 39.7362079156174 0 30.1587413476 
