123.458769034012
85.3376402256183 -30.1230552190837 0 6.99999999761299 
119.081493153353 -21.213603310617 0 2.00000000716201 
122.221208069459 -7.62405947508901 0 0.999999995430431 
24.3313524722602 118.488246977948 0 2.00000000716012 
65.9351951844669 -102.484113551104 0 0.999999992634452 
103.690692985638 -38.0707234082569 0 12.9999993749171 
-61.0572324305902 23.9470600156343 0 12.0000001952417 
-66.6133425941239 -94.3047516667559 0 7.99999992353947 
6.72149763532448 -85.2770944039312 0 7.99999992018989 
75.8570878512293 81.662450574401 0 12.0000005861118 
40.5458770068987 -99.5159222943918 0 16.0000005045616 
20.8210610545383 -63.4321329712693 0 18.0000006296665 
10.7092512369385 -107.928756829645 0 14.9999998497379 
0.632862151460806 105.45687094596 0 17.9999991556181 
-31.3617501553642 104.869741946674 0 13.999999860416 
-47.4112999177376 -19.8317797663395 0 19.9999998001039 
89.9633735946991 51.0911767606643 0 19.9999998001047 
-13.7960441305682 -43.305494424251 0 20.9999997899093 
6.99877954400396 64.9540939580631 0 22.9999989903248 
43.3780906707674 91.7181514874613 0 22.0000016195573 
-74.899418301601 -59.1815343478258 0 27.9999985112005 
-89.2207360857424 46.169519965927 0 22.9999997708979 
-44.9939730656899 67.2643890917482 0 26.0000009489019 
46.8499434754378 38.1980738440546 0 24.9999997492362 
-28.8200154659138 -91.004302641003 0 28.0000010197635 
30.8709889378331 -15.4738277296511 0 31 
-17.9883270570194 19.3509776407647 0 28.9999982607421 
-94.2936661122989 -5.58243967941912 0 28.9999997101442 
95.3982043116527 3.39984936974726 0 28.0000011694389 
68.820644172042 -63.2317985052503 0 30.0000005499131 
