91.6486689206647
-35.7918151769299 -2.02555115288301 0 2.60896639936267 
84.5259182491882 18.395002334704 0 5.14429441712453 
-10.2689978999841 22.3793085333344 0 2.41674955694526 
2.25989877736779 88.3909139847909 0 3.22887104940975 
6.18196026623484 90.3029004601956 0 1.13441424884712 
66.8209370812043 -51.432858027726 0 7.32562128372099 
40.2101551037854 37.0836654839465 0 4.61063567031653 
78.5690398593259 -65.6533357043258 0 20.4710532642262 
-50.831252219516 -66.276734889125 0 8.12369279564538 
-79.5677054674755 34.3022546730126 0 5.00189015648048 
-21.4534628675458 -3.35674108714833 0 11.7910479609476 
-18.0651954209627 15.8747092077629 0 7.73660004609231 
-9.18602838214827 80.3883648432347 0 10.7371606454106 
26.9500831906461 62.2388635442782 0 23.8254944515253 
-21.6700875715334 -67.1888011037098 0 21.0517315944397 
64.1209207226606 32.5981918269475 0 19.7172122911077 
-41.7596930646703 15.5582860126611 0 15.9600103071323 
-21.6700875715144 -67.1888011034821 0 21.0517315954572 
-9.69215354504377 -27.6262919938909 0 15.178184475029 
30.9472224675491 70.4440514214951 0 30.6097520953293 
19.8367497510764 7.87678702807284 0 31 
-54.7856842141154 -28.4364827400128 0 29.9226239131393 
-74.0312702402681 13.6628471567275 0 16.3671822999441 
-59.2134731229977 44.3217752501575 0 17.6847924332649 
28.5515187238107 -53.5076807011074 0 31 
19.8367497510863 7.87678702805073 0 31 
-18.0305866811279 47.2105784113821 0 23.5992882684642 
-49.2804986070055 91.9825039659378 0 31 
75.959546483641 -15.466297688385 0 29.7837797419107 
28.5515187236228 -53.5076807012261 0 31 
