124.434676131634
58.4750619517467 -29.5537045339045 0 7.00000004843149 
-122.510935741064 9.75547255248118 0 1.00000012108673 
38.1182021624261 73.6925687452039 0 1.99999985470552 
104.640244137934 -62.9655034376147 0 1.99999985470549 
51.0899806947169 112.363516283523 0 1.00000012107077 
-59.8395561381116 99.8812361510476 0 7.99999994663759 
44.7592459499684 49.5337396388684 0 12.0000001786004 
115.926508681304 10.8663870429303 0 8.00000007451093 
0.186261422985616 62.0340899832388 0 13.000000084594 
93.9542369078308 61.7588683554345 0 11.9999997156571 
-42.8562426854869 -100.694044358917 0 15.0000009998163 
17.7450794214151 36.4863317524806 0 18.0000004683385 
-73.3729106458943 82.5362567179537 0 13.9999999182101 
-10.2754784977963 -105.937504205536 0 17.999999949779 
-26.1172450406109 -53.0710938543122 0 15.9999986638561 
95.2861167762405 29.7865962767516 0 20.0000015951223 
55.2216438202444 17.1834963537833 0 21.9999997959008 
-44.4349180990296 -18.6405432158542 0 23.0000008052108 
9.22621430998303 -64.01822299129 0 20.9999979925625 
27.3733666144956 -100.783433239187 0 19.9999998112036 
94.6997811492653 -18.2098251662169 0 28.0000009757496 
63.5356320970391 79.0709603609838 0 23.0000009416061 
-31.3190048031718 83.280692265334 0 24.9999986052052 
17.8560420809456 96.8015871262558 0 25.9999997381776 
-30.0725336081775 30.2953533712234 0 27.9999997392615 
65.3081141336947 -68.2111275440133 0 30.000001835095 
11.0122969159221 -12.0489089936811 0 30.9999989886406 
-85.9754990640556 41.4245219864649 0 28.9999996696074 
-95.2907973092986 -14.8091437566204 0 27.9999998123789 
-69.3485009163679 -65.5634263864389 0 28.999999694278 
