91.6486689206647
-27.3628325087657 -13.1108419270118 0 1.99882067218677 
-83.217282719339 15.4825354761908 0 6.99991593814604 
-30.4914677782025 -85.4134552202177 0 0.95584796067727 
-31.4652273354584 -71.2802169518521 0 1.04575389634752 
67.2139561584707 -29.3631269437242 0 1.9996615326424 
-19.2309234396853 71.6682906470909 0 17.445082992515 
-23.0113689866155 -80.3289977282635 0 8.08868552255492 
0.661103988930894 -61.5657230643903 0 13.7392853382031 
-13.7771323209536 -72.2169729969277 0 4.20261514292461 
-73.9898945430772 -48.8841337028961 0 2.96855356316315 
25.6342896110515 56.7994926619278 0 24.8159422155222 
39.1420769821704 15.3561096577421 0 16.5955569798709 
3.61233699374084 83.3559157848867 0 8.21451810727992 
-13.7988726133174 -34.3464073802044 0 17.0824938067831 
-6.47194609511976 -82.7666150155646 0 8.62940311320022 
-34.4310043189805 -51.1178985769791 0 9.50637182703457 
-62.098263810676 -80.7031809976903 0 31 
58.0749089050553 34.7013710760554 0 10.4727134483077 
-24.5539824085903 -60.8141895098049 0 11.4869982709084 
86.0529051794654 65.3153827526993 0 31 
31.5534447141719 -93.9272274301939 0 31 
28.2697512167466 57.8465776596565 0 27.2638472406634 
85.1909879446107 3.32137356188685 0 31 
0.661103988930344 -61.5657230643977 0 13.7392853382175 
-21.8440703988335 64.7408177029406 0 23.3219774803253 
-7.84123653168238 12.8175840773153 0 30.4562852887719 
34.2255922653549 -31.9848372249818 0 31 
-58.4793298640307 -19.9512277502398 0 29.8596456493738 
82.5188403934341 -58.6210166433275 0 31 
-58.1829433499805 34.1112458874602 0 24.203640421698 
