91.6486689206649
32.7799507618077 4.16236588853279 0 3.23100289417759 
-87.6738550487173 2.45666859021067 0 3.94040295346048 
32.0857284825679 -35.4155604434618 0 2.52134290780976 
-86.6181656729113 4.44610816495135 0 4.91646992022932 
63.7078568536348 63.6646254837937 0 1.58271865055052 
39.0669555072707 -61.5153379168137 0 18.7764267563375 
62.6248089619378 51.6729091231064 0 10.4578068359623 
-38.4096023635206 -0.644399070884663 0 5.96426739680443 
-47.7252005257101 7.44050613233904 0 6.37048275352623 
-50.1397348975048 68.3871051978778 0 6.85014878321104 
5.61527816616278 -36.9552686272484 0 9.98726693385493 
17.1949551999032 -2.73154512855367 0 13.8106547649888 
22.6267928973156 -29.8913666741724 0 8.4325686858849 
10.6143472968437 -21.5941156563878 0 6.16685677421381 
-13.9136829775019 59.6267407353723 0 30.4200916671572 
89.0211667902978 36.77607570527 0 31 
-1.69125902925487 17.2500847224436 0 13.6839741544868 
33.6390361151523 31.9703473268004 0 24.5902454473355 
-15.4210347200723 -14.4239846638184 0 20.8378075493037 
5.45866830419784 -83.2935374109603 0 8.17645629229527 
-29.7308049469214 17.7334035168349 0 14.3597369468413 
41.0363164435677 87.0662243695137 0 31 
28.7868632241989 -61.4862703450057 0 23.7572496485892 
-66.1538560275212 -25.070071543048 0 31 
-21.5295481137319 -61.4257102901019 0 26.5591981338973 
33.639036115164 31.9703473267676 0 24.5902454474508 
-13.9136829774791 59.6267407353388 0 30.4200916672233 
-70.9131968072467 36.7469872043964 0 31 
59.0373777673728 -16.6880942126641 0 30.2980018531299 
59.0373777673852 -16.6880942126537 0 30.2980018531382 
