91.6486689206647
-62.0831529809225 59.7761458790485 0 1.06690546081419 
-63.3108041541826 62.9697353198563 0 2.35451835511631 
87.7850006972547 7.96083895357565 0 3.50344135452774 
38.6980817325795 -81.3625953218945 0 1.55198040132413 
45.3566136373877 72.4941882674366 0 6.13475440114354 
34.3288596565396 -3.43469321354619 0 14.5276061069896 
-32.8148593858972 78.7358875334086 0 6.34828893424909 
81.6595121620164 17.7858645577561 0 8.07467325570277 
73.8115825816009 -38.5210873928244 0 8.3898931399372 
68.8082583236496 35.8240780213209 0 14.073280830052 
-45.5774944259754 61.020537188186 0 15.4855950772939 
16.7155122194194 -15.9798275269552 0 7.09669510463544 
-34.9650750423483 24.4644281338489 0 22.5797770393109 
-11.2879100734384 -70.0993214807151 0 20.6463333553607 
35.237309561524 73.724895592256 0 9.93558511252552 
6.24753874280806 15.8313226742642 0 19.5273487815098 
-45.5774944259725 61.0205371881878 0 15.4855950772979 
-1.68061893954989 63.1627925631009 0 28.4635224971351 
69.7336274983982 -9.08685124644456 0 21.3254896641069 
-47.8869615048462 -54.3905138540164 0 19.1815112102345 
-71.5267866491956 -21.1344493968781 0 31 
22.195319450668 -109.421288899703 0 31 
69.7336274983959 -9.08685124642878 0 21.3254896641179 
-1.68061893955115 63.1627925631017 0 28.4635224971378 
34.3288596565492 -3.43469321355119 0 14.5276061070173 
-14.9915513083783 -23.9939989190349 0 25.6075067762778 
-64.881569505131 -13.1162282643322 0 25.4546103958336 
49.953349811858 37.433753820394 0 29.225732686604 
-86.528984875787 39.0231280580052 0 31 
35.8239925598498 -48.9377428218444 0 31 
