125.114872327075
-68.2836286154962 23.8022308751982 0 7.00000002236175 
85.822899131514 88.1821031827836 0 1.99999993291471 
20.8297126230074 88.624764006953 0 1.99999993291477 
113.351063130798 -50.5564655895519 0 1.00000005590439 
-38.2267673574057 -118.081048365206 0 1.00000005590437 
89.4398739193395 69.2489420419594 0 12.0000003818448 
49.8687390566071 -62.7412081268421 0 12.999999798673 
66.8041457731743 96.1926284423638 0 7.99999997483413 
65.9160515326092 -91.9241451893965 0 11.9999998698139 
117.051525392385 3.84136203417245 0 7.99999997483413 
37.6085133645105 102.428782018027 0 15.9999985769806 
32.1188908850503 -37.3258008376988 0 18.0000005650826 
-10.2777869745044 -109.634173181377 0 15.0000011026644 
-32.270106544966 106.325702811588 0 13.9999998845118 
102.202098450514 -32.0675375194065 0 17.9999998707605 
97.2476872445327 37.1855376182029 0 21.0000015050824 
82.8078049223449 -64.7456856670078 0 19.9999998276678 
-92.6852186713126 45.1899050321408 0 21.9999980347509 
-4.41754310704355 -55.929271237144 0 23.0000008084708 
1.70782862160321 105.100995664873 0 19.9999998240281 
-60.6924417247391 79.6204441324997 0 24.9999997577155 
-45.9165849529163 -85.5743296047973 0 27.9999987047898 
-97.0047659557532 -4.6231596220493 0 28.0000008823353 
-86.3557071859243 -54.4989816743372 0 22.999999805512 
28.0459990497003 -95.0640806815081 0 26.0000008496474 
-44.7171292748935 -24.6731763519485 0 27.9999997397489 
48.3206505955632 56.6658055625517 0 31 
-11.6786461604193 56.9566416823634 0 29.000000233533 
5.83358909592399 1.66358627589327 0 29.0000005789456 
64.7140611214914 -2.09009652091103 0 29.9999991557964 
