91.6486689206647
39.4570557030245 -25.6742342520532 0 4.06851100907226 
-59.2946277562979 14.8344034537555 0 0.999999990025922 
24.2877755830525 -82.3654319930889 0 5.77690247338628 
-73.3996462530554 -46.7589375491802 0 0.999999990025893 
-17.805135725903 -21.2623362964156 0 2.65981503529379 
-53.717319184592 33.0895864109625 0 16.250010416546 
-55.2611567401702 59.6382989868883 0 10.3435522226902 
69.8628274488972 -45.8245466315693 0 8.09806401569567 
-42.4665361049388 -43.2105470372805 0 9.63874797211697 
-32.1299685880686 -56.5796120972949 0 7.26026172134033 
-35.560865772979 52.7637097816826 0 10.5217644761336 
-18.4377538532976 -39.4286965083922 0 14.6858233484541 
-43.7099450166016 -7.77323089267684 0 25.8203755543337 
4.87968927195261 -45.2842486396003 0 9.35561264589724 
-40.0737200811157 72.0059575742908 0 9.2425962301645 
-76.713304265325 13.9316930361381 0 13.6805794273617 
-95.3890148468666 53.6683510215017 0 30.2259594202976 
-60.0710439975336 -38.1468747166188 0 8.67953457623649 
9.08223506876526 33.1597562812095 0 10.8119741016267 
107.502571683461 23.5864208619948 0 31 
-64.0834103994322 -77.6230245369228 0 31 
65.512024087717 -13.1940431225505 0 24.8212198335883 
37.9482983381909 -54.7427019013472 0 25.0390852549461 
48.9518394419016 38.4428246583786 0 29.4061333172577 
-19.5699900721983 28.9717206691881 0 18.1447116173245 
48.9518394418144 38.4428246583551 0 29.4061333171831 
11.5730236813082 -7.04255326508512 0 29.4674216332851 
0.119452735040904 73.9998069304344 0 31 
-97.6878401434324 -25.5198348221705 0 31 
-7.16728480549046 -78.4411593479923 0 25.9220050763539 
