1.000  2.24206386142546E+0001  6.52304531586793E+0000 -2.53839649148918E+0001
2.000  7.62208646986982E+0000 -3.31160089412192E+0001  5.57213656354786E+0000
3.000  1.67361750156090E-0001 -2.79680080260842E+0001 -1.99718355186266E+0001
4.000 -2.01762950308348E+0001  1.05879273005849E+0001 -2.45632509228604E+0001
5.000 -2.79908284551531E+0001 -1.50834298186905E+0001 -1.19030765523575E+0001
6.000  1.46147724121364E+0001  3.06965931350209E+0001 -3.52834403850816E+0000
7.000 -1.89396154428494E+0001  1.81976128789768E+0001  2.18890756342432E+0001
8.000  1.04755381828020E+0001 -8.27016172326474E-0001 -3.15736396457085E+0001
9.000  2.72980126763135E+0001 -7.05572853337371E+0000  1.57999034161810E+0001
10.000 -1.02217970087658E+0001  2.98304409708392E+0001  9.05171467756301E-0001
11.000  2.62214714120432E+0001  1.42354959721936E+0001 -6.54617925879620E+0000
12.000 -1.49401926856716E+0001 -7.76896702462970E+0000  2.40396989488217E+0001
13.000  7.85266090917769E+0000 -1.86987144864625E+0001  2.00892150831774E+0001
14.000 -1.07468452046873E+0001 -8.93607488640169E+0000 -2.37369404629237E+0001
15.000 -1.23720075480429E+0001 -2.34498750762684E+0001  1.31717499850041E+0000
16.000  2.19124848647100E+0000  1.75969979383730E+0001 -1.83888533526531E+0001
17.000 -2.36834666308816E+0001  6.44888596637980E+0000 -1.37213423529996E-0001
18.000  1.72921529730211E+0001 -1.32522336975338E+0001 -8.93202036650999E+0000
19.000  7.38596004756500E+0000  1.31260373663121E+0001  1.67774754663038E+0001
 4.15461535700266E+0001
