0.931  9.31000208781450E-0001  6.56899978367436E+0000  9.31000206343950E-0001
0.900  4.48156255097655E+0000  3.94370769788081E+0000  3.21450150107031E+0000
0.920  4.60159500169262E+0000  2.17475430237767E+0000  9.20000202845140E-0001
0.840  9.15999980000000E+0000  4.98880002489516E+0000  2.00033399428045E+0000
0.991  6.10013043204117E+0000  9.91000352378060E-0001  9.91000376624840E-0001
0.931  9.31004735553800E-0001  2.83526973000190E+0000  9.31004128391010E-0001
0.900  7.86015709524689E+0000  2.27055046618595E+0000  3.21450095069417E+0000
0.920  3.98408523455456E+0000  5.58752563961671E+0000  2.05725094969138E+0000
0.840  4.66651145226683E+0000  6.65999906436777E+0000  8.40000634697650E-0001
0.991  9.00899980000000E+0000  6.50899977167740E+0000  9.91000335649530E-0001
0.931  9.31008613711220E-0001  9.31008863461800E-0001  3.18349432567095E+0000
0.900  7.12238202523872E+0000  6.59996706320735E+0000  9.00000261346550E-0001
0.920  9.07999960557742E+0000  3.60168772455499E+0000  9.20000233902090E-0001
0.840  4.66650838821339E+0000  6.65999980000000E+0000  3.27450163816359E+0000
0.991  5.88385295224571E+0000  5.17267593616018E+0000  9.91000246014680E-0001
0.931  9.31019364119700E-0001  9.31020061405810E-0001  9.31016868850230E-0001
0.900  4.60725279030473E+0000  2.14810099287598E+0000  3.21450164281006E+0000
0.920  2.89565975586486E+0000  2.88938583514919E+0000  9.20001563918240E-0001
0.840  4.61224016217843E+0000  8.40000200000000E-0001  2.06713559007596E+0000
0.991  6.19785746168128E+0000  3.16164528812548E+0000  3.07814450870779E+0000
0.931  2.89116686020167E+0000  6.56899975803170E+0000  3.18350163008434E+0000
0.900  7.84356379739346E+0000  2.26631156576799E+0000  9.00000288366610E-0001
0.920  9.07999980000000E+0000  9.20950947593000E-0001  9.20000224016710E-0001
0.840  5.82439768737083E+0000  6.65999980000000E+0000  2.05725316390603E+0000
0.991  9.00899980000000E+0000  6.50899956165089E+0000  3.00966816513108E+0000
0.931  9.31000227996420E-0001  6.56899975066606E+0000  3.18350162690829E+0000
0.900  9.09999931273842E+0000  3.57546255488406E+0000  3.21445464581467E+0000
0.920  9.20000204343600E-0001  4.70975303510810E+0000  9.20000202454740E-0001
0.840  7.66357680556690E+0000  3.55600546015270E+0000  2.05407837992312E+0000
0.991  6.10014240192610E+0000  9.91000226455900E-0001  3.12350162588321E+0000
0.931  2.89116693001550E+0000  6.56899976583237E+0000  9.31000216184500E-0001
0.900  7.13132978583818E+0000  6.59999980000000E+0000  3.21450150766753E+0000
0.920  9.07999980000000E+0000  9.20000245934990E-0001  3.19450161706995E+0000
0.840  1.90386115559573E+0000  3.79526398124737E+0000  2.05724637364014E+0000
0.991  3.11521016222489E+0000  9.91000210401040E-0001  3.11052607462611E+0000
0.931  7.84469100188601E+0000  4.90805713928350E+0000  3.18350163032014E+0000
0.900  7.65921028607772E+0000  9.00000285958610E-0001  2.05724231439352E+0000
0.920  4.44426982276638E+0000  3.96198083862643E+0000  1.32825454050120E+0000
0.840  1.91108353592806E+0000  5.61640410755505E+0000  2.05725088594550E+0000
0.991  6.20568851563564E+0000  3.21408599129561E+0000  9.95828384330490E-0001
0.931  9.31000612671820E-0001  2.83529716689012E+0000  3.18350129341402E+0000
0.900  2.86371396385148E+0000  4.73273711767862E+0000  3.21450164851854E+0000
0.920  9.20001520415440E-0001  4.70974740481581E+0000  3.19450050478295E+0000
0.840  1.91155710245998E+0000  1.88316516209725E+0000  2.05726967104820E+0000
0.991  5.93998036479361E+0000  5.13864757864781E+0000  3.06952317705341E+0000
0.931  2.93966160463906E+0000  2.90357514456353E+0000  3.18350163469170E+0000
0.900  2.84058838191928E+0000  4.70844305997075E+0000  9.00000251213110E-0001
0.920  7.77359131630326E+0000  4.89741129860801E+0000  9.20000259028580E-0001
0.840  9.15999953568687E+0000  2.26132024198103E+0000  2.05781243333101E+0000
0.991  3.10305929914393E+0000  9.91000303199760E-0001  9.91001199627520E-0001
 4.11450184851854E+0000
