1.282  2.69270615443999E+0000  1.28200389173942E+0000  1.28200213423830E+0000
1.280  6.70979106916140E+0000  1.28000021672192E+0000  1.28000022411105E+0000
0.533  7.37739086150517E+0000  6.69352457563179E+0000  3.45672865877250E+0000
1.282  6.71353296684207E+0000  5.28877020911760E+0000  1.28200020000000E+0000
1.280  1.28000392363720E+0000  2.70685778819319E+0000  2.87508731033707E+0000
0.533  2.73866639942320E+0000  3.44432636000113E+0000  6.55009884676800E-0001
1.282  5.28875418298361E+0000  6.70741012901342E+0000  2.87308923416942E+0000
1.280  6.71768745018100E+0000  3.28230659936848E+0000  2.87508923587705E+0000
0.533  9.18836003863634E+0000  9.29171410436242E+0000  8.04914690630530E-0001
1.282  5.29668333638483E+0000  8.71799980000000E+0000  1.28200022457901E+0000
1.280  3.29020903057809E+0000  8.71999980000000E+0000  2.87508920825552E+0000
0.533  7.89790039216560E-0001  6.95469407737170E-0001  3.08027107192561E+0000
1.282  8.71692695178560E+0000  1.28200792828579E+0000  2.87307957441645E+0000
1.280  8.71999615009868E+0000  7.29314226468743E+0000  1.28000212237277E+0000
0.533  5.30149618456205E+0000  4.60671212033318E+0000  3.45769447121801E+0000
1.282  4.70331675593419E+0000  1.28200021713262E+0000  2.87308920776770E+0000
1.280  3.28231262415029E+0000  6.71769347512953E+0000  1.28000020000000E+0000
0.533  4.67140261537809E+0000  6.98519646763660E-0001  6.81942794160820E-0001
1.282  3.28646710755237E+0000  4.71122986536399E+0000  2.87308923418039E+0000
1.280  8.71999980000000E+0000  5.29081510245303E+0000  2.87508920827642E+0000
0.533  4.74127028344822E+0000  5.46441387073960E+0000  6.54640771264560E-0001
1.282  1.28306291726610E+0000  8.71799214375895E+0000  1.28200985944208E+0000
1.280  1.28000021693068E+0000  4.70918494949714E+0000  1.28000022409136E+0000
0.533  5.32657472013040E+0000  9.30689617307128E+0000  3.41739314877426E+0000
1.282  4.71124589136255E+0000  3.29258994541875E+0000  1.28200020000000E+0000
1.280  1.28000021657683E+0000  6.71151113384614E+0000  2.87508920867986E+0000
0.533  6.80112165989740E-0001  1.42563874571637E+0000  7.64858962735300E-0001
1.282  7.30729393883479E+0000  8.71799618196923E+0000  2.87308729775861E+0000
1.280  8.71999980000000E+0000  3.28848891873088E+0000  1.28000022368779E+0000
0.533  9.31693049180950E+0000  3.28646358683042E+0000  3.42825020697191E+0000
 4.15508943587705E+0000