0.821  9.17899953342724E+0000  8.21000582024260E-0001  3.46361135382508E+0000
1.337  4.17495638718472E+0000  3.66299881720577E+0000  1.33700209213736E+0000
1.246  6.78081238941663E+0000  3.75399976660862E+0000  1.26297819710951E+0000
1.536  8.45977527363663E+0000  3.46399980000000E+0000  6.91936401862414E+0000
1.203  3.16780374875327E+0000  1.33372067806863E+0000  1.22877090879702E+0000
0.979  9.02099979954193E+0000  9.79000280914100E-0001  7.47636397095351E+0000
1.212  5.63454963095306E+0000  3.44661632089687E+0000  3.41550552751538E+0000
0.907  9.07000221906180E-0001  4.09299958521285E+0000  7.54836384492748E+0000
1.332  5.69940371382362E+0000  1.41479528459273E+0000  1.33200020000000E+0000
1.158  5.78862771786814E+0000  2.02811494175012E+0000  5.34924752990623E+0000
1.440  1.44000020000000E+0000  1.52610180994450E+0000  3.61273336316795E+0000
1.193  6.97539403066554E+0000  1.19300020000000E+0000  3.49955242799490E+0000
1.001  1.00100032455789E+0000  1.00100106628366E+0000  1.00100147012094E+0000
1.204  2.92641214994719E+0000  3.55440011049369E+0000  7.25136404967230E+0000
1.419  1.41900020232937E+0000  3.35939863667822E+0000  1.41900020000000E+0000
0.821  8.23604263769720E-0001  4.16817715038412E+0000  3.44686463698502E+0000
1.337  4.20973217184045E+0000  1.33700020811961E+0000  3.54523081541614E+0000
1.246  1.24600023500157E+0000  3.56989842057037E+0000  5.46853543650562E+0000
1.536  8.46399980000000E+0000  3.46399980000000E+0000  3.77168562526618E+0000
1.203  2.81025998874549E+0000  3.79699978363019E+0000  3.59794204226513E+0000
0.979  6.55942747529171E+0000  4.02099977917561E+0000  5.31686593643558E+0000
1.212  8.51693119432204E+0000  1.21200020468058E+0000  5.34559868454156E+0000
0.907  2.91705254724395E+0000  9.07000246995760E-0001  5.32837918703398E+0000
1.332  4.18611791529166E+0000  1.33200067640603E+0000  7.12336404254185E+0000
1.158  4.34912088095437E+0000  3.84199980000000E+0000  5.38797139186481E+0000
1.440  8.55999980000000E+0000  1.61721729410318E+0000  1.44000020000000E+0000
1.193  6.87018743276403E+0000  1.19300020151804E+0000  7.26236405644834E+0000
1.001  8.99899974841515E+0000  3.99899855827148E+0000  1.00100138870184E+0000
1.204  5.74020505754927E+0000  3.42763423398657E+0000  7.25136403807787E+0000
1.419  1.41900025369727E+0000  1.41900023374439E+0000  7.03248498290123E+0000
 8.45536425644834E+0000