1.377  6.51586246600246E+0000  3.57240022092411E+0000  6.78446791788334E+0000
1.646  3.79866185993511E+0000  3.35157828044985E+0000  1.47354504484316E+0001
1.572  1.57200020000000E+0000  3.42799946554003E+0000  1.70574461856140E+0001
1.500  1.52362668145446E+0000  1.50000020000000E+0000  1.17025507668823E+0001
1.364  5.66596516236000E+0000  1.36400020000000E+0000  8.20358089952024E+0000
1.294  8.70599979576631E+0000  3.70599980000000E+0000  8.30752169416979E+0000
1.341  1.34100020000000E+0000  3.65899978573868E+0000  9.86498398860828E+0000
1.304  4.27713227372292E+0000  1.30400020979403E+0000  1.26663944816987E+0001
1.441  8.37762860408658E+0000  1.44279753765803E+0000  6.76738117365982E+0000
1.357  1.35700020000000E+0000  1.35700020000000E+0000  4.82320591368299E+0000
1.505  4.19326511013167E+0000  3.49499980000000E+0000  1.50500020000000E+0000
1.348  3.42899715024543E+0000  1.34800020000000E+0000  6.56210639166979E+0000
1.284  5.91178319980663E+0000  1.28400020000000E+0000  5.56822900278450E+0000
1.547  6.23060946043662E+0000  3.45299980000000E+0000  3.77704122840718E+0000
1.271  1.27100020000000E+0000  3.72899980000000E+0000  1.33292602537150E+0001
1.420  3.79449003948860E+0000  1.42280820746313E+0000  1.71829391617454E+0001
1.447  6.34303104220190E+0000  1.44812695163075E+0000  1.48895426503384E+0001
1.381  8.48647374702648E+0000  1.40268786756453E+0000  1.26316547199518E+0001
1.417  6.24564416613802E+0000  1.41700020000000E+0000  1.41700020000000E+0000
1.565  8.43499980000000E+0000  3.43499980000000E+0000  1.58047905777884E+0000
1.377  3.46480734901378E+0000  3.62123011935021E+0000  1.15633257422316E+0001
1.646  1.64600020000000E+0000  1.64600020000000E+0000  1.65144199334951E+0000
1.572  6.21544349471610E+0000  3.42799980000000E+0000  1.26120444885284E+0001
1.500  3.76786917777321E+0000  3.49999980000000E+0000  8.39654628516030E+0000
1.364  8.63599979553328E+0000  1.36400020000000E+0000  9.56255312266749E+0000
1.294  3.81052097049701E+0000  1.29400020516464E+0000  1.01106597283101E+0001
1.341  2.28351371979660E+0000  3.65899980000000E+0000  3.76416072545495E+0000
1.304  8.69599980000000E+0000  3.69599975721008E+0000  5.22899761009684E+0000
1.441  4.02329132704898E+0000  1.44100041481626E+0000  3.61002147581468E+0000
1.357  6.37198328644973E+0000  3.64299330571984E+0000  9.56299158765222E+0000
1.505  8.49499980000000E+0000  3.49499980000000E+0000  1.46777321491903E+0001
1.348  8.65199975796467E+0000  3.65199978272488E+0000  1.10184886721719E+0001
1.284  4.11693028934604E+0000  3.71599980000000E+0000  5.64191518843628E+0000
1.547  5.96120118113541E+0000  3.45299980000000E+0000  1.70824461790100E+0001
1.271  6.29144908139198E+0000  1.27100020000000E+0000  1.07615777688718E+0001
1.420  1.42003142523587E+0000  1.42003710076264E+0000  1.48439559736594E+0001
1.447  1.45723279799464E+0000  3.55270799400763E+0000  6.56458744561241E+0000
1.381  1.38499896478709E+0000  1.38113359505007E+0000  8.37510880109102E+0000
1.417  8.38467620500937E+0000  1.41700023428049E+0000  3.77535310785180E+0000
1.565  8.43499980000000E+0000  1.56500020000000E+0000  1.70644461847330E+0001
 1.86294463856140E+0001