0.698  3.67208226151668E+0000  2.44028119857734E+0000  7.00911055892610E-0001
1.012  4.05979709853879E+0000  7.44591207462315E+0000  3.78124321971023E+0000
0.449  7.08380700125600E+0000  7.12142126500086E+0000  3.09330494075377E+0000
1.544  6.48967080216209E+0000  5.80998914348865E+0000  1.54400033735290E+0000
1.386  8.61023954331627E+0000  3.48078170405003E+0000  1.41265537804140E+0000
0.760  8.05235271154510E+0000  9.23999822542224E+0000  4.03327379605425E+0000
0.932  2.71999889533372E+0000  9.06689547098596E+0000  9.39220525813410E-0001
0.994  9.00599962084162E+0000  9.94000423191360E-0001  9.94000235293780E-0001
0.672  5.17919103631037E+0000  7.29928321246627E+0000  2.53167485010370E+0000
0.418  6.89429044827157E+0000  9.40040605967545E+0000  5.15821373789990E-0001
1.381  8.61899979674102E+0000  1.44079072294267E+0000  3.29426905927288E+0000
0.618  4.20470648465849E+0000  9.38095021798947E+0000  6.19497692591390E-0001
0.805  8.35747143860570E-0001  3.33739100372499E+0000  3.94189584267641E+0000
0.710  7.75421673647216E+0000  7.71372939131370E+0000  4.08327974110516E+0000
1.169  5.15359666947663E+0000  3.47866562004339E+0000  1.16900384182190E+0000
0.763  2.46039436576008E+0000  3.32930428159725E+0000  3.99357726174161E+0000
1.630  1.63000020000000E+0000  8.27936956550174E+0000  3.16328019143374E+0000
1.210  1.21000020551649E+0000  6.14910052282391E+0000  1.21000036773079E+0000
1.331  8.66899980000000E+0000  6.00272590889216E+0000  3.44977905984852E+0000
0.473  2.45715388144321E+0000  6.20688669866689E+0000  2.62361444957332E+0000
0.958  3.96866660130952E+0000  9.04199980000000E+0000  2.35905351092008E+0000
0.973  2.91571375230651E+0000  9.73000206318390E-0001  9.73000200000000E-0001
1.265  6.15746687968472E+0000  8.73499979510666E+0000  3.52828026157042E+0000
1.627  8.37299980000000E+0000  8.37299966010876E+0000  1.70508626807194E+0000
0.848  8.48946144938590E-0001  9.15073124317040E+0000  9.76142737754810E-0001
0.698  2.71215420446374E+0000  6.44091789649923E+0000  4.09528025549639E+0000
1.012  8.98799951139292E+0000  5.90201730679427E+0000  1.01200094427982E+0000
0.449  4.94965871779250E-0001  7.64286301429597E+0000  5.62645823050570E-0001
1.544  4.06680191710386E+0000  4.88378532027375E+0000  3.21958989541523E+0000
1.386  6.60332559032926E+0000  1.38600025149098E+0000  1.38600025261555E+0000
0.760  3.63808184296965E+0000  9.23999977094013E+0000  4.03328026051510E+0000
0.932  6.43505808267372E+0000  9.32000212740810E-0001  3.86128026115365E+0000
0.994  9.00599945781893E+0000  3.72898276310736E+0000  3.79927991796184E+0000
0.672  1.65459017410927E+0000  7.89736737861592E+0000  6.72542788803520E-0001
0.418  2.72343036597745E+0000  4.99355014698730E-0001  4.26561730422420E+0000
1.381  6.61990642188470E+0000  3.34611935276466E+0000  3.33893385306452E+0000
0.618  6.80992009711655E+0000  3.87603646264080E+0000  6.20519890342910E-0001
0.805  9.19499940340572E+0000  8.17169653002417E+0000  3.98509865451219E+0000
0.710  6.86663353208022E+0000  5.28450964323196E+0000  4.08328025492072E+0000
1.169  5.63001768104687E+0000  8.45224024277457E+0000  1.16900020000000E+0000
0.763  4.63286107267145E+0000  7.72400302443820E-0001  7.72861664114210E-0001
1.630  1.75831372491392E+0000  3.39436733763824E+0000  1.63000026846500E+0000
1.210  1.21000033441102E+0000  5.38174118154293E+0000  3.58327978735763E+0000
1.331  3.60094493826483E+0000  7.00081961483160E+0000  1.33100031098858E+0000
0.473  9.36450910915238E+0000  9.40607148729529E+0000  3.38152526455149E+0000
0.958  5.81994085064383E+0000  6.55932564084937E+0000  3.83528023802425E+0000
0.973  9.73000200000000E-0001  9.73000229398910E-0001  1.08605610128933E+0000
1.265  1.26500079989902E+0000  1.26500032943143E+0000  3.52828012493758E+0000
1.627  4.09949176446640E+0000  1.71340157824742E+0000  3.16628027789704E+0000
0.848  3.64116421085491E+0000  4.84761575561704E+0000  8.55804189866800E-0001
 4.79328047789704E+0000
