0.744  4.74255585774682E+0000  4.23893672158712E+0000  3.14240022693507E+0000
1.467  1.48722212061962E+0000  1.48551484358551E+0000  1.48867627027668E+0000
0.991  1.13295653252442E+0000  3.91242914353995E+0000  5.78017625120114E+0000
1.934  1.95199780619392E+0000  3.06599965292537E+0000  1.12920532623243E+0001
1.376  1.44541315742349E+0000  1.38521746831510E+0000  4.59312079932915E+0000
2.476  7.41685337565237E+0000  2.52399978497323E+0000  2.47600020000000E+0000
1.303  1.38710874177296E+0000  3.68883963178782E+0000  3.20888475831522E+0000
1.287  3.81246421514270E+0000  1.30132017439897E+0000  3.00713368742632E+0000
0.946  1.02589228217582E+0000  3.97598747718440E+0000  9.74750310135320E-0001
0.813  6.82099082808679E+0000  4.18697280275865E+0000  5.25039975627622E+0000
0.932  4.70257980929501E+0000  9.94434750450990E-0001  9.59328596200410E-0001
2.082  7.91799939022034E+0000  2.91799980000000E+0000  1.11440532878487E+0001
1.370  4.82450301925164E+0000  1.41004076004138E+0000  1.17672464075733E+0001
1.848  4.38123297583251E+0000  3.15199979611358E+0000  5.49056555045929E+0000
0.432  9.12697846013848E+0000  6.41937203789050E-0001  6.45224750585180E-0001
0.920  9.07040642311938E+0000  4.07228720331212E+0000  5.01850846427515E+0000
1.421  3.56367072256457E+0000  3.54432859285088E+0000  1.43705385550867E+0000
2.115  7.88499980000000E+0000  2.11500020000000E+0000  7.02471899690351E+0000
1.711  4.79564757234273E+0000  3.28899706400127E+0000  9.02270082003887E+0000
1.820  1.82000020670208E+0000  1.82000021274892E+0000  7.75332732943929E+0000
 1.32260534878487E+0001
