0.963  1.09238316494993E+0000  5.31454922978654E+0000  9.63000200000000E-0001
0.898  5.65320613091050E+0000  8.15694523162137E+0000  9.74790692588110E-0001
0.496  5.76145133253660E-0001  5.81256704687710E-0001  6.63965698890540E-0001
0.860  3.05947247485292E+0000  4.52699438533143E+0000  9.72226855501330E-0001
0.814  8.91531399235900E-0001  3.45742749735695E+0000  9.49753826589940E-0001
0.487  6.63565444211636E+0000  3.01623310884886E+0000  8.05669225619720E-0001
0.599  4.97192753487708E+0000  1.51700207298424E+0000  1.12902270781160E+0000
0.617  2.52291152297152E+0000  6.26110102546145E+0000  8.25300226181380E-0001
0.837  1.31754892141425E+0000  1.72086233922593E+0000  9.91859653614660E-0001
0.470  3.10664718883810E+0000  1.94190633516860E+0000  6.00507919988250E-0001
0.540  5.56867190556737E+0000  5.94789005786850E-0001  6.28937823838020E-0001
0.759  7.21787540223770E+0000  4.61527110081679E+0000  9.82236018691180E-0001
0.572  2.33546107310627E+0000  6.78836419935960E-0001  7.15911912378940E-0001
0.756  5.32104382562513E+0000  3.64874860899552E+0000  9.60145226358330E-0001
0.936  4.74523132457519E+0000  5.51020544936147E+0000  9.66613429479340E-0001
0.933  1.09530879916728E+0000  7.34950488743090E+0000  9.70117115593450E-0001
0.720  4.05568492736546E+0000  2.73613351427821E+0000  9.43673557277450E-0001
0.743  2.43871738352783E+0000  2.95307927969853E+0000  1.03882440383857E+0000
0.574  8.88824927568982E+0000  1.78820109013452E+0000  8.51837011524220E-0001
0.530  6.10487602393744E+0000  2.03814491262117E+0000  7.26410095264580E-0001
0.419  5.98073548000078E+0000  4.73565392026142E+0000  5.78627062995750E-0001
0.910  8.64096560984957E+0000  6.01979051581068E+0000  9.74805435644520E-0001
0.764  3.70100789715742E+0000  8.55824166205250E-0001  1.04201291001943E+0000
0.567  6.67363407185797E+0000  8.78594279261240E-0001  1.01858034859186E+0000
0.881  8.94746592118475E+0000  3.55460082251887E+0000  9.73598929690820E-0001
0.725  7.33669684137834E+0000  7.44714704708890E+0000  9.38102325006390E-0001
0.942  3.81739116880517E+0000  7.33108111943874E+0000  9.65447538121650E-0001
0.569  7.90591469430384E+0000  7.88481240152330E-0001  8.14779803064490E-0001
0.621  1.01549062337678E+0000  9.08634792942324E+0000  8.92078840216580E-0001
0.641  3.29905730640895E+0000  9.23165656135025E+0000  8.94121222548050E-0001
 1.92600040000000E+0000
