1.579  8.29978181044495E+0000  5.92099980000000E+0000  4.41363155115345E+0000
0.834  3.75104183148953E+0000  6.64307105476771E+0000  3.03746395621059E+0000
1.388  8.61199980000000E+0000  1.38800026908472E+0000  4.60463042465129E+0000
0.970  3.91303851117656E+0000  4.16664573334140E+0000  5.00595628396738E+0000
0.950  6.25704084223935E+0000  9.50001521284640E-0001  5.04263147823716E+0000
0.811  9.17935857792977E+0000  3.82042892612504E+0000  5.17944705261803E+0000
0.695  6.95000298332170E-0001  5.47228829813177E+0000  5.29763150452448E+0000
1.275  5.69656007054773E+0000  6.22499980000000E+0000  1.27500025122133E+0000
1.623  1.75201834868549E+0000  1.62300035922350E+0000  1.79449798683049E+0000
0.747  6.55931507284209E+0000  5.26820043989547E+0000  2.91748888785193E+0000
1.177  1.23988722729814E+0000  6.25130662619470E+0000  2.92858169805163E+0000
0.921  9.07899978616929E+0000  3.84303306815433E+0000  9.21000207136260E-0001
1.547  1.54700025780725E+0000  3.76147250763788E+0000  4.12555156734903E+0000
1.127  8.87299977734978E+0000  3.52894909499355E+0000  3.28582276097630E+0000
0.733  7.33000740403500E-0001  6.76699980000000E+0000  4.69641330060369E+0000
0.930  6.72468059472578E+0000  9.30000418717910E-0001  3.22183088252490E+0000
1.321  6.76991740984460E+0000  3.86173807748974E+0000  1.32100029852855E+0000
1.562  4.13770460222597E+0000  4.16981843700486E+0000  2.45600423819688E+0000
1.167  1.16700020102579E+0000  1.16700021857380E+0000  4.82563150147892E+0000
1.545  8.44169040860418E+0000  1.54500020000000E+0000  1.54872598261575E+0000
1.425  8.56128708679396E+0000  6.07499979816574E+0000  1.42500020000000E+0000
1.412  5.30876054562702E+0000  6.08799959307459E+0000  4.58061988415592E+0000
0.904  9.04000294618220E-0001  6.59599949351570E+0000  9.04000286885780E-0001
0.737  3.52048146743321E+0000  2.77358463793233E+0000  7.37000775679530E-0001
1.478  5.15712910400355E+0000  1.47800029276163E+0000  1.47800030261563E+0000
1.277  1.27700184611536E+0000  4.43663844498816E+0000  1.27700041221351E+0000
1.190  2.95856748164697E+0000  6.30999978880454E+0000  1.19000032133725E+0000
1.621  3.87537382153481E+0000  1.62100020118460E+0000  4.34444272418197E+0000
1.200  2.71402424982159E+0000  6.29999521792803E+0000  4.79263135741948E+0000
1.535  6.48685828929554E+0000  3.38952381352056E+0000  4.45763148879647E+0000
 5.99263175115345E+0000