1.158  1.16228727289624E+0000  3.20674055702656E+0000  5.38024062227127E+0000
1.554  1.58120452360121E+0000  5.92459786638475E+0000  1.56234137536640E+0001
1.630  8.36999979016225E+0000  1.63000025828742E+0000  1.22267641559709E+0001
1.679  1.67900201579894E+0000  3.12437207053030E+0000  8.87777271387177E+0000
1.648  8.35199980000000E+0000  1.64800020579856E+0000  4.73866552743624E+0000
1.674  8.09171380538792E+0000  1.90489661431114E+0000  1.55075274657947E+0001
0.663  3.49829924644570E+0000  7.38062498584760E-0001  3.34373282515251E+0000
1.963  4.39856020480735E+0000  5.53699979738639E+0000  8.66002148416523E+0000
2.015  2.01706576881305E+0000  5.48406415039628E+0000  1.21044485751591E+0001
1.018  8.85115901583984E+0000  6.35743003956302E+0000  1.37174539829661E+0001
0.471  9.38472748511012E+0000  6.15288362675990E-0001  6.57088278823015E+0000
2.022  7.97750665960446E+0000  2.02200020722665E+0000  8.37030180724672E+0000
2.418  2.41800024777463E+0000  4.79302647264188E+0000  2.41800020000000E+0000
0.617  9.21417287602386E+0000  6.68531432437155E+0000  8.68282527235677E+0000
1.480  4.82850618383903E+0000  6.01741893855609E+0000  5.25222893120558E+0000
2.300  4.47294513837637E+0000  2.30000191746837E+0000  5.85625018039761E+0000
0.565  9.36472186909539E+0000  2.47038292192669E+0000  2.78223623515475E+0000
0.852  8.52952258877710E-0001  2.87204492562057E+0000  1.23214251732129E+0001
1.121  8.85038042838305E+0000  3.96944727398912E+0000  1.36655508431300E+0001
2.379  5.72814208343979E+0000  5.12099980000000E+0000  1.48025275159053E+0001
0.808  8.09823786181050E-0001  8.08708306166040E-0001  9.14240615288941E+0000
0.542  9.36143219042275E+0000  2.95955777583737E+0000  1.05471702896815E+0001
1.278  1.59404534293995E+0000  1.28554916116131E+0000  3.93461353717794E+0000
0.606  7.17871296918164E+0000  3.61912482951756E+0000  5.46250916621143E+0000
2.202  2.20200020000000E+0000  2.20200020000000E+0000  1.49795275092706E+0001
0.967  3.25877080938238E+0000  9.84645345075870E-0001  8.62778265213817E+0000
0.900  4.88110974214489E+0000  6.55461909187302E+0000  9.49111702009770E-0001
0.850  9.13037601942797E+0000  3.98656324565772E+0000  5.28540634980746E+0000
0.475  7.10955515484900E-0001  6.80966685667558E+0000  7.10955764280530E-0001
0.997  6.14488327996962E+0000  1.01027830703546E+0000  1.38927491166138E+0001
1.325  1.36101037416430E+0000  1.34765745507809E+0000  1.33320570070602E+0000
1.216  5.32263682090233E+0000  1.21600509463997E+0000  1.59655217644663E+0001
2.134  7.86599980000000E+0000  5.36599980000000E+0000  1.08355750722101E+0001
0.455  7.07401511114265E+0000  5.87048332255890E-0001  1.05583846936135E+0001
2.479  7.52099979364902E+0000  5.02099980000000E+0000  2.51056204054381E+0000
1.281  8.53249421237555E+0000  1.40169310869226E+0000  1.33069124063223E+0000
1.712  5.07614704980991E+0000  1.71200020000000E+0000  1.71200020274628E+0000
0.642  7.32998906799100E-0001  7.24084816400630E-0001  1.29261259670894E+0001
0.745  9.14722062690918E+0000  6.62972867944815E+0000  4.86736670546986E+0000
1.227  1.22700143138244E+0000  1.22700250696578E+0000  6.72358060094279E+0000
1.243  1.32084893821010E+0000  1.24379151079493E+0000  1.10873942469643E+0001
0.799  5.30795436429488E+0000  8.53440165111160E-0001  8.55396880759800E+0000
0.749  7.13638277747432E+0000  7.93355073644960E-0001  2.80030633727414E+0000
1.161  1.21494131791387E+0000  6.27902789196310E+0000  9.09289180043849E+0000
1.000  4.93197743452381E+0000  6.38218318011352E+0000  1.16288453224974E+0001
1.812  7.76285967313510E+0000  5.66371375815610E+0000  6.87311672026032E+0000
0.960  9.03238659266738E+0000  4.26258314084943E+0000  1.62171056889208E+0001
1.149  8.83535515861596E+0000  6.34759337140436E+0000  1.59527492034171E+0001
2.247  4.66302588111489E+0000  2.24700020000000E+0000  1.12734605721729E+0001
1.665  1.66500020000000E+0000  5.83499980000000E+0000  6.29332916709629E+0000
 1.71815277159054E+0001
