126.750792721403
-30.4717186685157 -8.09452230453579 0 1 
-51.193977378357 -27.8944226568329 0 1 
-123.792313248194 15.4344880374548 0 2 
98.6060355082451 76.4173308069209 0 2 
20.6881163206006 -117.950218981363 0 7 
-45.1559189873586 -109.830294988687 0 8 
40.9858654066825 -46.0787493638126 0 8 
-111.370361519703 27.3380641964964 0 12 
21.4180825313729 76.9282557742858 0 12 
-49.7724581333349 -8.10995736231575 0 13 
16.5058568330255 -52.2620774555378 0 14 
-9.45887742182438 -4.8602453613755 0 15 
-16.266424425338 109.549721270239 0 16 
-10.4102196159267 74.1473748148724 0 18 
17.7178185876555 107.297780983051 0 18 
106.744449604257 1.1631236539279 0 20 
67.3608989637135 8.98912835203428 0 20 
34.1300850000531 -15.0465358564667 0 21 
-20.313873083798 -40.9181040596811 0 22 
-87.7269604803765 55.3913991130595 0 23 
94.4743237937688 42.8815657617032 0 23 
-51.97081149659 87.4771874393206 0 25 
61.830228885379 79.5471241346778 0 26 
47.0739251456807 -86.8087818488027 0 28 
-9.06033889057866 -90.0033153717258 0 28 
-39.8284261218932 35.3152260754026 0 28 
17.3548769430565 32.729948179309 0 29 
86.7904955918359 -44.9736155853897 0 29 
-95.3090460228553 -16.136123569726 0 30 
-65.8179876531162 -69.5428411227422 0 31 
