122.385207870902
20.1018311897352 -58.4424873552309 0 1.0000001210794 
-81.0142594833949 87.8970712500769 0 1.99999985470478 
29.0395505725746 111.165661364411 0 7.00000004843174 
-43.3839359067553 112.16376794495 0 1.00000012107935 
-105.282311229865 56.0145831316767 0 1.99999985470473 
110.330870294335 -3.46311837883678 0 11.9999999040722 
-88.8898578365691 69.9689302805412 0 7.99999992374789 
-29.560624334598 110.499526170656 0 7.9999999220291 
-109.172241529921 6.82242697689182 0 12.9999993831075 
3.71353099435516 -55.0123751271058 0 12.0000008670433 
73.9380694376682 -73.0734591613654 0 18.000000576328 
-34.4803957846509 8.86583552137502 0 17.9999998134454 
83.2331458305801 3.58764894082586 0 15.9999998890234 
-101.906163193542 33.8632109391261 0 14.9999986628582 
-77.1126477894131 48.9058695674799 0 14.0000010583451 
-0.622264950915851 99.3832587806569 0 23.000000781527 
-69.4366993539969 -73.8749318702822 0 20.9999980040248 
1.0865887737798 -4.5128684286052 0 20.0000015510378 
-71.9312016686802 15.303002432672 0 19.9999998377151 
90.6013776125257 42.9031270315666 0 21.9999998256953 
-33.8915127884602 -38.5972421840669 0 28.0000010141197 
-26.3743034759114 -92.7065502399054 0 25.9999997399823 
-49.3729941064788 80.4417488187216 0 27.9999997219482 
93.3614825216904 -34.0742267013593 0 23.0000009740942 
46.3014835610949 21.3936085383352 0 24.9999985498557 
-3.2309984405393 45.3003709645794 0 30.0000019677101 
41.3890084886377 -32.3824772293759 0 28.9999997008348 
-89.7304232200503 -29.2748808314127 0 27.9999997485063 
28.4959748333196 -88.9313022707137 0 28.9999996925519 
48.6751903774472 77.3432754723797 0 30.9999988903969 
