122.140924820086
-38.9216777214456 112.867360449652 0 1.00000012107938 
102.302754381535 -61.4108306666814 0 1.00000012107938 
-86.5790947915556 80.620877950333 0 1.99999985470475 
-115.459938394023 26.851052313207 0 1.99999985470474 
73.6016425498977 86.6297139517163 0 7.00000004843174 
40.7118414884729 38.4781196858849 0 12.0000000365379 
-61.1108028887695 -90.3045924431492 0 12.0000000365379 
12.4372542663499 113.461293822045 0 7.99999999143838 
-40.6018230763561 28.0261170436524 0 12.9999999415394 
46.384971740762 -33.4307143046873 0 7.99999999394646 
-107.003243529097 5.42986594532862 0 14.9999996821285 
-33.216573707933 -7.07712974861156 0 18.0000004736205 
103.782486449178 8.63294056165345 0 17.9999995892659 
-101.777636269821 -30.1198893117568 0 16.0000000331629 
-91.1582984513713 -58.1775150153931 0 14.0000002218221 
25.3113966993548 -96.8893078277878 0 21.9999995654456 
-14.4574777898887 58.0384520819045 0 23.0000007075 
-12.8009637022623 101.335598413809 0 20.0000008379844 
-73.1158705367326 -6.72109863269215 0 20.9999987466091 
97.9616415337821 -28.9185944603575 0 20.000000142461 
-21.637605706431 -94.7004397200545 0 24.9999996430918 
80.7243493322375 48.4364858676196 0 27.9999989213529 
-52.260167200962 84.2484286451385 0 22.9999999681408 
8.55072458263114 12.5232667722069 0 28.0000008524038 
60.676643646765 -1.82160263759794 0 26.0000006150106 
-49.9790953427618 -49.9147276283351 0 28.0000004123615 
8.92154379583491 -46.4868992384802 0 31 
33.136626916506 81.5938171177594 0 30.0000001354446 
65.8185022301287 -65.9026268303471 0 28.9999999510138 
-82.9838953780869 42.2954489545205 0 28.9999993627214 
