125.919178233131
-107.931697242321 49.9251407123094 0 7.00000001243706 
-79.6258771956106 94.4788265951954 0 1.99999996268875 
118.659488020625 -33.3072816758277 0 1.00000003109264 
-117.884198105297 -31.7664410864116 0 1.99999996268891 
-87.7387699662245 -86.671521363524 0 1.00000003109264 
82.091547447032 78.9845369328606 0 11.999999680417 
49.0964029742812 55.9847766783954 0 13.0000003950123 
-112.413666251497 35.6103945051905 0 8.00000014650942 
44.492522194525 -104.87132435228 0 11.9999998258175 
69.9858796927856 94.9047377489735 0 7.9999999522437 
-58.2748233985866 90.8327805402936 0 17.9999998248168 
-47.8788117126426 53.1498064608641 0 18.0000006218038 
-62.7152166352839 -90.2719650093809 0 15.999998530069 
17.8865975413881 -109.467499593531 0 15.0000011533775 
66.0567560617126 -90.3460428575273 0 13.9999998699329 
-84.491277924909 63.3246456575396 0 19.9999998014363 
18.9839115900573 -0.00488102030376662 0 23.000000828342 
105.659098806771 -7.41803196321577 0 19.9999998010052 
35.1875710938883 -70.9289758098889 0 21.0000016234629 
63.8675849585343 -3.23841698759016 0 21.9999979457537 
-97.8826789633042 2.67332724546058 0 27.9999997216082 
37.0014431656376 93.8912844764382 0 25.0000021670962 
-83.3404773809036 -51.4055453106672 0 28.0000010178778 
-21.3610719572805 -97.609155914129 0 25.9999973227903 
-18.6129786627466 101.222103910963 0 22.9999997706275 
-39.9673551777124 5.80628441115164 0 30.0000015659241 
-8.53713377243912 -44.1250813119087 0 28.9999992811636 
1.07122513767727 50.9375931766567 0 30.9999989876671 
89.5189889462939 39.6801720346238 0 28.0000001500504 
82.6219981944935 -50.6649047957106 0 28.9999997107997 
