124.135312253436
-21.440741579607 -1.84941227913754 0 1.0000000162771 
-51.9926087425998 104.964041508778 0 7.00000000649026 
121.865445502833 3.95810972288917 0 1.99999998052926 
-94.8377172373889 -76.8946398197751 0 1.99999998052921 
-46.399853938117 114.058568508389 0 1.00000001617417 
-24.416853345512 -107.776996972896 0 12.9999995425126 
-98.3227975435335 -53.9161920854056 0 11.9999998384275 
-109.881930105564 -37.5948426704007 0 7.9999999586059 
-37.7977377262175 109.812302540908 0 7.99999992702234 
-65.2372294610986 25.9740718904177 0 12.0000007334317 
-14.421640712037 104.37556554179 0 16.0000005008595 
51.0747834779156 34.9228163286888 0 18.0000006265974 
15.2071411996172 109.080382703275 0 13.9999998609424 
61.7635320966383 -86.3132132880529 0 17.9999991600967 
20.3403057161738 46.9391348190704 0 14.999999851504 
-97.3494203028121 34.058523781206 0 20.9999997879347 
-101.762867482148 -8.71438358771295 0 22.000001610687 
-28.6278458229223 32.2674127862531 0 22.9999989968965 
-6.64747395492195 69.2249986302612 0 19.999999802544 
86.7180549789781 -57.6553747489545 0 19.9999998019378 
91.0528954507609 44.0195572091302 0 23.0000009759871 
42.8319547762863 -47.704986403324 0 24.9999985481085 
18.9109443777963 -96.2959798999543 0 25.9999997378704 
-62.9744076491556 -72.6376076599013 0 28.0000010177763 
-51.9542897026731 -13.0853918184743 0 27.9999997202577 
15.5338169158099 1.19093755160203 0 30.9999988617258 
-11.1442479229356 -51.4330179209404 0 27.9999997211659 
-63.4906445250677 70.8495995077908 0 28.9999997093216 
80.8876272740505 -7.99647530827398 0 30.0000019977115 
48.4876309591363 81.8515567101311 0 28.9999997100752 
