122.871730010129
-97.0213366386849 72.0890127296556 0 1.99999986426061 
-121.865728170997 1.2055067026297 0 1.0000001177749 
-115.069057225727 13.6147184242793 0 7.00000004524646 
36.3771845034002 -115.9651778524 0 1.00000010845743 
56.2618016770657 -106.979321327135 0 1.99999986426061 
-84.3154312767115 78.0154780133498 0 7.99999997959066 
12.9981115317276 110.107173660268 0 11.9999996280302 
88.654632541064 73.0469797000406 0 8.00000011636739 
-64.7514302650268 -89.998799518856 0 11.9999998921798 
109.851835577226 -2.08863091664495 0 13.000000383832 
-37.3024611950978 36.9252420527952 0 17.999999816215 
-8.15326244150761 -33.1780634104454 0 18.0000006272479 
-13.8204967013597 106.982729059304 0 14.9999985378239 
77.8111841621026 -7.06270976542328 0 15.9999998441611 
-38.8362979289473 -101.709364045448 0 14.0000011745521 
95.4083123819 -38.4687769350646 0 19.999999802596 
43.1704071010571 32.0370430796128 0 21.9999979468508 
-0.101982110075078 19.6879450140449 0 23.000000828657 
-2.52434004450428 64.1869385192574 0 21.0000016203236 
-102.35716180831 -10.2763952861074 0 19.9999998015727 
91.1649938015919 32.7578356402689 0 26.0000009434522 
-83.4620006370587 -51.1172185495871 0 24.9999997501292 
35.0171870105305 -17.2937246931796 0 27.9999985168499 
2.59749822408223 -94.8361637961507 0 28.0000010170266 
-36.8271632897893 -62.4834800460176 0 22.999999772542 
-85.3020441157698 36.7249137916816 0 30.000001134493 
-48.4887760323087 81.5443670915167 0 27.9999997230934 
43.787809492221 83.0333034890201 0 28.9999997096093 
-48.8505685748956 -9.66786672784554 0 29.0000001385042 
57.0153618713161 -72.0393185335569 0 30.9999989876671 
