123.672184635823
5.0769710428023 67.2636275409729 0 7.00000004843175 
110.749238036011 -49.8121519986879 0 1.99999985470476 
-100.899833094659 -68.6104040961705 0 1.00000012107941 
-59.7467071537688 105.805945672954 0 1.99999985470472 
-45.1414685870185 113.815525235947 0 1.00000012107936 
9.94010069747385 115.225937230566 0 7.99999997792355 
-53.3654468422939 10.1589243478477 0 12.0000002825667 
-96.1944415198307 64.224505660848 0 7.99999997792262 
88.445019498088 -66.5267688461292 0 12.9999998233846 
110.867736238764 -13.3799048464723 0 11.9999999382025 
19.2391481400067 -106.955591995276 0 15.0000006349653 
49.1776512306348 -50.6646568835107 0 18.000000558242 
9.47669716819416 0.956730762834991 0 17.9999997204222 
39.0687165969218 -83.1272847969025 0 15.9999991251887 
68.9933819298989 -85.251987035457 0 13.9999999611818 
84.1833329958489 -32.7949145568305 0 20.9999995098584 
4.76508646666167 -64.5730169205632 0 22.9999993536551 
40.4848520217578 39.0673140522077 0 22.0000012145877 
-15.4774168270681 -102.510347552818 0 20.0000000420616 
78.1953375610619 68.0691635204902 0 19.9999998798371 
35.015786312887 89.0340470926665 0 27.9999998059861 
50.0345074980158 -5.04860429174115 0 23.0000004957709 
-64.8007507902004 74.4114424434752 0 24.9999995928051 
-56.3390503834637 -77.3244981388083 0 28.0000007340726 
-18.5465617328024 95.8951551766249 0 25.9999993713653 
-30.7495209134923 -25.2320361261458 0 30.00000147527 
-21.4438407307 38.9688374072758 0 30.9999989876671 
-90.7276848904297 27.0427393059688 0 28.9999997326465 
-89.4724068191134 -30.9436748456589 0 28.9999996216419 
93.0099206772691 22.4125306065047 0 27.9999999387183 
