124.087176675388
-54.4456896432853 -35.1013482706973 0 1.99999985858033 
115.953042829839 16.2572732561134 0 7.0000000473572 
101.013053595711 -64.3304856404555 0 1.99999985861193 
95.7838471403822 74.2290054244402 0 1.00000011698407 
49.6377613248323 110.700195283285 0 1.00000011698817 
-1.35624222449526 67.0494447554348 0 7.99999997268865 
-72.4366267890135 89.5732333570744 0 7.99999997122748 
59.3597868789571 10.2158496844064 0 12.000000128159 
-15.0281939459256 -76.0735759676476 0 12.0000001185925 
-5.68163006297571 -26.7911873327058 0 12.9999998067414 
11.5705077778771 -80.7113662953485 0 14.9999996595672 
16.805817237696 -48.1292924093627 0 17.9999999379074 
21.4463960860013 -107.977954713818 0 14.0000001793826 
-10.6804995811772 -106.726188806604 0 16.0000002230161 
-0.244793372489891 3.7283279891758 0 18.0000000080315 
103.79086528075 -7.84835849560551 0 19.9999999940634 
-102.070945221462 1.82043252951373 0 21.9999998721688 
-22.5197783963205 38.1496172896568 0 23.0000007649555 
64.9836407729519 80.5079544858964 0 20.0000034143855 
-32.2946723031496 -47.9511903387208 0 20.9999960499636 
88.3498827598642 37.7762332123411 0 28.0000004541594 
-47.4495896447048 -89.258915301545 0 22.9999998313505 
-52.3269839088266 -3.23311618866602 0 28.0000001458263 
52.3194976908264 -84.1483105692596 0 25.0000018402729 
20.8852246377359 95.837895490541 0 25.9999977335568 
60.4820464070263 -30.7687908274243 0 28.9999996576902 
30.4211715205298 40.6555558017667 0 30.0002240856716 
-78.8564983872617 49.4658932951826 0 31 
-81.3402235080894 -51.1391643196136 0 28.0067579281883 
-33.6727539141185 88.9325714968775 0 28.9932417918526 
