124.270853308669
-69.2651055290979 43.7943547239862 0 1.99999999038784 
-75.3246852733355 94.6642569113962 0 1.99999999038784 
122.103972799547 -2.45064629838745 0 1.00000000801013 
-25.713952838024 119.666002534868 0 1.00000000801013 
47.1129200059214 -37.6189159517534 0 7.00000000320405 
30.8457791022196 -112.104635305966 0 7.99999992210426 
-4.62890230362936 112.175388535092 0 11.9999998774355 
115.192012760941 14.7951357014076 0 8.00000017748157 
49.9576729130818 -17.8222647921847 0 13.0000003983432 
109.93047211115 -22.8042953826278 0 11.9999996246355 
7.19392225092986 -108.031593159523 0 16.0000001731919 
92.6378870957655 1.71032142750499 0 17.9999992702492 
99.6111676515348 37.0284945303667 0 18.0000006268678 
72.0936838567511 -82.1134587954276 0 15.0000000651476 
48.5299963874914 -99.0176780629812 0 13.9999998645435 
-81.1615520030239 65.4615411273868 0 19.9999998010861 
15.4709668519903 -11.8500584177612 0 22.0000016169158 
-47.6261501571277 8.16354793627718 0 19.9999998008307 
74.0485706487914 69.0839715010714 0 22.9999989924995 
-28.7347984078113 -99.1926436004117 0 20.9999997886679 
-66.4066698826469 -76.4587468557342 0 22.9999997711997 
26.1700738365665 86.6523961434851 0 28.0000010180988 
78.7125753472844 -42.6648813679471 0 24.9999997512788 
-91.9597471956987 -34.6491748609366 0 26.0000009450838 
51.9293571038407 23.1302976745983 0 27.9999985143389 
-37.4488735077135 87.6020400267024 0 28.9999997133919 
21.4876504229754 -64.3087212078729 0 30.0000019634517 
-31.3487015527662 -38.0538148240141 0 28.9999997225227 
-94.3165496905179 19.2993705724521 0 27.999999721574 
-5.45472511557291 36.8440426249859 0 30.9999988790596 
