126.478170188003
97.5267316204283 -69.0186190225816 0 6.9999999961455 
55.7908935943051 -112.392820446389 0 0.999999990363744 
-5.54801136024132 -125.355452477726 0 0.999999990363744 
108.295585679049 -61.3749165321854 0 2.00000003993774 
-63.5267744223763 -46.896708116327 0 1.99999998318927 
-46.6843441637481 -108.892831903777 0 7.9999999200228 
-114.444140948889 -2.79107137626889 0 11.999999880106 
-37.9622562224334 108.000542377872 0 12.0000009196521 
51.2009243634827 101.270729229619 0 12.9999993601933 
87.3528506443031 -80.0409664751266 0 7.99999992002571 
73.2601833546668 84.0257597006047 0 14.9999985200612 
14.0280958540428 33.2137160001693 0 17.9999998200354 
65.1723721435816 -89.2075559149722 0 15.9999998399988 
106.178238622579 22.2192211579079 0 18.0000006299493 
97.626312342778 55.860902903789 0 14.0000011899552 
32.3660663057486 -55.8079744672694 0 20.9999997901624 
-73.5733676515512 76.9711656503306 0 19.9999998000333 
97.8360236650955 -42.0203907951076 0 19.9999998000199 
-17.2602987870857 -103.042563017195 0 22.0000016195173 
4.21466797422972 -6.59453108128231 0 22.9999989902671 
27.6172242361085 -99.7247245089144 0 22.9999997700307 
-62.5132681765237 -79.9369119126906 0 25.0000021698422 
-46.6280496014456 -2.59228946394915 0 27.9999997199936 
-16.8428408693919 -53.0443031189625 0 28.0000010199701 
55.8422671926218 46.9095118370956 0 25.9999973201633 
-29.7502191269445 52.8977000522395 0 30.0000011250935 
58.104277826279 -10.0455838287184 0 30.9999989876671 
9.41634892567603 97.0222968837374 0 28.9999997101538 
-92.1974308341893 31.6484973107148 0 29.0000001472663 
-91.7639709579302 -35.7396655377721 0 27.9999997200222 
