127.024518592569
120.524552531414 36.8232334509891 0 1.00000012026795 
5.56903193655964 97.6054200484886 0 1.99999984565158 
-120.375721876631 33.7750273736795 0 1.99999986570494 
118.539163321119 18.8242321602571 0 7.00000004810724 
92.4182816419428 85.679516232104 0 1.00000012026829 
-32.5237748040088 -91.1405725068749 0 12.9999999728771 
52.6046615096647 -102.290709754898 0 12.0000000490414 
115.024416541703 0.152151977658969 0 11.9999999848623 
14.8212011764607 -118.097884812244 0 7.99999999844468 
105.902791055856 -54.3270974214165 0 7.99999999477457 
-59.0067996715949 -96.398854025649 0 14.0000008565929 
-38.3179858525714 42.9760263115295 0 18.0000004962208 
-11.2408882182953 108.443477945941 0 17.9999998621726 
-13.0521102265946 -111.261562726723 0 14.999999003602 
22.7583775989287 108.666921851064 0 15.9999997814117 
98.5826728917651 -27.3008824141101 0 20.0000000030639 
-54.0112460533291 1.64368099327171 0 23.0000000102305 
-99.1317691414884 -40.3378221889531 0 19.9999998825974 
58.1219969690874 -20.6723975707534 0 21.000000238908 
-5.12930364387916 68.912887465479 0 21.9999998652001 
-101.921862984313 4.57559877084278 0 24.9999998072906 
90.1460906379443 35.6418855750432 0 26.000000206931 
72.4156861087822 -67.5412714856138 0 28.0000006514699 
-48.7520181021178 91.8930955394932 0 23.0000000328534 
18.2583964630762 -81.7886589256355 0 27.9999993014551 
-82.9609621385761 54.0678633813579 0 27.9999999954375 
35.1897128068249 24.8809917926482 0 30.0000015450991 
57.1473766249319 79.6428504370643 0 28.9999995814147 
0.729390235371572 -25.4527572115499 0 30.9999989876671 
-52.0642199680586 -53.9630118535532 0 28.9999996528807 
