123.53616551241
74.5886414070849 34.8463339170892 0 1.99999985470374 
87.9037894496244 -76.1249956998351 0 7.00000004843192 
105.229692201356 -61.034585744285 0 1.00000012107981 
-44.2343865716788 112.017934724371 0 1.99999985470472 
-57.6932738456795 107.237563886074 0 1.00000012107982 
-70.4330423017479 -26.1050013404579 0 8.00000009786118 
87.9303953550321 -54.3014116499033 0 13.0000002760532 
107.333848390365 -42.5803439932336 0 7.99999997115213 
60.3541971878563 20.6603384218307 0 11.9999999761298 
-71.568983311778 -6.13728639838055 0 11.9999996788037 
20.0833585594157 -107.679293532602 0 13.9999998962573 
-47.246700122448 -37.8690822752892 0 18.0000006104316 
-8.91249580912754 -108.169619780678 0 14.9999998326535 
23.1157020622129 52.707986045345 0 17.9999992021522 
-24.943007972569 104.304702856004 0 16.0000004585055 
-102.582122329203 -14.0230444466721 0 19.9999998236611 
99.2209659654121 25.8624209393507 0 21.0000014266325 
102.442238644182 -15.0108406768685 0 19.9999998275645 
-16.0776345822751 60.7006176172107 0 21.9999981930611 
19.4424320710575 11.8728652912293 0 23.0000007290808 
-85.2088057794076 -53.3570989986997 0 22.9999997979269 
-59.5854447645025 78.4789826970681 0 24.9999997465403 
-44.7502749023249 -84.4071773851649 0 28.0000009923473 
16.2620723092142 96.1709332272874 0 26.0000008853732 
55.3569499856596 -24.3369032356855 0 27.9999985778123 
-33.5573659674937 11.7265557727554 0 29.9999992001735 
51.8708114744854 -80.2282859405869 0 27.9999997809108 
-88.610679112681 32.9428886064697 0 29.0000010168541 
0.891341980532946 -47.0194389804636 0 31 
68.4131415673967 65.2436103707869 0 28.9999997116933 
