125.148738955649
-89.9680089102773 -76.5825167527599 0 7.00000003924205 
40.5353420883461 116.286275135369 0 1.99999988227385 
-119.753863548829 28.7162655686008 0 1.99999988227386 
-79.9193480412551 95.0042470064565 0 1.00000020098588 
-19.3641736127008 -122.629271232845 0 0.99999999522437 
-63.2425337818344 93.8244058488447 0 11.9999996223687 
-81.6087442374664 78.375059915826 0 11.9999998790361 
89.8040040064099 75.2267766155257 0 7.99999992256283 
44.3089540595846 -108.446039137665 0 8.00000017715623 
-4.10390032441923 -31.8486936413546 0 13.0000003988762 
-39.3028382175139 103.9679234627 0 13.9999998604979 
58.3259293784506 29.0249174337143 0 17.9999998220916 
-68.5417205147631 -84.9439820643168 0 15.9999985113709 
16.7791362493872 -108.863239710216 0 15.0000011784229 
-41.8682144451242 -40.4570811935831 0 18.0000006276167 
-41.9642354198867 0.54281476831424 0 23.0000008293973 
-93.2583637328778 48.5709268906747 0 19.99999980113 
-80.9401486401121 -49.0235303646998 0 21.999999779609 
95.5846682108537 -43.8158437104768 0 20.0000016372774 
93.2269391726013 46.4294956296283 0 20.9999979525863 
100.144210125658 0.952566966629158 0 24.99999854467 
2.13600749246042 97.1252529066825 0 28.0000010186428 
20.951423054054 -61.7356612025344 0 25.9999997388959 
67.667498809731 -76.5210707874831 0 23.0000009776401 
50.0018969279833 -16.2156665904926 0 27.9999997201512 
-24.2748850693669 -93.0339190663001 0 28.9999992757743 
10.4108989717703 26.1700978834722 0 30.0000015626013 
-96.1481246195887 -0.34378699287261 0 28.9999997097946 
-42.8014303122334 55.9937146539148 0 30.9999989876671 
53.8052946482298 75.531621978865 0 28.000000155421 
