125.639862490632
119.030917890219 -35.2128810951801 0 1.00000007882645 
113.069521976298 -46.6190518929864 0 1.99999985403047 
-74.0106424085969 20.8610761172093 0 7.0000000486565 
66.6160074960538 -105.344159253573 0 1.00000016445609 
-50.8086668136302 -64.4457539054973 0 1.99999985403048 
-59.3561859660096 101.567583288459 0 8.00000005784319 
97.6134370793914 -58.1861265887011 0 11.9999998809674 
79.5233421766161 -79.7732205892636 0 13.00000039853 
-60.1416570361898 85.5868325704212 0 8.00000004178935 
52.8151020177837 33.6514023326876 0 11.9999996208701 
9.47233021139379 54.2512542069784 0 18.0000006297253 
-26.0067719953754 4.92061575387986 0 17.9999991592813 
22.3910856454675 108.35044294971 0 14.9999998540839 
0.712134691751756 -111.637591301042 0 13.999999861965 
-6.34702062339678 -82.4799448292863 0 16.0000004949446 
103.215974876587 -17.2035978728228 0 20.9999979561578 
-104.17994718383 17.5019657160787 0 20.0000016357635 
-60.5493331355416 -17.165838669731 0 23.0000008292823 
-35.3839136260747 43.8059488485686 0 21.9999997779957 
-103.218885967368 -22.4864885767601 0 19.9999998008007 
-80.0140294761949 -61.0420925210109 0 24.9999997487207 
-43.9722302994242 -92.7436487353541 0 22.9999997727741 
36.9373144378094 -90.3835042417756 0 27.9999985151254 
-81.3994413405609 57.4650585827269 0 26.0000009449848 
-11.7431540782729 -38.8120862026541 0 28.0000010183951 
55.6369240126137 76.5587120550846 0 30.9999989876671 
20.8976346787396 7.91669447689606 0 28.9999992777432 
-20.0900050129808 93.5060142283122 0 30.0000015615608 
92.7027341238243 30.6552736548846 0 28.0000001538459 
57.3775362085161 -37.1745094020005 0 28.9999997107082 
