126.484949544986
122.482967937496 -20.8141961750138 0 1.00000012107942 
20.8426926730345 78.3485136590315 0 1.99999985470471 
-122.794417374142 4.98739350303787 0 1.9999998547047 
117.315503072504 39.7895337468081 0 1.00000012107942 
77.3707465318691 90.9521628165121 0 7.00000004843176 
-75.9051191337245 90.978544363587 0 7.9999999821765 
-87.0425887944852 74.3665950041534 0 11.9999999843934 
107.35976246397 -36.8523983974782 0 12.0000001723301 
53.2498774639602 -105.844855118112 0 7.99999998647881 
67.9763219915385 -90.8738189290134 0 12.9999998746212 
70.7467914796051 -28.191433488988 0 17.9999999945609 
-8.14637883718639 9.95225805383236 0 18.0000001479828 
-54.0424140558709 -28.5486517930168 0 14.0000001499284 
-25.0005810458112 -108.644827296265 0 14.9999999852308 
-54.0292037347423 -96.3730724533098 0 15.9999997222971 
85.7827289108486 -63.0901540498377 0 20.0000003249636 
-48.0332763588022 6.94628228939102 0 21.9999996648671 
-79.402156486035 -69.4432792631506 0 20.999999205433 
29.2456756509429 33.9013714771393 0 23.0000004882774 
-48.1892118338276 94.9570634486225 0 20.000000316459 
-26.5660970532667 52.1033455852904 0 28.0000002403519 
45.8737866926105 92.7616845002902 0 23.0000000084877 
-2.51875379896126 100.453376043821 0 25.999999727082 
101.467235658626 1.89601234840666 0 25.0000001677992 
-27.6096636270693 -61.1877354485275 0 27.9999998562793 
17.6170307929432 -95.8798990459196 0 28.9999996973409 
21.7514813326781 -28.8693602128573 0 30.9999989876671 
-95.7049050492399 -23.2348067858612 0 27.9999998823222 
-91.5076632566582 33.6104513561046 0 28.9999997061835 
80.7313718480421 52.83739306042 0 30.0000015459863 
