122.005348695031
43.0683224738751 -28.4216114061683 0 7.00000004843168 
-25.7704555594714 53.0945345511245 0 1.99999985470488 
102.935878777238 58.8103185551371 0 1.999999854705 
-109.824136727127 46.8251799219321 0 1.00000012107928 
-53.3575975728798 -107.153233339471 0 1.00000012107916 
6.56370226909165 108.777331469322 0 12.000000046195 
-90.3289457939641 59.4521424388889 0 12.9999999260872 
106.917245200519 -39.5717345599081 0 7.99999998174825 
-18.8022837968358 107.685281595195 0 12.0000000461959 
-112.711011922422 -15.9716346512624 0 7.99999999977357 
60.035052066323 24.2767766223408 0 18.0000005518969 
62.1317737861445 -10.1185186927868 0 16.0000003596378 
-0.423323708411788 -107.00449464085 0 14.9999999160185 
-13.3574884752699 -76.6448430743586 0 17.9999992892795 
-30.6643606386129 -103.560862988237 0 13.9999998831673 
97.6974512662185 29.3308571917702 0 19.9999998417999 
99.1002674042807 -11.6451369169358 0 20.9999997494039 
37.0986191149929 95.0199118333274 0 19.9999998256558 
17.9491830871829 -50.1704745332381 0 22.9999990843138 
34.1851314488113 -93.9178220059606 0 22.0000014988266 
71.2999950049953 65.7749828619136 0 24.9999997783365 
-33.5670460030085 -35.3220426849892 0 28.0000009699139 
7.02847315091385 57.6061953249792 0 27.9999986622764 
-87.3841968993381 -39.7621541190374 0 26.0000007607915 
-58.8633121677682 -79.606340860355 0 22.9999998286817 
-35.0529774076193 20.6582406183714 0 27.9999998168413 
18.7452557187837 1.82343044189914 0 28.9999996987543 
71.6169331572751 -56.1514783761675 0 30.9999989876671 
-91.7776023712719 15.0620928829966 0 28.9999996552329 
-49.4644462739313 77.4435313093363 0 30.0000018415044 
