125.162378363107
-34.0591803125186 -71.081786135657 0 7.00000005044464 
-60.5829475400103 106.422428887934 0 1.99999984866606 
-119.290502818164 -24.6644584159699 0 1.99999984866608 
47.3406819246984 113.711330772727 0 1.00000012611161 
0.401891026525648 123.26121272949 0 1.00000012611161 
-45.8138317726108 -56.1543344232332 0 11.9999998933398 
75.0987102882601 -89.9288945945057 0 7.99999992212935 
86.6507030455153 -78.8585975058925 0 7.99999992212382 
-15.0012962210732 111.077511361977 0 12.000000885395 
-46.7901182094264 -27.5868594252115 0 12.9999993770121 
-7.89510250402738 5.88536721731275 0 18.0000006242007 
9.57075747340044 55.2738552191998 0 17.9999998206437 
-67.8613811571947 86.7789310495849 0 14.999998535783 
14.0096865879578 107.515107604854 0 15.9999998424187 
-40.9588320971039 103.107281399814 0 14.0000011769539 
-56.9387608608562 -87.2225808481243 0 20.9999997825736 
91.7826634851607 -51.3329187300564 0 19.9999998046592 
-49.786861649767 8.28819339128511 0 22.9999990185284 
-87.1492739673323 55.203985207438 0 22.0000015809196 
104.312092897401 -13.3459029077807 0 19.9999998133192 
37.289763089526 18.5634097489834 0 28.0000010115597 
-98.7856274717037 8.63580494681633 0 25.9999997634314 
-11.6289291208125 -41.9983349692937 0 24.9999985754998 
44.176060723386 -92.117463044317 0 23.000000949328 
-36.3756694255957 57.4932723395132 0 27.9999997001811 
43.295952198049 -39.1247688110396 0 30.000001143195 
-7.68948746318975 -95.8544457100449 0 29.0000001255061 
53.1085878698144 77.7562314113637 0 30.9999989876671 
-85.1671657814956 -44.6515054519618 0 28.9999997073393 
91.4256380793519 32.8919521659056 0 27.9999997303719 
