124.062663520703
-31.8780538766292 -57.731985552713 0 7.00000004813231 
118.438736531663 -21.1238408636859 0 1.99999985487926 
-113.602339625488 -44.3622610592165 0 1.00000012087973 
93.7837876624828 -75.5986666250594 0 1.99999985632686 
47.3356530622826 111.94581164829 0 1.00000011978184 
-102.995849266763 -53.5013676283285 0 7.99999999781763 
75.2021900441352 21.5503035410338 0 12.9999999758402 
60.9285385389269 93.4428897930209 0 12.0000000212563 
41.1314244846537 -77.3069469984157 0 7.99999999614244 
106.286859455474 35.5125838823383 0 12.0000000089435 
66.5979198840414 -82.546986402341 0 18.0000000009721 
48.8980385594024 3.49227941911568 0 18.0000001155194 
38.1170752342558 -101.116900254376 0 15.9999997105837 
-0.133322388174814 53.8190760192726 0 14.000000060058 
-46.0812698407246 -98.8492833249994 0 15.0000001128668 
-99.2646472291702 -23.7343003594103 0 21.9999997095737 
104.000563438039 3.59436016592282 0 20.0000005918974 
35.0384553121353 45.6803439616447 0 20.9999985871761 
-37.2259780221295 47.0703590914596 0 23.0000006645584 
-71.0344918651229 76.0469474263763 0 20.0000004467944 
-71.7318935658957 -66.8641987869243 0 25.9999998709029 
-32.7431049017447 95.6114542223785 0 23.0000001812917 
78.6977679389983 60.1670386580824 0 24.9999997839119 
86.7750417506124 -41.2083364546713 0 28.0000000375982 
-4.20515954912694 -89.0824246379582 0 28.0000001262954 
-48.7235511722899 -16.9080553091431 0 28.9999996746673 
1.59687094118173 9.86609583093798 0 28.0000002454324 
19.1964204510008 93.1042817051184 0 28.9999997688054 
-88.6873408174396 28.199511030053 0 30.9999999343375 
28.7752696399857 -41.3719261292599 0 30.0000003767575 
