123.101203048203
9.23565071116458 -40.0047901739348 0 7.00000004843174 
-72.5103138014319 95.8086870582892 0 1.99999985470475 
-68.3602238069785 30.7045324694441 0 1.99999985470475 
-1.70405722189088 -120.850374878096 0 1.00000012107938 
109.840566548877 -51.148649968156 0 1.00000012107938 
-108.166703523567 39.3473936658976 0 8.00000004823681 
-60.8951522166807 -24.817207185674 0 8.00000004656641 
-104.514936442952 -37.6842862775993 0 11.999999709271 
77.7892761654826 79.3240559570574 0 11.9999998167131 
59.911272664122 52.4238360058284 0 13.0000003792127 
91.8381988398156 55.1036568980064 0 15.9999993743472 
-41.5535484601661 37.089740242798 0 18.0000006109719 
35.7737601295075 -34.2153855605155 0 17.99999956154 
4.96105352396956 107.987304354549 0 15.0000005612576 
52.7619293917667 -95.4947712082113 0 13.9999998918833 
-40.2128326627607 -1.88721037122131 0 21.0000015497968 
101.203676451751 -19.6894376973185 0 19.9999998156776 
-22.8645333093332 -42.322798001567 0 23.0000008159826 
5.84834303331562 -7.67354650211692 0 21.999998001126 
101.080892240769 20.3103735565074 0 19.999999817417 
-31.4034612200658 -95.0477424832546 0 23.0000004935479 
54.3475131584065 9.23684022955818 0 28.0000010041664 
-79.1513667891838 57.9560797233025 0 24.9999999284188 
40.8178134586794 88.1053343850552 0 25.9999988735027 
74.2585673178709 -59.4129956153499 0 27.9999997003643 
15.7559006983261 -75.6313896531684 0 28.0000010902557 
5.89780005562547 44.3264285174644 0 30.0000005060379 
-91.9396699210653 3.4358143680664 0 31 
-71.1784133906497 -61.5521743827362 0 28.9999984227516 
-34.0880268679006 87.7099930897525 0 28.9999996888469 
