123.046199299175
-33.8088587710544 54.4561668010387 0 7.00000004843174 
68.1686830706574 98.8842393535854 0 1.99999985470476 
-116.151681631811 31.1669003357446 0 1.99999985470475 
-106.79230737654 -57.3993197962507 0 1.00000012107938 
-67.4363875856646 -100.571757986531 0 1.00000012107936 
29.9891733565172 -110.115323452186 0 7.99999993403548 
-77.3406275734159 -78.7843646146091 0 12.0000006950456 
-93.6381164371145 -65.5165933556786 0 7.99999993403548 
42.5770544507396 63.0825178943601 0 11.9999999646 
-101.228140009211 43.1628282176391 0 12.9999994722835 
53.5198484808256 -2.97313223649384 0 14.9999999092597 
42.1481625508299 33.0855831022907 0 18.0000005549958 
1.9686776950855 -106.177768389787 0 16.0000003893238 
8.8610299337683 108.685582050345 0 13.9999998733934 
40.8422948597543 -34.4870808345095 0 17.9999992730273 
-101.63377686614 9.16524691936813 0 21.0000015363155 
73.1295083730903 72.5988582262476 0 19.999999820722 
-95.3746603486146 -33.3767726501656 0 21.9999980011394 
6.75425170478833 53.9798815869758 0 23.0000008204674 
39.974721663789 94.9765277619861 0 19.9999998213557 
1.7766817231215 -62.0766918327759 0 25.9999973725054 
-29.0038360531228 90.5127451579837 0 28.0000009978176 
-74.2742159499791 67.0267325657978 0 22.9999997763118 
-41.7005272574281 -88.7362541091858 0 25.0000021244787 
-45.436768751686 -35.8681095628735 0 27.9999997288865 
6.01865282736978 -0.0151514093637771 0 31 
-50.2060424206912 20.9320142326376 0 29.0000005307523 
87.834169426871 -33.613185370041 0 29.0000002299383 
89.5227994047387 25.3626441671669 0 29.9999992256806 
53.1155206514163 -78.8195503040696 0 27.9999997509798 
