123.00850066709
-98.7686346578342 69.9061252547177 0 1.00000004600871 
-4.44546051831207 119.487054661849 0 1.99999994469416 
-111.264495322909 -42.7987688169036 0 1.99999994469416 
-90.2633358154907 80.0216089973729 0 1.0000000461677 
36.9084439798096 2.73702882317057 0 7.00000001843528 
53.8716675584328 101.611016332797 0 7.99999999308733 
96.4213004011092 -55.0074543234244 0 11.99999988947 
108.239787767313 -38.8729149642823 0 8.00000010280539 
-64.2154199265506 -18.2202171146601 0 11.9999996310665 
77.3541200037101 -35.5871458168587 0 13.0000003835707 
16.9891578732081 -75.1239125820386 0 13.9999998663601 
-2.95034998567965 10.8244784389171 0 17.9999991651516 
-65.7708313452752 81.8595309916019 0 18.0000006262077 
-24.2050670177485 105.261272308332 0 14.9999998499989 
18.6587961321063 -105.318398721314 0 16.0000004922817 
102.364981903848 -11.4961609922378 0 19.9999998361653 
-88.7269597421262 50.3315064216872 0 21.0000013815017 
63.14176543187 -3.65146409941202 0 19.9999998838395 
-31.8920501526017 -31.6440689883709 0 23.000000821508 
67.6822020911825 74.9789111280539 0 21.9999980769856 
91.1785080669576 33.1229255942632 0 26.0000009409793 
34.4191243900007 37.6483931712959 0 28.000001005757 
-97.9611259403415 -3.04697485735716 0 24.9999997464101 
60.7294193448063 -73.06540291533 0 27.9999985310909 
-27.4855512392182 67.1885608673081 0 22.9999997757627 
-49.0697763771282 19.8797754688863 0 28.99999970971 
21.0998189097729 -30.7157335413099 0 29.9999991080296 
-26.4013378777055 -88.0301536745337 0 31 
-76.5525142729454 -56.270132458867 0 27.9999997255941 
18.0742014456928 92.2546541919215 0 29.0000011478844 
