0.971  9.80608845914830E-0001  4.45916850263510E+0000  1.02641713296360E+0000
1.444  8.49601313085550E+0000  6.90798243794400E+0000  1.44468667150195E+0000
1.141  2.64495950366828E+0000  1.23871157070740E+0000  1.14100111323648E+0000
0.890  4.15875213709149E+0000  8.97989034158770E-0001  2.45735338542378E+0000
0.794  9.17373299754422E+0000  8.62341461412450E-0001  2.64017642424883E+0000
0.971  4.36761852378686E+0000  2.56353405899533E+0000  9.96375730883660E-0001
1.444  1.44400037538405E+0000  1.44400022414200E+0000  3.42086579677181E+0000
1.141  7.14297891776060E+0000  7.13836522143039E+0000  3.84042430126348E+0000
0.890  5.37693476970515E+0000  9.03039286141872E+0000  2.58131159129180E+0000
0.794  1.82101752257804E+0000  5.99944333591981E+0000  7.94000249851260E-0001
0.971  9.00234927897658E+0000  2.59142027384301E+0000  4.05834961406333E+0000
1.444  1.73598181937850E+0000  4.31198780648390E+0000  3.59389926423213E+0000
1.141  5.96457800557373E+0000  5.13777826335396E+0000  3.82625258494331E+0000
0.890  8.90000227791060E-0001  5.97956247125355E+0000  2.19709294984243E+0000
0.794  9.20599971260135E+0000  7.01937895194682E+0000  4.24389923743467E+0000
0.971  7.23074745457820E+0000  8.74544755124899E+0000  2.39060761586691E+0000
1.444  4.32629698801366E+0000  3.03495354527839E+0000  3.59389910300066E+0000
1.141  6.89770378578664E+0000  3.01404429561077E+0000  3.88607596569162E+0000
0.890  3.40949075938154E+0000  6.92225533671686E+0000  2.48093836467692E+0000
0.794  4.49591852782557E+0000  7.94000362732190E-0001  7.94000323685500E-0001
0.971  9.75687899657810E-0001  2.53026858829952E+0000  1.29311628848689E+0000
1.444  8.55599978682475E+0000  4.97887751728810E+0000  3.59389929674386E+0000
1.141  8.85412003188149E+0000  2.83530908232674E+0000  1.95677875256189E+0000
0.890  9.10999975168916E+0000  9.10999740117833E+0000  1.92025588658909E+0000
0.794  7.94000304516200E-0001  7.94000666627130E-0001  7.94000800847510E-0001
0.971  8.57164898418385E+0000  9.78487151873790E-0001  9.76020717753860E-0001
1.444  3.61269121561599E+0000  4.82639111550133E+0000  1.44400029244324E+0000
1.141  4.84560078764731E+0000  7.21783133325599E+0000  3.89689930292080E+0000
0.890  3.59157299635641E+0000  8.90000404386570E-0001  4.14789868567788E+0000
0.794  2.65706737622039E+0000  2.91471086006739E+0000  2.10801047484581E+0000
0.971  9.77641659298630E-0001  6.59461686142471E+0000  4.00952424276525E+0000
1.444  6.76188193029578E+0000  4.27203855180390E+0000  1.44400020000000E+0000
1.141  8.71649728205156E+0000  8.85899980000000E+0000  3.89689922182256E+0000
0.890  9.05050503988155E+0000  4.64603056608291E+0000  9.32029396676510E-0001
0.794  3.33993453900911E+0000  7.00165369668611E+0000  7.96998631530120E-0001
0.971  5.48758709184268E+0000  9.71000232076710E-0001  4.06689927725035E+0000
1.444  5.60424110516561E+0000  6.91786811320673E+0000  1.44400020000000E+0000
1.141  3.35682607198870E+0000  8.85899980000000E+0000  3.35133386952344E+0000
0.890  6.71675655033434E+0000  9.10999712385687E+0000  4.14789794665357E+0000
0.794  7.86172519520668E+0000  9.20599909121027E+0000  7.94000242979430E-0001
0.971  3.86115032897517E+0000  5.35705105672556E+0000  4.06689915747851E+0000
1.444  6.35207539181761E+0000  1.44400020000000E+0000  1.86209586039210E+0000
1.141  3.92423343721049E+0000  8.85899980000000E+0000  1.14100021746469E+0000
0.890  2.78123165969699E+0000  7.06287763427279E+0000  4.14446467851858E+0000
0.794  5.03823784888720E+0000  9.20599914205016E+0000  4.24389915186298E+0000
0.971  7.44330342729081E+0000  9.74480491070470E-0001  4.01667275210147E+0000
1.444  1.46822430524537E+0000  8.11171308924199E+0000  1.44400020000000E+0000
1.141  1.14100020565073E+0000  8.85899980000000E+0000  3.89689929958998E+0000
0.890  6.18320631233251E+0000  9.10999978390963E+0000  8.90000246501230E-0001
0.794  9.19364750482583E+0000  8.13231768110810E-0001  4.23641986469850E+0000
 5.03789950292080E+0000
