1.554 -3.01523904463953E+0000  1.66830694594683E+0000  4.14047374078993E+0000
1.468 -3.51472677120725E+0000  3.48881480147080E-0001  1.46800020000000E+0000
1.314  2.14106379572800E+0000  3.00040669242623E+0000  3.72660895763020E+0000
1.488  1.84021133456000E-0001  1.18307566145065E+0000  4.72823709244615E+0000
1.401  8.32694040508400E-0001  3.50134544161850E+0000  1.40100020000000E+0000
1.479  1.96358854544790E+0000 -2.92262888704353E+0000  7.82730051101119E+0000
1.662  6.43396134117900E-0001 -3.27540593665989E+0000  1.66200040530440E+0000
1.610  4.56774378483180E-0001 -2.28909505949930E-0001  7.69457530012302E+0000
1.500  3.66315728408404E-0002  7.10944901062500E-0001  1.50157437669789E+0000
1.494  3.36768647187133E+0000  9.75049926100990E-0001  5.23597738791927E+0000
1.645  3.14986005592938E+0000  1.15516458965216E+0000  1.64500020000000E+0000
1.267 -9.65775365462870E-0001 -1.00866551013557E+0000  3.42528169551997E+0000
1.305 -2.14703422872240E+0000 -3.00720260545402E+0000  4.93788522567171E+0000
1.322  3.21104333519722E+0000 -1.79356717319609E+0000  1.32200020746975E+0000
1.292 -5.48930747277320E-0001  3.66714296155292E+0000  3.70661839285974E+0000
1.395  1.69300260430698E+0000 -8.73337066294630E-0001  3.38007383901722E+0000
1.392 -1.90311719636576E+0000 -4.56859786328350E-0001  5.85211114820361E+0000
1.296 -3.53214504317827E+0000 -1.11515284861605E+0000  3.81235475409344E+0000
1.342 -3.41505647031935E+0000 -1.31085919768976E+0000  7.96430054407848E+0000
1.626 -1.12722205798547E+0000 -3.18013287066596E+0000  7.68030052026198E+0000
1.458  3.51586939598632E+0000 -4.29447283058650E-0001  7.84830054044736E+0000
1.482 -2.01079769846228E+0000  2.88669623406247E+0000  1.48200020000000E+0000
1.583 -3.03043880861568E+0000  1.57871094337722E+0000  7.72330055236748E+0000
1.535 -2.44420828036183E+0000 -2.45602717251098E+0000  1.53500042054758E+0000
1.284  8.30271394766890E-0001  3.62205796745287E+0000  5.88183030518574E+0000
1.533  2.51376860554454E+0000  2.38768821261991E+0000  7.77330055358705E+0000
1.252 -1.68947316523249E+0000  3.34562145507619E+0000  5.95777919753633E+0000
1.587  7.26205274180210E-0001 -3.33484534715557E+0000  4.90940142170189E+0000
1.334  3.17244602897421E+0000 -1.83715559841438E+0000  5.46173731874126E+0000
1.316 -3.20826733719450E-0001  2.57673917973137E+0000  7.99019633980021E+0000
R=5 h=9.30630075358705E+0000