0.717  2.05757082044986E+0000  6.83130639499892E+0000  7.30332690840680E-0001
0.895  2.36846032503817E+0000  9.10499972041533E+0000  3.26146386784891E+0000
1.068  8.93199857472088E+0000  1.06800218759290E+0000  6.13664715333649E+0000
1.195  7.14745012705266E+0000  8.80499963813430E+0000  1.19500021585697E+0000
1.418  6.32987009257277E+0000  1.41800039909753E+0000  1.60452659188962E+0000
1.492  8.47714352587987E+0000  3.64880062525667E+0000  5.71264747046567E+0000
1.327  3.95787426985986E+0000  1.32700020159262E+0000  2.98307044285252E+0000
0.650  4.14873507169425E+0000  4.14651248270651E+0000  2.58478748782504E+0000
1.508  1.50800031658243E+0000  6.43144282164373E+0000  3.08541377638680E+0000
0.857  9.14299969456728E+0000  9.14299971365709E+0000  8.57000438000730E-0001
1.637  6.01323747901737E+0000  3.57198519872544E+0000  3.78024686635150E+0000
1.591  4.23998192935532E+0000  8.40899979461259E+0000  1.70436523381657E+0000
1.564  8.04618504448784E+0000  8.43599980000000E+0000  5.63749076188875E+0000
1.473  3.44405461024463E+0000  1.47300029174347E+0000  5.73164746783271E+0000
1.206  8.78398725282836E+0000  8.77766175867112E+0000  2.97161817043311E+0000
1.359  6.46262090492606E+0000  1.44466036414289E+0000  5.84564747469298E+0000
1.299  1.29900023136419E+0000  4.26728822026677E+0000  1.29900022901652E+0000
1.493  6.40324533691556E+0000  6.22115268775329E+0000  1.49300032591443E+0000
0.674  3.26226211182480E+0000  6.74000233492480E-0001  6.74000227789010E-0001
1.190  1.19000024490329E+0000  2.86250434140342E+0000  6.01464746267424E+0000
0.727  7.43430085017410E-0001  6.19340649059438E+0000  8.09558828352300E-0001
0.714  3.87235620578606E+0000  9.28599970731902E+0000  3.80406750777501E+0000
1.153  8.84699977070649E+0000  7.17707248544845E+0000  1.15300054192795E+0000
1.028  3.36995831504665E+0000  6.42747786753469E+0000  6.17664744935402E+0000
1.335  3.58103634665527E+0000  5.58219264985270E+0000  1.33500025925248E+0000
0.717  6.26257797051836E+0000  6.25067013882637E+0000  3.69879930015220E+0000
0.895  6.16601663539874E+0000  3.64138094698152E+0000  6.30964724671686E+0000
1.068  5.76274099902343E+0000  3.77823389181948E+0000  1.06800023546346E+0000
1.195  6.47991321366131E+0000  8.12665781292568E+0000  3.38733888838681E+0000
1.418  6.50479910831617E+0000  5.87088900450423E+0000  5.78621626204483E+0000
1.492  1.49200020000000E+0000  1.49259401021625E+0000  1.61614394106361E+0000
1.327  1.32700021016573E+0000  5.35629938609095E+0000  5.70238400885592E+0000
0.650  5.01354199209683E+0000  2.64197907524995E+0000  6.55464744414070E+0000
1.508  8.49027646178277E+0000  6.13541653995376E+0000  3.64996699709772E+0000
0.857  5.93852392709894E+0000  8.57000219056660E-0001  3.77426249205196E+0000
1.637  1.63700034289467E+0000  8.35833363961930E+0000  5.56764739846182E+0000
1.591  8.37490848075628E+0000  3.82099613447843E+0000  1.59148107118237E+0000
1.564  4.91818619199603E+0000  8.43599980000000E+0000  5.64064746181788E+0000
1.473  8.31637029174399E+0000  1.47300020000000E+0000  3.70484472105461E+0000
1.206  1.20600025999181E+0000  1.20600022061634E+0000  4.28359109938085E+0000
1.359  4.21175096576824E+0000  6.05216571393211E+0000  3.96598312361702E+0000
1.299  4.09198614572469E+0000  4.23199033290780E+0000  5.90564688588349E+0000
1.493  2.44122366346046E+0000  3.57687789797599E+0000  3.75133088560886E+0000
0.674  4.61026252822714E+0000  6.74000236483780E-0001  6.74000227166000E-0001
1.190  3.62491038484967E+0000  3.06174087980969E+0000  1.19000020154803E+0000
0.727  7.45515306681130E-0001  8.84162581938595E+0000  3.37326174108139E+0000
0.714  9.28304212371548E+0000  4.05571841508412E+0000  3.69842768703010E+0000
1.153  8.84699979512118E+0000  1.15300023084001E+0000  1.15300020000000E+0000
1.028  8.97199978575810E+0000  6.07577885976738E+0000  6.17664746007835E+0000
1.335  1.33500029589102E+0000  8.66499944611545E+0000  1.33500023093412E+0000
 7.20464767469298E+0000
