1.507  3.71957988586584E+0000  3.93692595212940E+0000  1.50700062721650E+0000
1.380  6.73372335711489E+0000  1.38000512409823E+0000  4.03265434309594E+0000
1.489  3.68978988657446E+0000  8.39845696193769E+0000  1.48900103116197E+0000
1.564  8.43599317254046E+0000  6.12014039396679E+0000  1.56400647700565E+0000
1.615  1.61500296930342E+0000  8.38499967438946E+0000  3.79765984432184E+0000
1.324  5.42543286685767E+0000  3.73032246953362E+0000  3.75692373368431E+0000
1.463  5.31468370617366E+0000  8.53699972107600E+0000  3.94965942423473E+0000
1.296  6.66932478315356E+0000  3.88704922419448E+0000  1.29602643727681E+0000
1.598  8.40199947171410E+0000  3.87470475146924E+0000  3.81465984824758E+0000
1.590  1.59000030051573E+0000  3.88145690785182E+0000  3.82265992073393E+0000
1.507  3.67344051156427E+0000  1.50700056702585E+0000  3.90566003260927E+0000
1.380  6.63271142298967E+0000  8.61978425875523E+0000  1.38017330332696E+0000
1.489  3.79707544597492E+0000  6.02193352695703E+0000  3.65706066292943E+0000
1.564  1.56400039194946E+0000  6.12353804240081E+0000  1.56400040203399E+0000
1.615  8.38499960632981E+0000  8.38173279374050E+0000  3.79753903961379E+0000
1.324  5.43316485968126E+0000  6.19694333745303E+0000  1.32443916551674E+0000
1.463  5.36233934021656E+0000  1.46300024290189E+0000  1.46300020000000E+0000
1.296  6.54342839358022E+0000  6.07237369523444E+0000  4.11665944131092E+0000
1.598  1.59800020000000E+0000  1.59800071733949E+0000  1.59800020000000E+0000
1.590  8.40999980000000E+0000  1.59122053059414E+0000  1.59002885342573E+0000
 5.41266023260927E+0000
