1.000 -8.68779000000000E+0001  7.03274000000000E+0001  1.12343200000000E+0002
2.000  5.39254000000000E+0001  1.60645200000000E+0002 -1.47335000000000E+0001
3.000  6.46166000000000E+0001 -8.59094000000000E+0001 -1.21677900000000E+0002
4.000  8.47542000000000E+0001 -1.29151400000000E+0002 -2.43199000000000E+0001
5.000  5.24398877389075E+0001  5.72911548865598E+0000 -1.49557635780479E+0002
6.000 -1.38406855942039E+0002  4.51226609524944E+0000  7.65703930244878E+0001
7.000  8.30556520908121E+0001 -6.14815529412477E+0001 -1.21342733628772E+0002
8.000 -1.04602799615728E+0002 -7.68529148078599E+0000 -1.17166180299887E+0002
9.000 -7.50267586423303E+0001 -1.18361179582296E+0002 -7.29478152070440E+0001
10.000 -9.33632233669176E+0001  5.80415703886946E+0001  1.11943884569003E+0002
11.000 -9.70292555063128E+0001 -1.12839723268149E+0002  5.26400996618571E+0001
12.000  1.57318559693627E+0001 -1.49154506158506E+0002  4.64617203993133E+0001
13.000 -5.02218293211250E+0000 -1.37902692805621E+0002 -7.15085129416385E+0001
14.000 -1.16852529685321E+0002 -9.75997281841527E+0001 -1.56141141361150E+0001
15.000  2.33380406690514E+0001  2.93221536611158E+0001  1.50845679038425E+0002
16.000  1.01073879939295E+0002 -1.17804617682771E+0002 -1.48921951343027E+0001
17.000 -2.37651843854719E+0001 -1.34760958856346E+0002  7.55998447406822E+0001
18.000  9.47264840861445E+0001 -1.18190842529501E+0002  4.02050118356934E+0001
19.000  1.52315581098638E+0002  3.93249473866192E+0000 -3.36548386936648E+0001
20.000 -1.13060997232672E+0002  1.05616955852116E+0002 -2.60238824346252E+0001
21.000  5.42387798673805E+0001 -4.44930382709653E+0001  1.39840362913071E+0002
22.000  1.45596741990678E+0002  6.22931889079752E+0000  5.40383691694908E+0001
23.000  1.23697349817600E+0002 -6.46628399599285E+0001 -6.56954101648284E+0001
24.000  1.11076768504697E+0002 -5.75837574413180E+0001  8.92713881459616E+0001
25.000  1.08248357219105E+0002  8.73444685838967E+0001  6.41950321904722E+0001
26.000  4.84395429632134E+0001  9.49640256538672E+0001  1.08617798500042E+0002
27.000 -7.28488443751985E+0001 -1.89469677090290E+0000 -1.50195189277723E+0001
28.000  5.52198859184631E+0001  7.74476605258616E+0001 -1.16233547393781E+0002
29.000  2.32816415687099E+0001  4.68097829841834E+0001 -4.29885506765012E+0001
30.000  3.00190328049554E+0001 -5.44835237401821E+0001  2.78361571660820E+0000
31.000 -2.59211487147228E+0001  5.14540915746619E+0001 -8.40029267058551E+0000
32.000 -4.81377766256602E+0001  1.25449394451824E+0002  5.75958541192504E+0001
33.000  5.22211803658236E+0001 -1.35155867822310E+0002  9.30238651998181E+0000
34.000 -1.41429470666618E+0002  7.90535146193001E+0000 -2.69540552067722E+0001
35.000  4.81579899897043E+0001  1.07298660437777E+0001  3.65271271690350E+0000
36.000 -5.30167438842498E+0001 -2.59170365323528E+0001 -1.29367977290788E+0002
37.000  8.12545752317367E+0001  9.83677015362387E+0001 -6.04702294255482E+0001
38.000  1.99878403405209E+0001 -4.33777996325750E+0001 -1.31805263379669E+0002
39.000 -3.11702569655032E+0001 -9.14624526907057E+0001 -1.00186955983394E+0002
40.000 -5.42383754413791E+0001  1.26306182862788E+0002 -1.42110677065614E+0001
41.000 -8.45150765649322E+0001 -3.32825794015111E+0000  1.08017348703914E+0002
42.000 -6.77528318997140E+0000 -2.34262889669700E+0001  1.33990796255180E+0002
43.000 -5.49540593094601E+0001 -8.06184038668131E+0001  9.35819452542232E+0001
44.000 -1.88841396379061E+0000  3.56125937661700E+0001 -1.29366335801164E+0002
45.000  1.50279124489000E+0000  1.09307709933460E+0002 -7.60897810032744E+0001
46.000  1.22186237301529E+0002  5.01674567295928E+0001  5.33412505616280E+0000
47.000 -1.15295296235012E+0001 -2.00302266547440E+0001 -5.28168889203553E+0001
48.000 -1.00187111694597E+0002 -5.19421308458864E+0001 -6.49191393292836E+0001
49.000 -2.32159023320929E+0001 -1.13134870063851E+0001  4.20696225118359E+0001
50.000 -1.15287200067535E+0002 -4.62016052063588E+0001  3.17402356312006E+0001
51.000 -2.22060423804402E+0001  6.43566763047184E+0001  1.07437867547685E+0002
52.000  5.27929890247264E+0001 -9.42596825781597E+0001 -6.52105377151553E+0001
53.000  3.98081636199921E+0001 -8.77227141227499E+0001  7.99565708489324E+0001
54.000  1.13470967128140E+0002 -4.92997900165399E+0001  1.08399394508977E+0001
55.000 -8.19719172839258E+0001  5.42755514447416E+0001 -7.42362376611562E+0001
56.000 -1.01111181191108E+0002  5.87830236235324E+0001  3.53829240145196E+0001
57.000  8.88226791493770E+0001  7.21177486340370E+0000 -8.21340632173107E+0001
58.000  7.48271494246704E+0001  1.68546683980994E+0001  9.25360274172177E+0001
59.000 -3.64577842972130E+0001 -1.13460374864263E+0002 -2.07074059277780E+0000
60.000  3.63476545069421E+0001  1.09705176011525E+0002  2.47578822056908E+0001
 1.78191926008419E+0002
