1.544  8.45582907246146E+0000  3.36415780276236E+0000  1.84614116400535E+0001
1.054  5.43807778598911E+0000  1.14494497513841E+0000  1.54858644279104E+0001
0.933  8.95106597769016E+0000  3.98676298866190E+0000  1.37541855548526E+0001
1.383  6.30764455520999E+0000  1.38310379027924E+0000  1.08397928170427E+0001
1.608  8.39157333763046E+0000  1.60808259363020E+0000  1.48309233624843E+0001
1.544  8.45348004324551E+0000  3.45363496802442E+0000  1.12455918643010E+0001
1.054  3.67992704795732E+0000  3.92625448191816E+0000  1.89014061797442E+0001
0.933  8.95776549008941E+0000  9.81339187751660E-0001  1.03558319738297E+0000
1.383  1.38317110786072E+0000  1.38323845531576E+0000  1.09570621042067E+0001
1.608  1.70403915536183E+0000  2.16081008921034E+0000  1.83969032385287E+0001
1.544  1.54413922347047E+0000  1.54419015246735E+0000  6.19443966300257E+0000
1.054  8.93914580775704E+0000  3.93803943366686E+0000  4.35732487787074E+0000
0.933  1.00814566173766E+0000  4.02537260959335E+0000  6.27044330177786E+0000
1.383  3.89875128131906E+0000  1.39275672903027E+0000  8.54031079899963E+0000
1.608  4.86936992691757E+0000  1.61117935805234E+0000  1.82156013945870E+0001
1.544  6.11520302751344E+0000  3.45595993440293E+0000  3.98591526483838E+0000
1.054  1.05430332780475E+0000  3.94530046960171E+0000  1.65302556240124E+0001
0.933  1.01768822346221E+0000  4.03854962058158E+0000  1.01551099057098E+0000
1.383  8.18700164664450E+0000  1.38441947511167E+0000  4.01634635936027E+0000
1.608  1.60801226315275E+0000  1.60801800464432E+0000  1.60818524880243E+0000
1.544  8.45533744834523E+0000  1.54435178229113E+0000  8.81665135089328E+0000
1.054  8.94581788379388E+0000  1.05485208046819E+0000  6.31033802191210E+0000
0.933  9.49894121435350E-0001  9.38264470501680E-0001  8.57286769615569E+0000
1.383  3.84357210037056E+0000  1.39400199602872E+0000  1.35727347848203E+0001
1.608  3.57285930992080E+0000  3.39180807596423E+0000  1.58681097658015E+0001
1.544  4.16143615920174E+0000  3.45599220841321E+0000  1.59439508279010E+0000
1.054  7.36872285963086E+0000  1.05472419498054E+0000  1.89492936023510E+0001
0.933  9.06021169591163E+0000  4.05958200481922E+0000  8.91794310101114E+0000
1.383  6.21702672560305E+0000  1.38300725399195E+0000  1.38304603711989E+0000
1.608  3.84741910884332E+0000  3.07688500657745E+0000  1.10343402335667E+0001
1.544  6.02996284227492E+0000  3.45596744534022E+0000  8.79191223234900E+0000
1.054  5.95350981583578E+0000  3.93999901775823E+0000  1.89363561684277E+0001
0.933  3.68195679080750E+0000  4.05142468179350E+0000  4.00346894575083E+0000
1.383  1.40196176962201E+0000  3.52681282222269E+0000  3.94391115270373E+0000
1.608  6.08360341305530E+0000  3.39196442737091E+0000  1.33241723446253E+0001
1.544  3.69016864689533E+0000  1.54409559348587E+0000  3.97386907955428E+0000
1.054  8.94466276778009E+0000  1.05439532646575E+0000  1.73762113941019E+0001
0.933  6.96985029766422E+0000  9.72232382825500E-0001  1.68808605810752E+0001
1.383  8.45598651544356E+0000  3.60324093970394E+0000  6.72539613620505E+0000
1.608  1.60817652941989E+0000  3.39176788253517E+0000  1.33213040627810E+0001
1.544  3.96378049883009E+0000  3.45328767941661E+0000  6.44038114276384E+0000
1.054  8.89954768991634E+0000  1.07070122964660E+0000  1.22279940143137E+0001
0.933  6.67659877008462E+0000  9.33029950556640E-0001  1.30815672123386E+0001
1.383  1.38312892430855E+0000  1.38309521043784E+0000  1.55262722809858E+0001
1.608  8.39197687069626E+0000  3.39198507022209E+0000  1.80700704638527E+0000
1.544  6.39548888887686E+0000  1.54403356262100E+0000  6.39464419282154E+0000
1.054  8.94581146997219E+0000  3.94594292515130E+0000  1.59771223996032E+0001
0.933  9.45175194267110E-0001  9.36711201547600E-0001  1.32275914737434E+0001
1.383  6.52781727173055E+0000  3.61644036640607E+0000  1.62735472009360E+0001
1.608  1.60815458015487E+0000  3.39184373504327E+0000  8.74745981195970E+0000
 2.00054118400535E+0001