1.213  1.21300020000000E+0000  1.29851642832960E+0000  1.21300020000000E+0000
0.832  8.92185338649640E-0001  2.47281974991414E+0000  3.14486716446331E+0000
0.665  3.62981366131417E+0000  2.50387983925248E+0000  3.79964750757281E+0000
1.119  6.84299299830920E+0000  2.49999999181863E+0000  4.94736143926683E+0000
1.213  5.11359006915196E+0000  3.78699911313980E+0000  3.32510906628163E+0000
0.832  9.16799837556670E+0000  2.96086036020537E+0000  3.16778346949913E+0000
0.665  7.18412235531780E-0001  4.18107216882099E+0000  3.11457909500404E+0000
1.119  6.24990929689849E+0000  3.88099978162641E+0000  1.17805015412478E+0000
1.213  1.21300190361809E+0000  3.69240672310583E+0000  4.99927389824490E+0000
0.832  5.53953548099579E+0000  4.10232800178981E+0000  5.34365802752167E+0000
0.665  8.38956324887998E+0000  4.30780162464931E+0000  3.22647143277040E+0000
1.119  3.58946352574313E+0000  1.11900020002235E+0000  5.09327537880390E+0000
1.213  1.21562610113934E+0000  1.24349911438434E+0000  4.99710829339605E+0000
0.832  7.21725414612405E+0000  8.57536648736340E-0001  3.67300233068591E+0000
0.665  2.43143542627368E+0000  2.50242112049130E+0000  1.98301021306780E+0000
1.119  3.59598686747948E+0000  3.88099980000000E+0000  5.09327537802721E+0000
1.213  1.21300020000000E+0000  3.72451691392727E+0000  1.21300020000000E+0000
0.832  5.59810514645698E+0000  8.32001210889050E-0001  5.38027512010609E+0000
0.665  5.24847201353179E+0000  2.54521103183741E+0000  1.88730998542145E+0000
1.119  7.25414794104013E+0000  2.64748139260852E+0000  2.75240204416872E+0000
1.213  3.92006626269442E+0000  3.78699930071400E+0000  1.21300023930026E+0000
0.832  7.54501680045854E+0000  2.46348479433990E+0000  8.32000209931610E-0001
0.665  7.07636009813892E+0000  6.65003239535820E-0001  5.54727233531522E+0000
1.119  6.23260837965133E+0000  1.11900025853352E+0000  1.35768854864002E+0000
1.213  3.91771580610084E+0000  1.36099981986087E+0000  1.21300022858211E+0000
0.832  7.06717620463724E+0000  4.16799970935287E+0000  3.96048671401454E+0000
0.665  7.25132184708510E-0001  7.42962536086050E-0001  3.10096989750005E+0000
1.119  8.88099964835668E+0000  1.11900036365259E+0000  2.59194688622279E+0000
1.213  8.78699979387835E+0000  3.78699977906090E+0000  4.99927516980191E+0000
0.832  9.16799977756559E+0000  2.09846785526017E+0000  8.71828817615180E-0001
0.665  2.55857360285592E+0000  2.50242066429635E+0000  5.54726052991777E+0000
1.119  8.70015739817251E+0000  3.88099965753589E+0000  1.51222529371309E+0000
1.213  5.21858511367709E+0000  1.36614472067225E+0000  3.44309085300097E+0000
0.832  8.08940293088875E+0000  8.32000278330470E-0001  8.32000448963260E-0001
0.665  2.59404563226258E+0000  2.57528420154483E+0000  6.65000277773250E-0001
1.119  2.56364243850427E+0000  3.88099979200089E+0000  3.10759897324960E+0000
1.213  8.78699979756251E+0000  1.21300020453239E+0000  4.99927492786751E+0000
0.832  4.94063184295104E+0000  2.49681650296264E+0000  5.38027537167737E+0000
0.665  7.03385136624318E+0000  4.27986214098194E+0000  5.52404590461458E+0000
1.119  2.57022680777533E+0000  1.11900023059594E+0000  3.10083910242112E+0000
 6.21227557880390E+0000