1.158  4.20135771817623E+0000  8.84199931298401E+0000  1.62048911729492E+0001
1.554  8.38648717542907E+0000  6.47041889416977E+0000  1.33766816090274E+0001
1.630  1.63000020000000E+0000  1.63000020000000E+0000  8.88955966250384E+0000
1.679  6.06421163606734E+0000  1.67900020571945E+0000  5.58747045008164E+0000
1.648  5.39936856677466E+0000  1.64903640707940E+0000  1.57130014595837E+0001
1.674  1.74377315074819E+0000  6.06706951967920E+0000  5.49425091678921E+0000
0.663  6.76475161697914E+0000  9.32199073078816E+0000  6.76777751708690E-0001
1.963  1.96300020000000E+0000  4.99227181426200E+0000  2.02661158779556E+0000
2.015  5.05165953789596E+0000  2.01500020000000E+0000  2.01500020000000E+0000
1.018  4.78480919639232E+0000  4.87096471191523E+0000  1.02142382015209E+0000
0.471  5.36238669765150E-0001  9.46321045492765E+0000  2.99361539469042E+0000
2.022  7.97799980000000E+0000  4.96706751624798E+0000  2.02200020000000E+0000
2.418  4.85216426405630E+0000  4.71191267113241E+0000  8.51869551538056E+0000
0.617  6.43617687398630E-0001  6.75917738350925E+0000  6.42876878784970E-0001
1.480  8.51999976973295E+0000  1.48000020000000E+0000  1.58828921815522E+0001
2.300  7.69999977306158E+0000  7.69942447739607E+0000  5.65069720777346E+0000
0.565  6.43203629921636E+0000  3.85681018792182E+0000  6.11945664999175E+0000
0.852  9.09736610883981E+0000  3.85631006760214E+0000  9.48785361232323E+0000
1.121  8.87899975061597E+0000  5.20423450991851E+0000  7.67238721579808E+0000
2.379  2.40280630046435E+0000  7.62099980000000E+0000  1.17651369625970E+0001
0.808  9.10442994905233E+0000  9.15058562528336E+0000  1.65233872018169E+0001
0.542  9.45436220812114E+0000  7.22959145234083E+0000  1.17330403792598E+0001
1.278  8.72199659464730E+0000  8.72199899697205E+0000  8.92360985155956E+0000
0.606  6.24520621340280E-0001  3.28133890083254E+0000  6.24021024849110E-0001
2.202  2.24799696274083E+0000  2.23882808673948E+0000  5.15704901829109E+0000
0.967  4.16064500777858E+0000  9.00426132039474E+0000  8.12632670945696E+0000
0.900  7.63670373410233E+0000  9.59343997892810E-0001  9.38366392786470E-0001
0.850  8.50753988458200E-0001  6.04388055740618E+0000  1.41186586795208E+0001
0.475  2.58295047606232E+0000  3.09637806773829E+0000  7.68819734023751E+0000
0.997  9.97000288725140E-0001  6.10795799632592E+0000  9.09459527497328E+0000
1.325  1.32664059651823E+0000  4.85185224932781E+0000  1.60347855926418E+0001
1.216  4.21016130125598E+0000  1.21600020019843E+0000  7.76213277193093E+0000
2.134  4.94196457285856E+0000  7.80074991577933E+0000  2.18034628740171E+0000
0.455  9.54499980000000E+0000  9.54499980000000E+0000  4.55000211418510E-0001
2.479  7.52099980000000E+0000  2.63790365044456E+0000  1.22311880738518E+0001
1.281  1.51495529194862E+0000  4.10983027597025E+0000  1.35168406859561E+0001
1.712  8.24858400117962E+0000  1.78654421892877E+0000  8.19051901713107E+0000
0.642  5.54973951072304E+0000  9.34178493642111E+0000  4.43739672209374E+0000
0.745  2.67472205077226E+0000  9.25499977274977E+0000  3.19691508798713E+0000
1.227  4.20954253874306E+0000  1.22997491420708E+0000  1.31268349457837E+0001
1.243  1.24300021282700E+0000  8.75699980000000E+0000  4.48311661193726E+0000
0.799  8.05620542289850E-0001  7.19738813268566E+0000  3.23148633996917E+0000
0.749  5.83686582123127E+0000  9.17540623217550E+0000  7.60843591250417E+0000
1.161  8.83899975948450E+0000  7.16522045562919E+0000  1.62018915191744E+0001
1.000  8.99574491824317E+0000  1.00428452352618E+0000  5.70119096938064E+0000
1.812  1.94205810708819E+0000  1.81305286931803E+0000  1.55469364469307E+0001
0.960  9.03898462511743E+0000  2.38978708069701E+0000  9.60191245067260E-0001
1.149  8.85099977032235E+0000  8.85099977729352E+0000  1.45696920931567E+0001
2.247  4.73027496277882E+0000  5.44035563568204E+0000  1.51158921803468E+0001
1.665  5.21224253000991E+0000  4.76776433920206E+0000  4.45198719737829E+0000
1.553  6.00416962081248E+0000  8.44699980000000E+0000  1.31099543505488E+0001
1.431  4.26042155406847E+0000  1.43100020000000E+0000  1.04423010799037E+0001
1.557  8.44299980000000E+0000  3.86441154923837E+0000  5.39500609521578E+0000
1.409  1.40900021548673E+0000  4.18329488862573E+0000  1.05227677810604E+0001
1.256  5.84158053921003E+0000  5.95021185141488E+0000  1.18332014436119E+0001
1.561  8.36005537000000E+0000  4.51571105239941E+0000  1.58018921623231E+0001
1.641  5.95556063369499E+0000  8.35899980000000E+0000  9.91753642641305E+0000
1.283  8.39283771987128E+0000  8.71380111658994E+0000  1.15860869708716E+0001
1.267  1.26700020292840E+0000  4.28255105601413E+0000  7.78284543904048E+0000
1.596  1.59749771756840E+0000  1.59696867846403E+0000  1.21165066162057E+0001
1.647  1.64700028663611E+0000  7.79120589917424E+0000  1.57158921593745E+0001
1.637  1.63700021281506E+0000  8.36299964185677E+0000  7.89328509980297E+0000
1.572  8.38488270370322E+0000  1.57214632969071E+0000  3.26576075703391E+0000
1.554  3.91902676709398E+0000  8.44599980000000E+0000  5.66439536197947E+0000
1.509  8.49099980000000E+0000  8.49099977061939E+0000  1.73385332092432E+0000
1.476  1.47600020000000E+0000  8.52399978793129E+0000  1.47600020000000E+0000
1.544  1.54400021465064E+0000  1.54400020000000E+0000  1.54400020000000E+0000
1.398  6.73472310918427E+0000  8.60199974971495E+0000  1.59648921821413E+0001
1.411  3.73724623157791E+0000  3.71914625823542E+0000  1.20446873138113E+0001
1.633  8.34264136105937E+0000  6.13709371465235E+0000  1.02074634826970E+0001
a=10 b=10 h=1.73628923821413E+0001
