0.627  6.81611012572129E+0000  6.27000200000000E-0001  6.27000200815820E-0001
1.626  6.01132812333978E+0000  3.37399980000000E+0000  6.23996413271969E+0000
0.730  9.05750641268357E+0000  8.05486473781400E-0001  7.64387387388237E+0000
1.369  3.80077074051361E+0000  1.38718511945663E+0000  5.85774211026973E+0000
0.638  2.05259156529968E+0000  6.86926309172990E-0001  6.67155076775930E+0000
1.155  1.15660518357023E+0000  1.15754615699194E+0000  4.71194375830892E+0000
0.819  5.08964020920694E+0000  4.04747514401201E+0000  8.95237901434750E-0001
0.966  5.72606344071149E+0000  4.02443539104936E+0000  9.40116145233497E+0000
1.572  1.57200020000000E+0000  3.42799979910503E+0000  6.16767560443322E+0000
1.607  1.60700020000000E+0000  1.60700020000000E+0000  8.77320415130096E+0000
1.643  8.35699979841440E+0000  1.94847849222765E+0000  1.64300020000000E+0000
1.613  4.97022923476120E+0000  1.63610029062167E+0000  8.76720414560218E+0000
0.835  9.04924502029949E+0000  8.98337297383310E-0001  9.44412471540314E+0000
1.127  3.24418078384951E+0000  3.82880526083027E+0000  9.18688406743828E+0000
1.095  8.90499978879226E+0000  3.90499980000000E+0000  6.22751933186234E+0000
0.961  3.01057348345687E+0000  9.61000235244770E-0001  3.70765909829358E+0000
0.645  6.87290142214912E+0000  6.76678080711530E-0001  2.89121770914837E+0000
0.674  7.11051226263360E-0001  9.25565696320770E-0001  6.63264161985452E+0000
0.682  5.76684393950075E+0000  7.19876812239660E-0001  6.09071981394916E+0000
1.077  8.91387386595729E+0000  3.90444893803526E+0000  3.50963102055559E+0000
0.627  6.27013739954910E-0001  4.37298539980412E+0000  7.91399867614713E+0000
1.626  1.62600023095438E+0000  1.62600024735540E+0000  1.62600031332011E+0000
0.730  3.75327427329512E+0000  4.19556879721959E+0000  6.70050610422004E+0000
1.369  6.48139815682341E+0000  3.63099980000000E+0000  3.29326892715563E+0000
0.638  3.29111335827660E+0000  6.38000200337920E-0001  7.64855811230576E+0000
1.155  5.73151014725842E+0000  1.15500025131017E+0000  4.24873195805619E+0000
0.819  9.12544710792930E+0000  4.15904794016726E+0000  8.46652749438710E-0001
0.966  1.04194204584715E+0000  4.03397679374356E+0000  9.41419572187774E+0000
1.572  3.58337718427314E+0000  3.42799980000000E+0000  3.75125239551100E+0000
1.607  5.06398061164584E+0000  1.60700020191914E+0000  1.60700020000000E+0000
1.643  8.10929576995894E+0000  3.15334597219836E+0000  8.73720414409574E+0000
1.613  8.38699980000000E+0000  1.61300020000000E+0000  4.88153272853910E+0000
0.835  7.25756697965048E+0000  8.79010212439440E-0001  9.47463244505988E+0000
1.127  3.13629930194074E+0000  3.87299980000000E+0000  1.12700020098962E+0000
1.095  7.12732738204534E+0000  1.09500021919951E+0000  7.22208129557443E+0000
0.961  6.89699745307502E+0000  4.02181456446081E+0000  9.86461943111440E-0001
0.645  9.29933119758950E+0000  2.13428627467126E+0000  6.96810844415005E+0000
0.674  7.73027134143440E+0000  4.27720526736094E+0000  4.87109910051842E+0000
0.682  4.67366486231625E+0000  4.24836663208674E+0000  8.01011611824364E+0000
1.077  1.08426428333870E+0000  3.91190150006484E+0000  2.98978772103700E+0000
 1.03802043513009E+0001