0.995  6.84051116704285E+0000  5.58780945302163E+0000  9.95000207046970E-0001
0.669  9.12643843622505E+0000  5.15478942219617E+0000  9.94269306551020E-0001
0.995  1.03294207244136E+0000  4.43920666832680E+0000  9.95000207052890E-0001
0.669  8.24490926785038E+0000  6.73822436075400E+0000  9.94665897543640E-0001
0.995  3.66394894297215E+0000  6.43882583057045E+0000  9.95000207047000E-0001
0.669  9.23304299834012E+0000  2.48771116061160E+0000  9.91939757357850E-0001
0.995  2.85900090729079E+0000  1.04081420592751E+0000  9.95000207046960E-0001
0.669  4.35905230141277E+0000  4.71370191553214E+0000  9.96704303614090E-0001
0.995  1.10136700340078E+0000  2.40717297620925E+0000  9.95000207047010E-0001
0.669  6.49643054948529E+0000  1.83656115850021E+0000  9.93536083406970E-0001
0.995  5.90464470296322E+0000  3.72732395216435E+0000  9.95000207047140E-0001
0.669  5.16172784629972E+0000  7.75875845601930E-0001  9.95316766860750E-0001
0.995  4.25993934343729E+0000  2.53644335888073E+0000  9.95000207047850E-0001
0.669  5.46503748593131E+0000  6.74037576031433E+0000  9.93391511798300E-0001
0.995  7.97750030932026E+0000  3.71715348960463E+0000  9.95000207046990E-0001
0.669  2.66417443159184E+0000  3.37835723111000E+0000  9.96791065120330E-0001
0.995  8.17623310899570E+0000  1.05855153342597E+0000  9.95000207046990E-0001
0.669  1.00820546890753E+0000  6.90891890405340E-0001  9.92790909821950E-0001
0.995  1.25935638580747E+0000  6.47056178428306E+0000  9.95000207046960E-0001
0.669  2.73557058208794E+0000  4.93755136715072E+0000  9.85502024819240E-0001
 1.99000040705289E+0000
