0.970  8.95727763901461E+0000  2.63612033942281E+0000  2.11279914588381E+0000
0.875  2.37940682867672E+0000  5.06100606364059E+0000  2.20031919323071E+0000
0.953  5.17308611486347E+0000  9.53000208965850E-0001  9.53000219579410E-0001
0.679  6.31835003124547E+0000  4.01682226561688E+0000  2.37882688823927E+0000
0.970  2.42004736191532E+0000  9.70000224070480E-0001  9.82639196170360E-0001
0.875  6.17543552495196E+0000  5.17847880011845E+0000  8.75000221589960E-0001
0.953  9.91666689042950E-0001  2.25716023635432E+0000  9.53000208951990E-0001
0.679  4.96487308013600E+0000  6.62264605368967E+0000  7.12742562006330E-0001
0.970  9.02999976529865E+0000  9.70000459598670E-0001  1.12165915637851E+0000
0.875  3.82058292501553E+0000  9.00032267022080E-0001  2.20016838113372E+0000
0.953  2.44977172643645E+0000  3.66849033102881E+0000  9.53000227204790E-0001
0.679  9.28042552406200E+0000  3.58177131201715E+0000  7.15747630290880E-0001
0.970  3.81688260384210E+0000  2.31621466870924E+0000  9.70002009126580E-0001
0.875  9.90930201413950E-0001  6.59970161535921E+0000  2.20117046981887E+0000
0.953  7.49645591866046E+0000  6.54699974923622E+0000  9.53000211395420E-0001
0.679  7.95589073382801E+0000  7.33594205544220E-0001  2.38772001179836E+0000
0.970  9.02999969877740E+0000  4.57475751150356E+0000  2.11279889694046E+0000
0.875  9.80046556232030E-0001  8.98921847011120E-0001  2.20045624698646E+0000
0.953  5.23905866527139E+0000  3.61045456186606E+0000  9.53000203158130E-0001
0.679  6.10799724405382E+0000  7.51985336166730E-0001  2.36451080268535E+0000
0.970  5.96266743739594E+0000  6.52999980000000E+0000  2.11279956777365E+0000
0.875  2.31803486921312E+0000  2.34572169889255E+0000  2.20779863968371E+0000
0.953  4.03981670276098E+0000  6.54697833770608E+0000  2.12979899881321E+0000
0.679  9.22503937524037E+0000  5.55836572259611E+0000  7.13116257468020E-0001
0.970  9.02999976180776E+0000  6.51475969942985E+0000  2.11279954929998E+0000
0.875  3.79483204914507E+0000  3.69920106180239E+0000  2.20275077246612E+0000
0.953  1.03860558264721E+0000  5.25286925102133E+0000  9.53000208169670E-0001
0.679  6.22874875539686E+0000  2.34204492414578E+0000  6.79000277067820E-0001
0.970  7.01986787273418E+0000  2.53583182751418E+0000  2.11279949727007E+0000
0.875  5.18463005211842E+0000  2.28225970926350E+0000  2.20779958435470E+0000
0.953  7.63272825960969E+0000  3.94196099354552E+0000  9.53000312955320E-0001
0.679  8.07815684763503E+0000  2.33756628667108E+0000  7.02841532348540E-0001
0.970  2.47504903030512E+0000  6.52999980000000E+0000  1.01214710823959E+0000
0.875  7.30829971427490E+0000  5.23107360135362E+0000  2.20779956089548E+0000
0.953  3.73360370022419E+0000  5.07725331597692E+0000  9.53000221345470E-0001
0.679  6.79000264487250E-0001  6.79000204757500E-0001  6.79000274998300E-0001
0.970  7.09593626936113E+0000  9.70000237468520E-0001  9.70001406336620E-0001
0.875  5.05437994098367E+0000  4.92687310539022E+0000  2.20779958668941E+0000
0.953  9.53000214902780E-0001  3.75598833382596E+0000  2.12979959266718E+0000
0.679  6.79000256147990E-0001  6.82099979085056E+0000  6.79000276814120E-0001
 3.08279979266718E+0000
