1.000 -2.73897173727390E+0001 -1.74281523805104E+0001 -2.91692234579070E+0001
2.000  2.45889430235078E+0001  2.09107166923922E+0001  2.97936332820364E+0001
3.000  3.92383500905522E+0001  1.15277544170749E+0001 -1.70075613657321E+0001
4.000 -2.46113038157661E+0001  4.33993973536946E+0000  3.59097967133313E+0001
5.000  3.45268861303181E+0001  2.62470134902789E+0001 -7.96914894273090E+0000
6.000  1.84286363001360E+0001 -2.66537433565586E+0001  2.96763328093642E+0001
7.000 -6.47288578326723E+0000  4.16373832687695E+0000 -4.27101368115020E+0001
8.000  3.10577544132122E+0001 -2.75404138667071E+0001 -1.10596790379798E+0001
9.000 -1.58782566584941E+0001 -3.98672496533521E+0001 -2.29412809514079E+0000
10.000  1.30941360280301E+0001 -4.67855043706569E+0000  3.95517232812937E+0001
11.000  3.18732059799311E+0001 -4.76522700718670E+0000 -2.56581620699976E+0001
12.000 -5.38258845286389E+0000  4.36102773457840E+0000  8.71333400620067E-0002
13.000  1.58988040322847E+0001 -3.58704940995675E+0001  6.32410474879910E+0000
14.000  1.83728672496186E+0001  3.34247327865871E+0001  6.79696634272560E+0000
15.000 -3.14031100466777E+0001 -1.98821728865121E+0001 -6.23722649578189E+0000
16.000 -1.47526412552064E+0001  3.35030128202894E+0001 -2.11224605552760E+0000
17.000 -3.29488777922180E+0001  7.66569594810379E+0000  1.15381088215842E+0001
18.000 -2.51069006637168E+0001  8.20822501557441E+0000 -2.25677462905501E+0001
19.000 -2.86492279687931E+0000  1.91496416980888E+0001  2.76339142816370E+0001
20.000  1.10308893073361E+0001  1.99187263933822E+0001 -2.35293177808138E+0001
21.000 -9.59141887381429E+0000 -2.02315689095894E+0001  2.25004103373316E+0001
22.000  2.10978643187140E+0000 -2.11031162090379E+0001 -2.22553959022198E+0001
23.000  2.82285961991540E+0001 -2.16309035977080E+0000  9.11471098376110E+0000
 5.27424053930838E+0001
