0.783  9.19208448334099E+0000  4.17428026269512E+0000  6.06939111851864E+0000
0.500  5.07516234673730E-0001  4.48399453191603E+0000  2.96396336377669E+0000
1.241  1.24100073249355E+0000  1.56934093168867E+0000  7.37550374755593E+0000
1.300  1.39525491118355E+0000  3.69999977618542E+0000  4.32982838018014E+0000
0.613  8.30376802505026E+0000  4.37178663202834E+0000  1.00326297155906E+0001
1.062  1.06200082378820E+0000  1.06200029139356E+0000  9.61478425807365E+0000
1.631  8.36899937388401E+0000  1.63100020451357E+0000  6.67029647579424E+0000
0.903  4.00429435242239E+0000  4.02787842780919E+0000  9.68146411022128E+0000
1.322  4.23345288058255E+0000  3.67720368183975E+0000  3.32836093275314E+0000
1.665  3.30472236713755E+0000  1.66500022113563E+0000  5.33179569895088E+0000
1.251  1.25300826553068E+0000  1.25935316094321E+0000  3.29633791306137E+0000
0.617  2.86133397980058E+0000  6.25973712042340E-0001  7.32756874361981E+0000
0.895  9.09425126512398E+0000  9.36334228227960E-0001  4.33760385883093E+0000
1.032  1.03200020000000E+0000  1.03200020000000E+0000  1.03200020000000E+0000
0.640  2.66341240998574E+0000  2.51282326151794E+0000  3.10368155059133E+0000
0.882  8.82000338718060E-0001  8.82000639384100E-0001  5.39918545922512E+0000
1.550  3.66904218362497E+0000  1.55000024198847E+0000  9.12678448033806E+0000
1.417  1.42655965479071E+0000  3.48821453217275E+0000  9.25978452247657E+0000
1.017  4.03850474040825E+0000  3.98299980000000E+0000  1.01700020000000E+0000
0.497  9.48968592742506E+0000  2.90231834359256E+0000  2.16656399211992E+0000
0.653  7.80988840557897E+0000  4.30982894978414E+0000  6.62903611732999E+0000
1.513  3.81892568469635E+0000  1.51300020000000E+0000  1.51878578229840E+0000
0.727  6.18548320232878E+0000  4.25021103073612E+0000  3.71225605731222E+0000
0.853  5.90040191246791E+0000  8.95819925481770E-0001  9.80808853420294E+0000
0.709  6.43263342717163E+0000  7.30274680984370E-0001  5.64063674221560E+0000
1.077  8.92299980000000E+0000  3.92299971710562E+0000  1.07700030908891E+0000
0.440  4.62966539991960E-0001  4.53816623401103E+0000  8.03706066123884E+0000
1.035  6.27448619718850E+0000  1.03500023776944E+0000  1.03500042737806E+0000
1.516  1.51893282564892E+0000  3.48399980000000E+0000  1.52484958217949E+0000
1.538  5.89526239568151E+0000  3.46199980000000E+0000  5.89669088189109E+0000
0.534  5.16820688813120E+0000  4.42504712687821E+0000  7.68507864827598E+0000
0.633  6.82942339533850E-0001  2.42212068369732E+0000  5.67870323006421E+0000
1.622  8.37799980000000E+0000  3.37799980000000E+0000  3.92622595535388E+0000
1.358  8.61954306426248E+0000  1.44737264364114E+0000  1.36761361788421E+0000
0.568  4.09911713325301E+0000  5.82024875675720E-0001  3.50410055660029E+0000
0.753  7.03398064882823E+0000  7.64511768789820E-0001  8.65417347909201E+0000
1.480  6.43847388477737E+0000  3.49959428559412E+0000  1.50840454654415E+0000
1.055  8.94499980000000E+0000  3.94499980000000E+0000  7.90651149942694E+0000
1.659  6.56168488577949E+0000  3.27367252350187E+0000  9.01778451971695E+0000
1.479  5.94523473463561E+0000  1.47900020000000E+0000  3.62347583911564E+0000
0.609  7.58901250146594E+0000  6.57905627986330E-0001  4.72884982269585E+0000
0.708  7.96513135180166E+0000  7.21247473454150E-0001  3.20143369444353E+0000
1.254  3.47304487807255E+0000  3.74276166929833E+0000  7.38397361994074E+0000
0.832  3.50009806871290E+0000  4.15926044155282E+0000  5.31767307598688E+0000
1.173  5.68339042892044E+0000  1.17300020224143E+0000  7.33374141286698E+0000
1.138  1.13800020993695E+0000  3.86199980000000E+0000  6.74879964291021E+0000
0.582  2.97050964561469E+0000  5.97251240369910E-0001  3.23257961933808E+0000
0.523  9.41970485085493E+0000  5.93012765063440E-0001  2.91487067424572E+0000
1.218  8.78199965031729E+0000  1.21800042421815E+0000  9.45878449218476E+0000
0.819  9.13993039616568E+0000  3.22723516887224E+0000  9.72520504352434E+0000
 1.06767847224765E+0001
