1.471  6.45223452016407E+0000  3.55484684056236E+0000  5.05451129526389E+0000
1.358  1.36772104147423E+0000  1.36239597916766E+0000  4.08452505569847E+0000
1.471  4.00750845754766E+0000  5.99384647650263E+0000  5.05451135349138E+0000
1.358  1.35800020770272E+0000  1.35800020000000E+0000  1.35800020000000E+0000
1.471  6.47293179694801E+0000  3.93355258178850E+0000  1.47100020000000E+0000
1.358  1.35800020000000E+0000  6.14199980000000E+0000  1.35800020000000E+0000
1.471  8.52899980000000E+0000  1.47100023730194E+0000  5.05451139805912E+0000
1.358  1.35800026174850E+0000  6.14199851429825E+0000  4.07400079951578E+0000
1.471  8.52899976892127E+0000  1.47711304237938E+0000  1.47100031954717E+0000
1.358  8.64199977713471E+0000  3.66039326610027E+0000  3.26648660811971E+0000
1.471  4.15664222630136E+0000  1.47100028350897E+0000  5.05451126546703E+0000
1.358  4.28306532740075E+0000  3.82531717827510E+0000  3.25873991362114E+0000
1.471  8.52899980000000E+0000  5.84978630146566E+0000  5.05451140688576E+0000
1.358  1.35800020284681E+0000  3.75000002464267E+0000  2.64446629072351E+0000
1.471  8.52899976404922E+0000  6.02899956409098E+0000  1.66349269962401E+0000
1.358  6.27526953163473E+0000  6.14199980000000E+0000  3.36971050536228E+0000
1.471  4.17107518403329E+0000  1.63563943527186E+0000  1.47100020748201E+0000
1.358  2.35867153643641E+0000  3.65223296913449E+0000  5.16751141133969E+0000
1.471  4.18191197181815E+0000  6.01552226325932E+0000  1.47100020000000E+0000
1.358  6.34282114448076E+0000  1.35800029430927E+0000  3.26255800375977E+0000
 6.52551161133969E+0000