1.282  5.42732558828265E+0000  1.28200043062266E+0000  6.03763762129717E+0000
1.280  2.05459931743545E+0000  1.28000020000000E+0000  6.03963768339323E+0000
0.533  6.20485702146930E-0001  7.35232255089610E-0001  7.35236662184550E-0001
1.282  2.37196950413698E+0000  1.28200033972290E+0000  1.28200020000000E+0000
1.280  1.28000020000000E+0000  3.59963830997883E+0000  1.28000020000000E+0000
0.533  9.30719353044163E+0000  2.79759193618590E+0000  6.62746793993191E+0000
1.282  5.40353605990711E+0000  3.71799978872872E+0000  3.67042521526643E+0000
1.280  2.21958470330306E+0000  3.71999980000000E+0000  3.65829708876634E+0000
0.533  7.30590050523135E+0000  4.34135195139751E+0000  3.58067578463880E+0000
1.282  6.35071790465264E+0000  3.48844782722506E+0000  1.28200021530552E+0000
1.280  1.28000020000000E+0000  1.28000023440787E+0000  3.59963802914313E+0000
0.533  9.32334911382282E+0000  2.28767605926766E+0000  7.14603943536520E-0001
1.282  7.65673776670173E+0000  1.28200029530967E+0000  1.28200028389396E+0000
1.280  8.71999980000000E+0000  3.71999980000000E+0000  2.22895995663984E+0000
0.533  9.34696976055049E+0000  4.34809012666148E+0000  5.86691571327370E-0001
1.282  6.38689843671582E+0000  3.65967267175420E+0000  6.03763764375337E+0000
1.280  1.28000020000000E+0000  3.71999980000000E+0000  6.03963768216929E+0000
0.533  9.46654357237806E+0000  5.33899475758850E-0001  6.78573688105549E+0000
1.282  3.81442452856313E+0000  3.55420189521101E+0000  1.65212239519901E+0000
1.280  8.71999980000000E+0000  1.55605328748621E+0000  3.59678215557060E+0000
0.533  2.69881897310109E+0000  4.46193844898582E+0000  5.37730841653810E-0001
1.282  7.99132606314604E+0000  1.28200039150299E+0000  6.03763766618100E+0000
1.280  6.17613278148157E+0000  1.28000020000000E+0000  3.51844377393666E+0000
0.533  3.81258003759817E+0000  4.46699980000000E+0000  3.22088723209045E+0000
1.282  8.71799976162546E+0000  3.71799948645842E+0000  4.97149355301704E+0000
1.280  4.93396836304454E+0000  1.28000026363865E+0000  1.28000020000000E+0000
0.533  5.65202765525940E-0001  5.87076448055230E-0001  5.19274705122813E+0000
1.282  3.82990842285938E+0000  3.46779730427380E+0000  6.03616579279586E+0000
1.280  3.73806978261905E+0000  1.72154225250076E+0000  4.16225389954151E+0000
0.533  4.97051705481093E+0000  4.45000867931326E+0000  5.49857314854370E-0001
 7.31963788339323E+0000