2.494  7.48496335995191E+0000  7.50540475460235E+0000  2.49477219493508E+0000
1.371  8.62899972172128E+0000  4.97001271163614E+0000  9.83812323554143E+0000
1.368  8.63199980000000E+0000  8.63199980000000E+0000  2.37505968003979E+0001
1.768  8.23199979563912E+0000  8.23199979551304E+0000  2.06660387284996E+0001
1.339  1.33900020032983E+0000  4.68352044755549E+0000  5.38287840877676E+0000
1.679  1.67900020000000E+0000  8.32099980000000E+0000  1.71542479969739E+0001
1.445  8.51496249951684E+0000  1.49933774780775E+0000  1.79760591323608E+0001
1.259  4.99982113613579E+0000  8.69910719021860E+0000  5.07582044010225E+0000
1.853  8.14699975629086E+0000  4.49967717119687E+0000  1.51177888612918E+0001
1.961  1.96100020000000E+0000  1.96100020000000E+0000  1.67290474350004E+0001
1.425  4.81432436811463E+0000  1.42936205584361E+0000  1.01508752134347E+0001
1.298  1.29981752391594E+0000  8.70018704021969E+0000  2.38203487236150E+0001
2.088  2.08800023941844E+0000  5.20870610386593E+0000  2.30305967423150E+0001
2.454  7.50759072129457E+0000  2.46871190782855E+0000  2.49111733528992E+0000
2.364  7.60569098605376E+0000  7.62648707882097E+0000  7.40474487037581E+0000
1.700  8.24886742937966E+0000  1.71296969044603E+0000  2.11459718569310E+0001
1.963  8.03699978962505E+0000  8.03699979601598E+0000  1.65450619343389E+0001
1.518  4.99858636965642E+0000  4.97017133767827E+0000  2.08691715962910E+0001
2.000  7.99999980000000E+0000  4.88623114375488E+0000  1.89485302936251E+0001
2.145  2.16682343564531E+0000  7.85499980000000E+0000  1.18471177223025E+0001
2.359  7.64099980000000E+0000  2.35900020000000E+0000  7.36438656738533E+0000
1.891  1.89100025123088E+0000  5.43417666816877E+0000  1.50647000258770E+0001
2.086  7.90636633734487E+0000  4.99238667902166E+0000  2.30323397615398E+0001
2.201  2.20100024908798E+0000  2.20100020000000E+0000  7.75472412232237E+0000
2.010  5.10605910603809E+0000  7.98704528687459E+0000  2.30681035110177E+0001
2.494  2.49400020000000E+0000  7.50599980000000E+0000  2.49400020000000E+0000
1.371  4.95361364533467E+0000  8.62899960611421E+0000  9.84786869642758E+0000
1.368  4.68137523321317E+0000  1.36800020000000E+0000  5.32745922186812E+0000
1.768  1.77942967484481E+0000  1.77254087394976E+0000  2.04884030173210E+0001
1.339  8.64940245974650E+0000  1.34326380979467E+0000  1.51728016253610E+0001
1.679  5.03856685248600E+0000  5.04512539623157E+0000  1.67037141431429E+0001
1.445  1.44500042378787E+0000  1.44500145387663E+0000  2.36735955401732E+0001
1.259  5.01436850758555E+0000  4.96043452678601E+0000  1.26192882333224E+0000
1.853  4.52145974191706E+0000  8.14699960005433E+0000  1.50649479518132E+0001
1.961  4.95575558474324E+0000  4.94876665503834E+0000  5.18608993349894E+0000
1.425  1.42500020485941E+0000  4.79234798413231E+0000  1.01693916970490E+0001
1.298  8.70123683702830E+0000  5.01105553967553E+0000  5.07970850315203E+0000
2.088  4.95102740001287E+0000  4.95632333563742E+0000  9.83469757541457E+0000
2.454  2.45400020000000E+0000  2.54686431151506E+0000  2.45400020000000E+0000
2.364  7.63046586394889E+0000  7.63599970746400E+0000  1.22559056266652E+0001
1.700  1.70000021869937E+0000  8.29999974865433E+0000  2.08759954126218E+0001
1.963  2.00273966335666E+0000  5.18019768946663E+0000  1.89755349716905E+0001
1.518  4.96406906340166E+0000  4.95292006346649E+0000  1.34697073254575E+0001
2.000  5.23062864546200E+0000  2.00000020000000E+0000  1.89645636883400E+0001
2.145  7.85499980000000E+0000  2.19995234873126E+0000  1.18604879250522E+0001
2.359  2.36327177624393E+0000  7.64099980000000E+0000  7.35249518291804E+0000
1.891  5.44186037930721E+0000  1.89100020000000E+0000  1.50808303920504E+0001
2.086  4.85765431972344E+0000  2.08600024336961E+0000  2.30325968043385E+0001
2.201  2.21933721333695E+0000  2.20100020628481E+0000  1.25780893872408E+0001
2.010  4.86595540589442E+0000  7.94744872671099E+0000  1.89742754705436E+0001
 2.51185970043385E+0001
