1.118  1.16776860734375E+0000  5.12655570839053E+0000  1.13470688194370E+0000
1.493  8.04119253554460E+0000  6.00699980000000E+0000  1.49300020303352E+0000
2.059  4.91768702297647E+0000  2.35469236219986E+0000  5.87832436555476E+0000
1.118  1.88473945742000E+0000  4.26695676049347E+0000  6.16288102686645E+0000
1.493  1.51709023668801E+0000  5.99756101722929E+0000  8.14134291299073E+0000
2.059  2.05900020451935E+0000  5.44099980000000E+0000  1.17698998353413E+0001
1.118  4.94385198236917E+0000  6.38199980000000E+0000  1.27108998030501E+0001
1.493  1.49779863627902E+0000  1.51800552023084E+0000  1.23006912734272E+0001
2.059  7.94099980000000E+0000  2.43453616092871E+0000  8.95805109260436E+0000
1.118  1.13995536269590E+0000  6.35973124843326E+0000  5.43555948883765E+0000
1.493  8.50699980000000E+0000  2.07421949085732E+0000  5.46999680096092E+0000
2.059  2.05900020000000E+0000  2.54583157737702E+0000  8.84143129325431E+0000
1.118  8.88199980000000E+0000  3.81145941527784E+0000  2.62876792185125E+0000
1.493  8.50699958817627E+0000  1.49300036354005E+0000  1.23358997917924E+0001
2.059  7.48953210902328E+0000  5.44099980000000E+0000  4.97375470757201E+0000
1.118  1.12886794013081E+0000  4.48576435925601E+0000  4.05890460465241E+0000
1.493  5.50642843420984E+0000  1.54373318979920E+0000  1.49300020000000E+0000
2.059  4.58055746741841E+0000  5.44099980000000E+0000  2.05900020000000E+0000
1.118  5.05385947751258E+0000  1.11800020000000E+0000  8.80157275296573E+0000
1.493  3.75383602406059E+0000  5.99456071818687E+0000  5.47836871540146E+0000
2.059  2.05900020000000E+0000  2.18528545766583E+0000  2.05900020000000E+0000
1.118  1.63450112575499E+0000  6.37456483759820E+0000  2.95178950224928E+0000
1.493  8.49199784774728E+0000  1.49300020000000E+0000  1.49300020000000E+0000
2.059  5.00939617751186E+0000  5.42729890845759E+0000  8.76131599934012E+0000
1.118  7.03504463387487E+0000  3.62700726419655E+0000  1.11800029682584E+0000
1.493  8.50699980000000E+0000  6.00699980000000E+0000  8.32951247909345E+0000
2.059  4.93844636338109E+0000  2.24451948281898E+0000  1.17698998400182E+0001
1.118  6.85692158340625E+0000  1.11800020000000E+0000  3.68668265294042E+0000
1.493  1.49300020000000E+0000  1.49300020000000E+0000  5.49659991973154E+0000
2.059  7.82870374431843E+0000  5.44099979744286E+0000  1.17698998372863E+0001
 1.38289000400182E+0001