101.221824872502
96.0104454121976 25.5332585495197 0 1.00000014510607 
-24.0152433534667 -97.29986727004 0 1.00000014506322 
-26.207435423234 95.6593528828355 0 1.99999983009472 
46.1096481140363 24.2629198747009 0 1.99999983008815 
-84.5380717837067 -18.6478107670248 0 7.00000005561498 
-59.7007638028115 -76.1758128163793 0 4.43889528310206 
68.6633849017365 -47.0543702619528 0 17.9825671978889 
-10.0889412802356 48.8382277892543 0 9.43456411638393 
-73.5863637602901 55.5014873943527 0 9.05150510023326 
84.3934448076925 38.5872266741209 0 8.42512557722378 
48.1649539550918 -77.5555407358696 0 9.92711252514867 
31.7868527743635 -62.8660850352993 0 12.0733944428576 
49.2996942234185 81.3230915131925 0 6.12237760692764 
-58.3500824316924 -43.062143870722 0 28.7023088130064 
-24.3295890057585 28.2053372370384 0 14.8114666654037 
17.2321043910417 24.9148429642629 0 26.8802796506187 
29.0314413498285 -85.6030205595451 0 10.8298919811704 
-46.0789708315236 -79.2720326021235 0 9.53035024607223 
-8.30103192088465 -71.7550871649056 0 28.9881795373442 
-21.3203259489648 -8.46060660896397 0 21.9777586863596 
12.1984608195572 82.575827387795 0 30.9999989876671 
57.3797069801158 53.7893893251283 0 22.5724191720985 
62.5001404755723 -49.816280944328 0 21.2973027035684 
-8.30103192081081 -71.7550871651177 0 28.9881795389757 
22.0685957126932 -26.9115914300402 0 25.1713384790345 
-40.7563496560384 64.4411863558876 0 24.9738978124321 
-58.3500824146357 -43.0621438749787 0 28.7023088408018 
-68.4249355682772 15.7839514194453 0 30.9999989876671 
70.2543840464378 1.84552729934705 0 30.943205754968 
-68.4249355691218 15.783951419276 0 30.9999989876671 
