100.80839814586
-26.9064771146115 -88.8865817964571 0 7.00000004526544 
-66.3454448941419 72.431442603018 0 1.99999987309532 
-9.43476577203473 74.7391640443857 0 1.00000011269776 
-44.9189969040547 -30.7223322155701 0 1.99999985766467 
72.6777920690508 53.1266067145512 0 1.00000010885998 
-79.1232293728968 -46.2762266315942 0 9.14611368308589 
-92.3520476006153 21.0852606055205 0 6.0798981050641 
-51.2934048557339 72.8922028036686 0 11.6776715039518 
4.54712001028739 85.970783727937 0 14.7174475066609 
-68.4802546412433 58.7885646594544 0 10.5551963818488 
53.8738917217931 -62.9296107337445 0 17.9679976793518 
-5.67066828313131 58.3416609321817 0 14.7405161556982 
-25.3920497121725 81.3642435433448 0 15.5740380300233 
53.7519110850488 8.18701759047079 0 18.0475572100102 
4.54712000980992 85.9707837286315 0 14.7174475044531 
34.9091333216999 -28.3987838983442 0 21.4279419959798 
52.2336235791711 8.41390140242957 0 19.2575807509168 
86.8692580389409 -27.3689116656763 0 30.5423879773921 
21.3705776272752 2.37361005288292 0 12.1909919512193 
1.66514909674016 25.9129268325084 0 18.5075967461626 
-46.6092157276222 -58.8695172268726 0 25.7215224756756 
40.0549293748651 57.1735544046947 0 30.9999989876671 
40.0549293747767 57.1735544049075 0 30.9999989876671 
-39.7082134139363 38.3992468863655 0 24.7088736547887 
-78.6290792419665 36.123332736957 0 14.2784779098395 
-12.8382329776196 -17.7426195281491 0 27.4940860442856 
-69.9224730896103 -7.75671209995406 0 30.4570038182038 
7.17921735477953 -71.0235061426997 0 29.4229693615649 
94.6105485897349 31.826010077549 0 29.1565763310341 
-69.9224730894368 -7.75671209999882 0 30.4570038185674 
