100.805525780961
-75.0987535104943 56.1978775170804 0 7.00000006239305 
1.6969563145177 -99.7794453458466 0 1.00000016820222 
-69.5883319115208 70.1356001630102 0 1.99999980663801 
-36.4798313311991 92.7298478092285 0 1.00000016822174 
-89.2810010353374 42.2241342475721 0 1.99999980663789 
66.7244891153355 32.043468214468 0 6.84898123830149 
13.412468982603 -45.5278871441106 0 10.1763494997776 
83.9636331094961 33.3981810456656 0 10.4433099430486 
12.8513642254641 -82.7014981548036 0 17.1114684369256 
-67.1900998923863 -67.2873028277955 0 5.71561827018383 
47.7201972302164 31.1442678308253 0 12.1765719356392 
0.587984011370156 -31.3524964476763 0 8.93932779423727 
-2.41734320634823 -59.3165968326232 0 10.8167796525225 
47.8756336069247 -57.203785017217 0 26.2109603099088 
12.8513642274224 -82.7014981548017 0 17.1114684365643 
33.843339854531 83.4055725627338 0 10.7951871731392 
65.5989874330734 64.8549507628436 0 25.9817992541929 
70.1635604735601 -5.10327679797104 0 30.4566200211528 
28.0790298051134 12.2611005016285 0 15.0695189902388 
24.5888515829194 -20.1628916461223 0 17.5417768681388 
70.1635604729747 -5.10327679775234 0 30.4566200217046 
-1.11250763329523 106.316843319799 0 30.9999989876671 
-21.1022289720539 -41.494386261794 0 15.0048420988717 
47.8756336064335 -57.2037850162306 0 26.2109603098627 
-73.8651983600618 19.387442560448 0 24.4383840224787 
-17.3067864344211 4.35362388710396 0 30.9999989876671 
-64.0492317377715 -32.9264652156805 0 28.788471655044 
-39.3363801280474 60.1201032635575 0 28.9600144016275 
-35.1904741175679 -85.2889837301245 0 30.9999989876671 
15.1521974014392 51.4659707155506 0 26.2115281754271 
