123.94687081547
-119.905877997067 18.2057886661739 0 1.9999998478766 
-14.7252368444366 -74.8445758941262 0 7.00000005070779 
-121.89347427636 6.34532548193361 0 1.0000001267695 
85.2038762686599 -10.8223665119047 0 1.99999984787661 
-118.020309969307 -31.3734049554934 0 1.0000001267695 
28.4980870216446 82.9928277698836 0 7.99999999637912 
-28.626948366072 44.9818440495032 0 12.0000000181043 
-110.211277850259 -5.26687911545283 0 12.0000000181045 
52.5066991754055 -35.4762332473626 0 12.9999999710329 
-101.087128100564 56.6036816497476 0 7.9999999963791 
-100.564841833306 29.1181035959026 0 18.0000005562161 
103.259489088292 37.7596639180616 0 14.0000001619847 
32.7426025533207 -102.861308257189 0 16.0000002237144 
25.3874909802969 105.947609631666 0 14.9999996348775 
54.6781797037171 90.7470996389904 0 17.9999994232073 
81.8030569992448 64.1343020828495 0 19.9999998976925 
103.878652115274 3.7653018523499 0 19.9999998807608 
2.77585864750076 -3.5467985381396 0 23.0000007973027 
-4.25739917156066 -102.858798113722 0 21.0000012403989 
-28.6459125422531 -36.8423102272199 0 21.9999981838451 
-86.6355199322839 -41.2321308062469 0 28.0000002858207 
-14.5913137271145 96.8539270616478 0 25.9999988373923 
16.8556850690724 -57.5692118330724 0 28.0000000111181 
63.3030568073317 -78.6320146394454 0 22.9999998641041 
90.8095659084284 -39.2951101330383 0 25.0000010015647 
12.99700196259 48.6848329753806 0 28.9999998949042 
-63.3734153940962 69.352898385334 0 30.0000011959547 
54.842733546348 7.74718295411205 0 28.9999998949041 
-55.4729042958066 8.86668513981223 0 30.9999989876671 
-48.8612734586014 -82.5734702589621 0 27.9999997414765 
