100.808398276184
-58.5293064546017 -73.7328687933912 0 6.66905759055407 
76.7822176437364 62.6143111272542 0 0.999999990085329 
-15.5855117964559 97.5384039219171 0 1.99999997989118 
47.4668386472948 84.1267449287701 0 2.91953266363101 
-89.8619759880246 -40.4688744380298 0 0.999999990085623 
37.1268109977876 -91.5160298373726 0 2.04816532334929 
7.93810228421948 2.85345217417591 0 10.8990305436762 
62.2316702987576 33.9914270656376 0 8.5397648209298 
-88.3277679729391 -27.6357537615493 0 8.2582535198789 
-80.0419231098746 21.5608865871098 0 17.9133977129099 
-49.58001852485 41.3426886772329 0 8.86286664265798 
7.51105223308451 -60.4638349517849 0 17.454470848964 
-69.8527592884254 51.7019323750519 0 13.9032913130827 
65.4545656526648 10.4426817433537 0 15.2285010123952 
-38.7223893556149 71.0095551808794 0 22.728446709709 
67.7933530750689 -55.0274448609941 0 13.4931176375091 
56.74854247517 60.106838542377 0 18.1450512237129 
37.6050539485325 -24.4902150593361 0 29.4470245154411 
41.1248615766887 -71.8382506707245 0 18.0316604073537 
31.1949628961885 27.6939748025926 0 23.1293859634513 
-40.0714268810259 69.3496040873994 0 20.7141620425881 
9.01709290006684 -108.894894394038 0 30.9999989876671 
-19.6046151923815 -24.278707208149 0 27.7630356032279 
-17.4643101570433 28.9884487658398 0 25.547102374468 
-64.3112492084125 -45.8013870973838 0 21.8545910495925 
-29.8938712338553 -72.9431573550247 0 21.9772649385457 
-69.4763969238322 6.80021905540355 0 30.9999989876671 
10.9329834649452 77.8880236358447 0 30.9999989876671 
101.380864395515 39.5352117047525 0 30.9999989876671 
98.015000120955 -22.3733562282173 0 30.9999989876671 
