125.625823411304
121.81995634331 -26.2962364501784 0 0.99999999029853 
-45.3261442508218 -109.624936160279 0 6.99999999611941 
54.3472178062273 -112.151565890324 0 0.99999999029853 
97.3460122135247 76.2043049234607 0 2.00000001164176 
51.3783805406015 112.443782379295 0 2.00000001164176 
-61.1118912245527 95.7922976413029 0 12.0000009192489 
-79.1025628968015 87.0552634541548 0 7.99999992003646 
-57.9628680114941 -44.9308729595738 0 12.9999993603302 
-59.4014410973129 -96.8622556425823 0 11.9999998803382 
-106.852017741196 49.1780379628575 0 7.99999992004622 
4.59654544767141 65.7128359100276 0 17.9999998202015 
94.2788392322641 57.8754958263372 0 15.0000011797604 
-24.3373028485623 -108.94044323829 0 13.9999998600696 
31.5487138113122 -68.1812074583917 0 15.999998510221 
-20.4196067350597 39.8247660250877 0 18.0000006297474 
66.2717099168407 -80.960626530147 0 21.0000016294003 
-103.437966908897 21.3869496469744 0 19.9999998001568 
11.9911130574068 -101.922876078651 0 23.0000008298568 
23.6251866364152 100.896790141597 0 21.9999979405129 
-78.2207908617836 -70.9811417946869 0 19.9999998000731 
90.8449421607917 -40.8962221345264 0 26.0000009495393 
39.2792526683736 -24.8656385854006 0 27.9999985103164 
-21.3030470059714 -63.2900002553861 0 28.0000010198789 
63.7132274319372 80.4529945261011 0 22.9999997700637 
-24.1601963301429 97.6823489718343 0 24.9999997502018 
-94.1791615835771 -25.711611667912 0 27.999999720111 
-36.791426897577 -6.35925174570597 0 30.9999989876671 
-65.6540351349925 52.5858991766039 0 28.9999997102051 
95.621396205335 13.8959817586334 0 29.0000001471751 
39.8451366973527 33.1316004261214 0 30.0000011249074 
