125.336515189059
-97.1474322577966 75.9885472233346 0 1.99999986554852 
60.1919497846245 -107.651345021141 0 1.99999986554851 
-113.214229221246 -51.4013046741077 0 1.00000011204291 
124.132055311978 -7.1266166118492 0 1.00000011204291 
34.2888670677191 113.259897602873 0 7.00000004481716 
-49.1314697383913 106.554945866473 0 7.99999992846229 
84.5893519348628 -75.4308112134673 0 11.9999996694328 
66.8094341670139 -91.5514347183743 0 11.9999998425684 
-4.81361037037904 -34.8364529047606 0 13.000000390399 
-116.241478852296 15.99262038652 0 8.0000001691375 
-27.7676806894328 -55.6718023229393 0 18.0000006106708 
-87.8751485562052 -61.6367244770933 0 17.9999997509583 
-26.1403848119721 107.195274032469 0 15.00000018216 
50.09276276235 99.4310547235941 0 14.0000002705496 
40.6379023360918 -101.50386501643 0 15.9999991856612 
48.5994991275849 -0.625491061995337 0 22.9999990655692 
-45.4574548690376 -20.914473324269 0 20.9999997306866 
-64.5907432086818 83.2094783683029 0 19.9999998504655 
-26.492700126912 65.5306375874527 0 22.0000015363019 
8.75452659081381 104.485078494336 0 19.9999998169767 
73.5358541567493 68.2634197892042 0 24.9999997211179 
-88.1093152189277 41.3660005909093 0 27.9999986880634 
23.08855795771 60.7754043271266 0 26.0000008948995 
90.4869373929402 -35.867968390073 0 28.0000008865494 
-55.0831408339344 -86.2473765603292 0 22.9999998093698 
-4.19337432672445 10.7284647231172 0 30.9999989876671 
34.7103971457609 -51.7732471769565 0 30.000001856163 
95.2749341223356 19.9269701994761 0 27.9999998488902 
-95.1298285845476 -15.1999980478137 0 28.9999996225227 
-4.05447921528789 -96.2511579874651 0 28.9999996760616 
