100.808398259886
-78.0494250340312 -57.8715738315355 0 1.99999986097951 
4.45261841113666 -99.120575300243 0 1.00000009765776 
53.1307794928911 -76.4932794082571 0 7.00000004960929 
-98.2442906782761 17.5239014348964 0 1.00000015038691 
-72.0899051241185 -66.3203835494434 0 1.99999984136564 
-12.6437658541949 92.7007257942151 0 7.2493837872429 
-92.8798204857697 11.2529251433186 0 7.24938378724301 
-16.6206582002412 -90.6930300927016 0 8.60497207364933 
90.1967222414871 -32.9755738630736 0 4.77279558538223 
-49.2768556982343 -64.5842482180266 0 19.572116577478 
-61.0393248674915 60.131207541559 0 15.1254878990105 
5.86145566182464 31.9904760558815 0 6.3820075819074 
14.7097400334063 72.6969853534757 0 26.6381347995629 
-76.7287641485027 30.8189430113538 0 18.1215774880126 
-37.8003854839167 -36.1622300259131 0 4.18423216225327 
-61.0393248674916 60.1312075415587 0 15.125487899011 
25.7918512452812 -31.4778329624513 0 12.0254610810499 
69.2327304581913 51.3645515939996 0 24.314941383758 
-76.7287641485025 30.8189430113534 0 18.1215774880137 
-67.5933507566258 -17.4456768262229 0 30.9999989876671 
-11.0105332539221 -22.6476438741546 0 25.8214376580737 
61.5700853435925 -43.1666474551544 0 25.6137527716014 
34.5228765158755 9.61157631482931 0 29.9813283349266 
-31.9655100144734 76.2582235933164 0 18.1215774880133 
-29.5201463863053 29.0809581014473 0 29.1190213922919 
14.7705472583921 -70.6310794993286 0 28.6494188321801 
16.4306120016149 67.8472379370431 0 30.9999989876671 
-38.5773873910034 -65.3002971612408 0 24.9641929813941 
95.0836207882699 2.46185093516289 0 30.9999989876671 
-67.5933507566258 -17.4456768262229 0 30.9999989876671 
