100.808398276577
-88.0425298855385 42.5339099412188 0 1.87144496356954 
-44.6368408673717 81.3306910335225 0 6.91154449689546 
-28.3258419144021 94.134763942071 0 1.82968882124088 
95.2227866916633 -32.1058334264178 0 0.318779694768089 
-1.28650870223417 -75.8965988357614 0 2.06854202352603 
-45.1904371908112 -38.313669402767 0 7.19129760551209 
-52.462586115225 14.013305150929 0 7.79274340581711 
-63.6541268828956 -69.6861828019319 0 6.42613430486298 
7.60236118629247 81.6488763626902 0 18.8063571949299 
91.1313329459287 12.6142640649121 0 8.80818459800994 
73.2221390827046 -29.6211458116079 0 21.821729959838 
-46.9421779062704 -3.23402643599129 0 10.3165181382821 
-69.0262717388354 -46.006572283996 0 17.8552143941716 
-69.0262717388348 -46.0065722839966 0 17.8552143941721 
-53.1681960642062 -22.8202359412955 0 10.2354380921737 
-21.4949903890644 -22.2370852506821 0 21.4431354627917 
65.6290648267566 36.1387977559678 0 25.8871949879425 
29.8459078917288 46.5852758732257 0 11.3896507115083 
39.4042131239299 -63.5184825928466 0 26.0602244386956 
-27.0441056372927 16.5647325561213 0 17.7534682824303 
-31.6356331044968 -68.2016587421605 0 25.626755666732 
69.897601363237 -18.1689168485673 0 28.5880128569123 
65.6290648267564 36.1387977559676 0 25.8871949879434 
42.2670082285906 72.2388574270432 0 17.1128049743907 
-5.77168338740114 69.5693925489542 0 30.9999989876671 
18.7392250019906 7.92046695175187 0 28.838770258709 
-58.1198723240214 47.2396480623827 0 25.9117778120774 
6.45411113677717 -110.103457765866 0 30.9999989876671 
21.264059585064 -50.8958722547835 0 30.0317363412816 
-88.2020864159266 -1.07195270915534 0 30.9999989876671 
