100.793813499138
77.4440710578553 61.3221459597667 0 1.99999981620126 
-27.6549620370456 -89.6190570789875 0 7.00000005963763 
4.48899459010611 -99.6912421224686 0 1.00000015876568 
97.4584566656996 16.1723449106102 0 1.99999981618183 
-93.9085262483197 -33.7558342170863 0 1.00000015877494 
46.2000206218035 83.8210424339021 0 5.08378913678292 
66.4574223155235 -10.7011755723209 0 7.00558191807669 
34.084273709433 46.754699814398 0 12.9260864522432 
-76.6711942056779 -35.4620859473817 0 16.3187798520133 
-3.84333318005688 63.5396272008547 0 8.75731826360743 
9.42912311164507 47.899220326624 0 11.755614688752 
-78.1611637151411 33.0259307055377 0 15.9417106396386 
48.6023112113621 -9.22466040189834 0 10.9104747278155 
86.6009556095947 -12.8200601493177 0 13.2490866946642 
62.306318832566 -42.699074615557 0 25.2604558180885 
55.027584106661 65.5459378086759 0 15.2116616200156 
21.6101029494857 77.5444047420718 0 20.2945525053544 
12.4054008405865 -68.6824775813135 0 30.9999989876671 
-57.6984474873309 68.0770665213707 0 11.5548222542451 
18.5756967989442 14.6585079933127 0 22.7205329073969 
62.3063188321598 -42.6990746140604 0 25.2604558197626 
-26.0454938901385 96.5200513564683 0 30.9999989876671 
-15.3595282800165 -19.1438374989338 0 25.1772544717881 
25.6802225309824 -23.4992294812636 0 16.0929595644127 
-70.2149951894071 -12.3252664732707 0 30.1003642009124 
-43.6705206850833 -61.2548297029552 0 25.5657049030104 
-31.2507197849924 34.7389418417737 0 30.9999989876671 
12.4054008417546 -68.6824775811364 0 30.9999989876671 
-92.4647244573088 44.5799530551742 0 30.9999989876671 
68.475804414912 24.3603206569547 0 28.1139620717998 
