128.984120046108
-104.924517928814 -57.0097820374979 0 7.00000004843174 
-49.8980802798346 -115.890689308082 0 1.00000012107938 
-96.4712560671571 -78.8039647615977 0 1.99999985470476 
123.680468497858 28.8238279249897 0 1.00000012107937 
-124.841811729363 -5.48093036941761 0 1.99999985470475 
-10.2042493960624 119.561372472983 0 7.99999992214235 
-66.7717571609174 94.8359040113034 0 12.9999993767186 
-110.766658223134 -29.1286171473465 0 12.0000003895509 
-51.6482575949872 109.40573471726 0 7.99999992203739 
72.9289371383846 11.8395087515966 0 12.0000003895508 
-58.4242353013546 43.861483596769 0 16.0000004783769 
-0.617587193809913 -71.1893149724785 0 18.0000006233563 
-26.9927073178838 -110.741922523569 0 14.9999998340759 
-25.2005045506733 36.6376553805875 0 17.9999991789361 
1.69718399316917 -114.971594086425 0 13.9999998852548 
108.965263585981 -2.02720175566482 0 20.0000009131869 
99.5139897057356 -41.9229826285216 0 20.9999979647143 
-85.4572952127523 67.6357080169073 0 20.0000005151339 
34.9266657651792 -101.122351547346 0 21.9999997856117 
98.2966497650339 39.6283000390837 0 23.0000008213533 
23.3583781146805 100.30012803674 0 25.9999974046553 
-58.9611520100079 -81.9839927567534 0 27.9999999199177 
-27.6487731478044 82.5724567920614 0 28.0000008007781 
72.8815657210903 -76.9474568778288 0 22.9999997833741 
69.0856558322244 77.716593708447 0 25.0000020912748 
-4.6541564443884 -4.5187229824368 0 27.9999997245787 
-57.849350643304 -24.9948371501692 0 28.9999997095501 
-97.1396389579058 19.0196303051426 0 30.0000011369791 
49.3133805514895 -28.362062429041 0 30.9999989876671 
26.5676679198434 43.2431621107116 0 29.0000001350929 
