125.323906674867
30.5591339361386 114.309474775559 0 7.00000004842095 
53.9731203011425 111.996894177534 0 1.00000012105239 
-113.050507895716 -49.0564007559116 0 1.99999985501705 
16.7432685153504 123.191172494881 0 1.00000012105238 
78.2679515775866 95.3041567054991 0 1.99999985445724 
-50.9811041052785 -101.208785296107 0 12.0000008880119 
92.1356239793469 -72.6353630354912 0 7.99999992168086 
-27.8944920396147 48.0539059375413 0 11.9999998955784 
40.7446454882261 -104.6734637525 0 12.9999993731277 
115.240369991724 22.0126376255893 0 7.99999992160122 
98.7247354464883 42.093319977138 0 17.9999998276927 
-2.09033594732262 63.3557215672796 0 18.0000006153732 
-22.8073995821972 -105.903089041793 0 15.9999998437563 
7.41035959020528 -111.076865717211 0 14.0000011729562 
83.9376870737248 71.5948977989206 0 14.9999985402216 
81.7778364244318 -45.0880173117002 0 20.9999980988565 
41.7141012005741 -26.8974416629341 0 23.0000008236273 
65.3056210217316 -82.6335356755448 0 19.9999998082114 
65.4253884347215 19.9313378098426 0 21.9999997151291 
1.83464539252117 105.307924963912 0 20.0000015541757 
41.4482262920128 78.2013859451451 0 28.0000010162079 
-41.3641718673574 13.5928030452421 0 24.9999985508563 
20.7524182025973 -71.1874849022222 0 25.9999997399113 
102.142837870282 -6.08459905556286 0 23.0000009735221 
-18.701434095056 -34.3175312670029 0 27.9999997195024 
-43.2336253936648 86.0764118961005 0 28.999999708502 
13.4633179982219 17.9455457344306 0 30.0000015626291 
-84.8209666351708 45.647549261665 0 28.9999992822663 
-96.8005636456308 -10.0793670219743 0 28.0000001519455 
-70.3586930380297 -62.8223989895566 0 30.9999989876671 
