100.808397175168
-62.0163468632355 -28.1943944477343 0 0.999999991821128 
-18.3196944612403 98.1097690919201 0 0.999999991821196 
-30.918031510759 -19.0860698002228 0 3.92982449665245 
40.2734390369892 85.6875991763615 0 6.12833415797873 
94.1067049862439 -30.1138594777921 0 1.99999997657525 
-5.45355013430047 90.6205373774469 0 10.0239117087235 
-89.5905697942258 10.3274614996085 0 10.6245490850378 
-28.066307444744 81.9353285009299 0 14.199416820638 
14.8886080364151 60.4838195681549 0 7.77437581214338 
-85.2036255378646 30.0292796812174 0 10.4678456943267 
48.4379666514038 -21.054850018329 0 15.99556005579 
-4.85830193053827 67.4417546089054 0 13.1625129791399 
18.8858560183162 83.3025563130498 0 15.3918223397441 
-44.042605304378 -39.1734641827488 0 20.0603751972923 
76.9481463583682 -35.6154811151909 0 16.0175985272716 
-28.0663074447368 81.9353285009143 0 14.1994168207472 
-28.6814361168574 53.0958959406107 0 14.6465751322752 
83.6159614918814 41.5607886965703 0 7.43319723049232 
-91.6723718352335 -28.9054945402172 0 28.6636009831927 
-47.9897962368289 11.7341141666291 0 30.9999989876671 
-71.4162187993605 69.1379690955425 0 30.9999989876671 
42.5618314963819 -67.681598132725 0 30.9999989876671 
37.0035992367563 9.77756248656486 0 16.8888194660072 
2.87511467385253 31.5234339903272 0 23.5789007837503 
-13.2246628014845 -74.447622152716 0 25.1953031727144 
2.67542174909432 -21.8286190422726 0 29.7735259036235 
80.825546937419 7.2339322561448 0 27.0068881891546 
-68.6136271247948 -83.9331194129713 0 30.9999989876671 
-47.9897962368182 11.7341141666313 0 30.9999989876671 
49.9353275431141 52.8594863429878 0 28.0920848763022 
