126.943932275248
95.6797757116216 -7.69615246508928 0 1.99999985503388 
-4.07145125655871 -125.877905925858 0 1.00000011289647 
-125.029299762861 -5.77534696307567 0 1.00000012871373 
-76.0745931019778 -40.9497818565957 0 1.99999985503389 
11.8118304790192 -119.156927489599 0 7.00000004832203 
31.7285469259375 -110.112344529214 0 12.000000090469 
117.539354737264 18.2252333466251 0 7.99999992253645 
-64.2570633893175 93.583141041973 0 12.9999998552493 
-0.872349312491294 118.41048839065 0 8.00000004127589 
82.9719710155107 6.79337187963411 0 12.0000000904693 
112.896317382481 -3.27923583872952 0 13.9999998651119 
-10.4100463962737 8.43554200430418 0 17.9999991597388 
32.5332987487786 107.112223763535 0 14.9999998459504 
-31.6448479397123 105.706436337588 0 16.0000005008509 
53.4469902078974 31.3483663935293 0 18.000000628348 
96.9279420123465 40.0236222295381 0 22.0000016112234 
-103.239330103586 23.7856584971861 0 20.9999997866773 
-100.159834055917 -37.4834941493971 0 19.9999998038448 
17.0371370912254 -68.8806958839767 0 22.999998996958 
-87.4149001626057 61.6087649785126 0 19.9999998012966 
-66.7616736747267 -5.85182300943247 0 25.9999973226215 
-22.013083508527 -36.0770345970242 0 28.0000002430998 
-19.4473046771157 -100.071810343304 0 25.0000021675089 
6.87605901831088 72.6056145539897 0 28.0000004963224 
60.2243730048467 -84.7193366377086 0 22.9999997704474 
32.8959886155014 -14.4901462217749 0 30.9999989876671 
-41.983835972432 43.2507063208334 0 28.9999992901188 
88.3876931970387 -39.821368578491 0 30.0000015478625 
62.7398617079193 76.5088979010852 0 28.000000140932 
-65.8695285368893 -72.4859926603974 0 28.9999997245527 
