124.80636339766
-115.012093446063 -41.7917050656988 0 1.00000007241353 
31.8738019109851 117.708678156624 0 1.9999999131038 
-9.10943903172836 117.453639210684 0 7.00000002896541 
-75.1145137167342 -96.408023898097 0 1.00000007241353 
1.99784499995506 122.379057498457 0 1.99999991310374 
46.546919575421 -49.1435891292045 0 11.999999620145 
79.4844761612133 78.1722288090455 0 11.9999998802242 
8.82550547743674 108.602775790998 0 13.0000003997046 
-15.7438952378254 -115.740469634895 0 7.99999992038831 
111.795820694781 -29.9894829294871 0 8.0000001795379 
94.8998178045073 -53.0063573467112 0 15.9999998400091 
109.783514292576 -2.24003509720117 0 14.9999985200554 
24.7803509894364 -28.4985786211684 0 17.9999998200182 
9.11221833704989 69.9516002865095 0 18.0000006299629 
-82.1977028158303 72.5547496767887 0 14.0000011899544 
-104.223128605107 -11.041418774782 0 20.0000016398798 
-56.9278958483782 -8.41574686460983 0 19.9999998000217 
40.7984331578893 94.3643802091677 0 21.9999997800621 
62.7548836840051 -80.1645809136614 0 23.0000008299177 
43.4419757495088 51.4457189088952 0 20.9999979501187 
89.9074047629957 35.8905330917361 0 28.0000010199162 
69.0754402636579 -16.091120179301 0 27.9999997200614 
-38.6743256848871 -92.0087293375601 0 25.0000021699061 
-48.1678333126413 36.7424311258676 0 25.9999973200977 
-96.8674083116396 31.324764676655 0 22.9999997700186 
-20.4804036369424 -41.1660174080202 0 28.9999992728811 
5.0630504787017 16.3592855071852 0 30.9999989876671 
14.1936806115252 -95.7469317297228 0 28.0000001576263 
-78.1346031835948 -53.695717052679 0 30.0000015623137 
-33.5125047778527 89.7539489195912 0 28.9999997095235 
