124.900623345447
109.163529717788 -54.9401121030652 0 1.99999985470476 
-53.7352623649782 -110.876597582074 0 1.00000012107937 
-94.3887149418278 -70.2913872647212 0 7.00000004843174 
-122.273474686358 -15.2865667567417 0 1.00000012107937 
65.7233623838427 -103.017320639625 0 1.99999985470476 
12.1380042089714 116.204864530028 0 8.00000004302745 
-26.8638647099015 85.2338134133769 0 11.9999997053223 
71.3045920946646 -3.94132020441349 0 13.0000003446446 
-38.9470589309879 105.970171148002 0 11.9999998638722 
116.495877865097 3.99071355543285 0 8.00000004313349 
-110.735012805126 6.05846748167454 0 14.0000000314416 
-18.9281790159101 56.3024280997998 0 18.000000463383 
9.44880057286789 81.2112588545545 0 17.9999998234305 
32.2575523157192 105.059968450378 0 15.0000005107439 
-11.0474264025725 108.338821283493 0 15.999999171001 
5.56571607167786 -62.7775157841907 0 20.0000000369532 
100.102601830418 -23.8328966432886 0 22.0000000311299 
-66.2740122812808 -80.0193400930283 0 20.9999989909263 
-38.8885711429572 20.4892591220938 0 23.0000003156047 
-62.4678163301882 84.2728427943686 0 20.0000006253859 
31.8808736865806 -96.7850536113675 0 23.0000004732113 
62.1150429875164 76.9613832794037 0 25.9999999779373 
-23.5562331755693 -97.0836674731087 0 24.9999992260231 
-29.0832154924458 -29.5592709723576 0 28.0000007532679 
71.8120588334467 -65.0596571346794 0 27.9999995695604 
-86.4387018665383 41.5364793287952 0 28.9999997589533 
24.3732428507143 35.5904172802935 0 30.0000014586159 
-87.995602071312 -32.7734678720951 0 30.9999989876671 
33.7096515021854 -22.6661844116761 0 28.9999996255214 
91.5684161416682 31.7010361853221 0 27.9999999241455 
