125.067060107899
-85.8476167290934 -88.1798478392214 0 2.00000000096501 
43.8761944581413 -114.979903321518 0 2.00000000293614 
104.262540608857 67.2454873971053 0 0.999999998374511 
50.6874423707529 -106.633080542555 0 6.99999999934981 
65.8516023107025 -105.14846371974 0 0.999999998374528 
30.7200296170752 -107.774327417715 0 13.0000003992019 
-116.14213612037 14.6867503232593 0 8.00000017573798 
28.6129711239296 109.38673590427 0 11.9999998793899 
-8.11534996911111 112.775446182445 0 11.9999996216077 
117.048036401455 -2.11039148659045 0 7.99999992406253 
-85.7282508835191 69.0320538757943 0 15.0000011712705 
-53.0920662025117 64.145386720363 0 17.9999998256689 
10.1630880903067 -84.5706161018817 0 18.0000006222155 
-14.3636893509141 -108.117104803725 0 15.9999985185949 
52.044377757064 98.1186761738274 0 13.9999998622502 
-98.5379399456486 36.4604107627787 0 19.9999998005546 
100.48949379827 22.9058984071592 0 22.0000016153368 
59.6369331121852 9.48694143064413 0 20.9999997872624 
-36.7245932669301 98.4397857047303 0 19.9999998028254 
-48.7316534073956 -89.6822776269782 0 22.9999989940207 
63.3544305105104 -76.16100750256 0 25.9999973209687 
22.9159509608093 -40.3737324955845 0 27.9999997213362 
6.98775286077129 75.7363271830394 0 28.0000010184634 
-83.2449778732901 -59.0589255728287 0 22.999999770187 
-99.1166325689297 -13.7589036720838 0 25.0000021690447 
8.14633942747907 16.7477035807578 0 30.9999989876671 
-52.850693255635 16.1459926495065 0 30.0000011294602 
65.0590937583271 58.1860186989365 0 27.9999997235328 
91.5962345439795 -28.9656663517117 0 29.0000001426269 
-34.0810470595565 -39.7887950997091 0 28.999999707344 
