100.808398276509
71.0835221963003 -46.5588503523988 0 6.06421446587791 
-52.6686705636003 35.6013014741163 0 2.75100545500481 
43.1668508923117 -89.4351178602832 0 1.50070913608928 
-79.317140732631 58.285684507543 0 2.37857741895169 
10.0799760584183 43.8559315251722 0 2.59759763036477 
-88.5917170649592 14.3013789328589 0 11.0697689635989 
70.5862079742386 57.2830115544475 0 9.90319498407801 
-54.9352036743217 -72.7366259708044 0 9.65746204122258 
29.136314811741 -80.6584585719382 0 15.0487830307927 
-92.4056866964431 -17.9134691142335 0 6.68240229366227 
-19.1689002450475 40.0616205462251 0 12.0350323427849 
-0.223907929084612 48.4145957619965 0 8.66967554738186 
-82.9677632113215 4.58355426975022 0 17.7141232962743 
81.0044477036144 -27.7824177112119 0 15.1720560555824 
-64.3382944886833 79.6159845671072 0 23.6857187626196 
-63.4405563593572 -36.3880656597784 0 27.6729392557217 
-41.1763687042169 10.8440409458363 0 24.5435901804346 
-43.2079151456711 48.9164374219389 0 13.5829695173281 
29.1363148117412 -80.6584585719381 0 15.048783030793 
-14.824504316199 -27.2675682634723 0 21.7912294831536 
-17.4591864238552 75.4348369409998 0 23.3794782351079 
-63.4405563593572 -36.3880656597783 0 27.6729392557217 
67.8371278402708 16.4723038803898 0 30.9999989876671 
33.0645535850672 64.51950329176 0 28.3099095845685 
-73.1332825193521 38.892582525834 0 17.9765818013738 
-14.8920278608718 -68.6134653534818 0 30.5974306143648 
10.024531989738 14.47265647374 0 26.785729730618 
75.1031491664303 -83.4044544446232 0 30.9999989876671 
33.0645535850672 64.5195032917607 0 28.3099095845697 
36.4055873146046 -36.0170168725577 0 30.1806392486235 
