126.051310246339
-109.786400043544 57.7549550043006 0 1.99999985470675 
-38.4186613001778 -119.003349390008 0 1.0000001210777 
-124.960055680485 -4.7723351183275 0 1.00000012107771 
-66.5146923858532 -104.711432818441 0 1.99999985470676 
44.7961012139442 -110.30195899927 0 7.00000004843108 
-15.6013777293378 -112.979166641579 0 12.0000004178801 
32.5292558657928 -101.669185535395 0 7.99999998305535 
66.6933195374711 91.2830751308035 0 12.9999997854659 
45.5190101812578 104.5739977206 0 11.9999998502875 
25.6421758564611 102.357815739241 0 7.99999996331114 
-50.6155256192267 -35.6272010649724 0 18.0000002171408 
64.2685714651539 9.47453920524651 0 18.0000002171407 
-16.2878100382651 51.5699321963437 0 15.9999986183982 
5.81933792382603 111.900095540657 0 13.9999999212435 
11.2824221203227 -110.476694874129 0 15.0000010260768 
105.445058211604 11.3234300586683 0 19.9999999465138 
-77.474680855203 -72.4192943192297 0 19.9999999094349 
38.4965054145299 -32.1450793798603 0 22.9999992749998 
-46.0581361456381 27.9536730743794 0 22.0000013059482 
-43.6308188901977 -95.5621760958198 0 20.9999995631033 
-76.6362363484648 68.8945555513743 0 22.9999998174929 
-95.6490884633254 21.5710797059568 0 27.9999990671806 
-31.5969513890252 92.8207518852342 0 28.0000005280797 
59.2377190723086 -80.6297404676865 0 26.0000008492043 
-96.039996540495 -31.4274776296948 0 24.9999997380426 
26.5443123848482 65.3688150790906 0 28.9999997699813 
-1.21357853861386 -67.246494231243 0 30.000001513178 
90.4001178871499 -35.3097097475924 0 28.999999446309 
3.39449860357981 8.88964942061187 0 30.9999989876671 
82.2638021620124 53.3547205628065 0 28.0000000180812 
