100.808394228648
57.7994203797374 75.3224769290731 0 5.86499871949943 
-85.3426091383388 -23.6345234270092 0 1.00000007137837 
-16.7349010164905 -80.6324202225855 0 1.99999982193532 
-97.7044339427322 20.3761481803669 0 1.00000007137167 
-89.6141103742855 35.7288683793853 0 4.31297930020097 
89.3047261310839 28.9563772375088 0 6.92652323703907 
89.3047261287768 28.9563772393728 0 6.92652323937807 
36.2239038947255 76.9364737926639 0 15.7708023062805 
-45.8999532609693 77.5258307343988 0 10.7136665440003 
67.2165922366149 -22.6228053188659 0 10.7235378485003 
-62.8338054636079 65.4090659001114 0 10.1087094068089 
25.4475552469562 -83.8087200112765 0 13.2214120869258 
36.2239039001152 76.9364737927542 0 15.7708022979847 
80.3472472318118 4.34128693187166 0 19.2677336691707 
-69.9899801736339 -38.9933627066241 0 20.6892361068432 
61.1738357922252 44.4516674188562 0 25.189687757652 
-74.8640775630629 45.3544441242613 0 13.2775109197589 
80.3472472057708 4.34128694589342 0 19.2677337379526 
-25.6008183926644 -2.96672258133469 0 25.1729385775717 
15.1148241969592 46.9080474549017 0 20.9347781071026 
-8.19350392799251 -112.510851688993 0 30.9999989876671 
-37.4144829907889 -78.5577018231419 0 13.7960050192148 
-75.1694461775176 6.74082868046728 0 25.3373119763043 
-59.1008811390777 -43.5091515982424 0 27.419292346929 
-3.19827547862332 -52.5144467079031 0 29.2039948989452 
-33.6364437237378 40.5664015547398 0 28.2272254735082 
30.5713534893058 -2.67336849033689 0 30.9999989876671 
-7.44433667599384 93.6873737174162 0 30.9999989876671 
51.3833605964347 -55.1366989526641 0 25.440594976222 
105.518496589418 -39.1702424415187 0 30.9999989876671 
