0.724  5.30673313462735E+0000  4.07978680760629E+0000  9.06099081705010E-0001
1.503  8.49699980000000E+0000  3.49699980000000E+0000  1.50300021926765E+0000
0.724  9.21168320467557E+0000  8.58075970793820E-0001  2.67186762931049E+0000
1.503  1.50300033025387E+0000  1.50300020829108E+0000  3.66248598347583E+0000
0.724  9.06756057213889E+0000  4.07024828659330E+0000  4.12204584427165E+0000
1.503  7.08822702650152E+0000  1.50300021393244E+0000  3.25667159672804E+0000
0.724  9.97148780108510E-0001  9.57753946740330E-0001  9.49731991526230E-0001
1.503  6.22000249045931E+0000  3.49699875843150E+0000  5.91193042926871E+0000
0.724  9.02111871098152E+0000  4.10919716739838E+0000  6.32694784776868E+0000
1.503  1.50300020252829E+0000  3.49699980000000E+0000  5.91193127731983E+0000
0.724  3.86399676733414E+0000  4.13828335118574E+0000  6.46573217357746E+0000
1.503  8.49699980000000E+0000  1.53451927128640E+0000  5.91193130592132E+0000
0.724  9.07900994790473E+0000  9.56207489695000E-0001  8.78867910329930E-0001
1.503  3.75244545336685E+0000  1.50300020000000E+0000  5.91193131604296E+0000
0.724  8.87001015472690E-0001  4.12343245435519E+0000  3.53505522522386E+0000
1.503  4.64677764903885E+0000  1.50300020000000E+0000  1.50300020000000E+0000
0.724  7.03235251889787E+0000  9.15761824650680E-0001  8.50241524196230E-0001
1.503  4.18056023152046E+0000  3.49699980000000E+0000  3.70360127646961E+0000
0.724  6.73492894559424E+0000  4.15332551806292E+0000  3.24544245576205E+0000
1.503  2.13278241869340E+0000  3.49699978807753E+0000  1.50300021692513E+0000
 7.41493151604296E+0000
