1.737  5.12860898931820E+0000  8.26299980000000E+0000  1.01555990747047E+0001
1.926  1.92600025333462E+0000  7.72120057132414E+0000  1.56056960835689E+0001
1.610  5.19455488763389E+0000  5.17474359898475E+0000  8.61569506327656E+0000
2.295  2.29500020000000E+0000  2.83567596344927E+0000  7.11843222320887E+0000
1.751  4.98528871083569E+0000  5.72728528037513E+0000  1.60362643936271E+0001
2.234  7.76599980000000E+0000  2.37476880432064E+0000  7.09566371993068E+0000
1.281  4.83773953110222E+0000  8.71899979262285E+0000  1.65062644156360E+0001
2.355  2.35500020091455E+0000  7.56909121120744E+0000  7.22813387373857E+0000
1.878  5.26913736524967E+0000  4.98710678990693E+0000  5.13354255053974E+0000
2.138  5.06567656735343E+0000  4.59558732062164E+0000  1.23164361004173E+0001
2.329  2.80263488905052E+0000  2.32900020000000E+0000  1.54582644196338E+0001
2.014  7.98599980000000E+0000  7.98599980000000E+0000  1.57732643926211E+0001
1.755  8.24499955253829E+0000  5.16984916857882E+0000  1.00822535992647E+0001
1.815  8.18499980000000E+0000  1.81500020209358E+0000  1.13013891289017E+0001
2.437  2.44068841848730E+0000  7.53804975748837E+0000  2.43700020000000E+0000
2.402  7.27919182371031E+0000  7.59799979940888E+0000  2.40200025233924E+0000
1.483  8.51699962088934E+0000  5.46093363853982E+0000  1.32956528987783E+0001
1.851  1.85100020010730E+0000  1.85100020000000E+0000  1.14161967690592E+0001
1.477  1.47700020000000E+0000  5.17741331315527E+0000  1.33100385609679E+0001
2.246  7.62234141088035E+0000  7.75399980000000E+0000  7.09185790860154E+0000
1.373  8.62699980000000E+0000  5.07966356588298E+0000  4.87020297431325E+0000
1.423  4.96303361135606E+0000  1.42300020000000E+0000  4.94830048586158E+0000
1.741  8.23539530294602E+0000  8.25899980000000E+0000  1.17190415721375E+0001
1.858  1.91024221922670E+0000  8.14199980000000E+0000  1.18451986541487E+0001
1.608  1.60800020000000E+0000  5.09079785648991E+0000  1.02290380182013E+0001
2.392  7.60799980000000E+0000  2.43478588293730E+0000  2.39200020000000E+0000
2.404  2.40400145829431E+0000  2.69729826213412E+0000  2.40400146609556E+0000
1.692  5.00563617956329E+0000  8.20995992110302E+0000  1.35819832122920E+0001
2.382  7.51303907333194E+0000  2.38200023612131E+0000  1.54052644038129E+0001
1.695  5.00921968422937E+0000  1.69500021221509E+0000  9.81138130977350E+0000
 1.77872646196339E+0001
