1.875  4.99807314689973E+0000  4.98986824645063E+0000  4.86660563533288E+0000
1.481  8.51899973772308E+0000  1.48100020353272E+0000  1.91058026986495E+0001
2.315  2.31500020110769E+0000  7.68499980000000E+0000  2.36726187229343E+0001
2.188  2.18800020000000E+0000  2.90536373199889E+0000  1.14825976599362E+0001
1.875  5.19681938454082E+0000  8.12499980000000E+0000  1.96989219915762E+0001
1.481  8.51899980000000E+0000  8.51899980000000E+0000  1.99646654075928E+0001
2.315  2.35155428405290E+0000  2.35407124634097E+0000  2.36786747950047E+0001
2.188  2.18800021137490E+0000  7.81199979352470E+0000  6.96762480467648E+0000
1.875  8.12499980000000E+0000  2.83917146656598E+0000  1.60623055234371E+0001
1.481  5.70784866195289E+0000  1.48100020000000E+0000  2.06488984950913E+0001
2.315  7.39546422999892E+0000  2.31500020000000E+0000  2.31500020000000E+0000
2.188  7.76156059649543E+0000  2.18800020000000E+0000  7.23370584155898E+0000
1.875  8.12499980000000E+0000  4.80357908810488E+0000  1.93665179897400E+0001
1.481  8.51899980000000E+0000  5.14801198002003E+0000  1.36588167290485E+0001
2.315  2.31500020385307E+0000  7.68499980000000E+0000  2.31500020000000E+0000
2.188  7.81199979579279E+0000  7.81199980000000E+0000  6.97062192166412E+0000
1.875  5.14744448388016E+0000  5.55220523829619E+0000  1.37294405912234E+0001
1.481  5.02097713408245E+0000  5.15680843243964E+0000  1.48100020000000E+0000
2.315  7.68499980000000E+0000  7.68499980000000E+0000  2.44060974642505E+0000
2.188  7.53078012080351E+0000  7.81199979227273E+0000  1.13375768246570E+0001
1.875  4.89461268375615E+0000  1.87500020000000E+0000  1.44199058641719E+0001
1.481  5.01681658212414E+0000  5.15924320023221E+0000  2.45272301673272E+0001
2.315  2.64648995348497E+0000  2.31500020173341E+0000  2.31500022504697E+0000
2.188  2.20162147525439E+0000  2.20676735416201E+0000  1.91600443872186E+0001
1.875  1.87500020000000E+0000  3.86148132288425E+0000  1.54190735660561E+0001
1.481  8.51899980000000E+0000  4.88896011297440E+0000  4.86882417177858E+0000
2.315  7.68499980000000E+0000  2.59119701878085E+0000  2.36932301537974E+0001
2.188  7.81199980000000E+0000  2.18800020000000E+0000  1.16094155749037E+0001
1.875  1.87500020000000E+0000  6.38494258510265E+0000  1.97137861917241E+0001
1.481  1.48100020000000E+0000  4.93828588231872E+0000  4.79887322549879E+0000
2.315  7.68499980000000E+0000  7.68499980000000E+0000  2.35727823207003E+0001
2.188  2.18800020000000E+0000  2.18800020000000E+0000  7.12215614934026E+0000
1.875  4.88734158804579E+0000  4.76769209517934E+0000  1.74604173264715E+0001
1.481  5.52492180368312E+0000  1.48100020000000E+0000  1.76925520697420E+0001
2.315  2.31500020000000E+0000  7.68499980000000E+0000  1.14968291936638E+0001
2.188  4.99894077210763E+0000  5.11175912684361E+0000  8.95676862568499E+0000
1.875  4.86136065295029E+0000  4.67977344853946E+0000  2.12092969389745E+0001
1.481  4.91070719247684E+0000  1.48100020000000E+0000  9.47769886977865E+0000
2.315  7.68499980000000E+0000  7.68499980000000E+0000  1.63565482732999E+0001
2.188  2.63613485042771E+0000  7.81199980000000E+0000  1.59865681885575E+0001
 2.60082303673272E+0001