0.845  6.12901310144893E+0000  8.45000289499880E-0001  8.45000289499860E-0001
1.326  5.78706427685056E+0000  3.67399979980585E+0000  5.34302799572765E+0000
1.447  6.26107563933979E+0000  3.54448106336811E+0000  1.45399317839409E+0000
1.486  1.56697790260994E+0000  3.51399978567877E+0000  7.25439087951823E+0000
1.647  8.35299980000000E+0000  3.35299974894891E+0000  3.87617230664915E+0000
1.107  8.89299972658785E+0000  3.89299978904919E+0000  1.10700029149039E+0000
1.245  1.50374950299236E+0000  1.24500021520409E+0000  3.22362037103230E+0000
1.166  3.64432833054609E+0000  3.82968180980473E+0000  3.17504955897322E+0000
1.391  1.39100020460019E+0000  3.60899978534308E+0000  4.38434938890812E+0000
1.501  5.81885729794692E+0000  1.57516112327328E+0000  7.23664807777496E+0000
1.499  1.49900035242527E+0000  3.48571850018180E+0000  1.49900020000000E+0000
0.634  7.52648448221074E+0000  6.34000246652380E-0001  8.10639082819939E+0000
0.879  6.90021894775138E+0000  8.79000598617590E-0001  5.23404462326023E+0000
0.797  6.22380471134450E+0000  4.20299962804408E+0000  7.94339066593192E+0000
1.191  4.31970137505554E+0000  3.78911475187070E+0000  7.54939083900912E+0000
1.589  3.93418140565468E+0000  1.58900029853847E+0000  1.58900030438665E+0000
1.253  3.09528263626274E+0000  1.25300021655715E+0000  7.48739069234030E+0000
0.897  9.09867446539163E+0000  9.01991524519130E-0001  3.56396403634537E+0000
1.261  6.23714428728921E+0000  1.28003312972861E+0000  3.23927455222184E+0000
0.971  9.02899980000000E+0000  9.71000235473780E-0001  7.65372653726387E+0000
1.137  8.86299921372246E+0000  1.19904969263433E+0000  5.56468200161647E+0000
0.917  9.38252895157760E-0001  9.64737905635920E-0001  7.81189984839629E+0000
0.735  5.50012555067924E+0000  4.25573413753877E+0000  3.37928282393818E+0000
1.605  8.33369257431305E+0000  3.39499979249839E+0000  7.12784426925407E+0000
1.582  3.85344722944932E+0000  1.58200020258838E+0000  4.75896513542061E+0000
1.221  1.22748790057124E+0000  1.25001312580954E+0000  5.70044237722321E+0000
0.999  3.43655432512793E+0000  4.00099980000000E+0000  5.55658931498925E+0000
1.445  8.25600676816359E+0000  1.44500020000000E+0000  1.44500040293741E+0000
1.021  1.02100038937597E+0000  1.02100061992441E+0000  1.02100023353320E+0000
0.928  3.89170807359544E+0000  4.04266309470467E+0000  9.60712509906530E-0001
 8.74039107951823E+0000