1.509 -3.63322449249704E+0000 -6.65608365930311E+0000  1.52627666299276E+0000
1.553 -1.55525394076860E-0001  5.11867690885050E+0000  1.55300026180395E+0000
1.399  3.48220881048430E+0000 -6.31110484391375E+0000  3.48738359977854E+0000
1.489  2.14517789017165E+0000 -4.63980053977937E+0000  1.48900023704081E+0000
1.463  1.21894370243726E+0000 -7.53111583936438E+0000  1.46300070401519E+0000
1.650  2.19505289621216E+0000 -1.50532803946612E+0000  1.65000023072261E+0000
1.409  3.74098439698170E+0000 -3.47921236193432E+0000  3.61146188299355E+0000
1.557  4.35204302428280E+0000  6.15124530900880E+0000  3.98686008668431E+0000
1.430 -5.30366068272710E+0000 -5.52985815582079E+0000  5.56999951800144E+0000
1.575  2.84352731590777E+0000  4.22493280939080E+0000  1.57500025538804E+0000
1.537 -7.43457971626894E+0000 -1.34422039333347E+0000  5.46104785118995E+0000
1.586 -9.61496928339330E-0001 -5.21878468744013E+0000  5.41399974161524E+0000
1.464  5.18617249511900E-0001 -3.27827711540248E+0000  3.58473894146993E+0000
1.316 -2.32807745215818E+0000 -2.11041568119699E-0002  3.51332499587229E+0000
1.653 -3.35033532213464E+0000 -4.14760755907956E+0000  3.43042251891166E+0000
1.641 -2.85208543667735E+0000  6.82819721790300E+0000  1.64100022849053E+0000
1.383 -4.82374378391374E+0000 -2.64253379462277E+0000  5.61699970935527E+0000
1.342  5.12061741178320E+0000 -2.05147409523067E+0000  1.34200029217585E+0000
1.401 -6.97990569202140E+0000  3.23021815775660E+0000  3.81829791383264E+0000
1.371  6.82548315826020E+0000  6.98971953233798E-0002  3.51368199036761E+0000
1.482 -5.03603169768245E+0000 -7.39228413660180E-0001  3.48613358841105E+0000
1.547 -4.35483125193380E-0001  5.08277836108680E+0000  5.45299978391886E+0000
1.523  6.98470506750950E+0000 -2.91642515312231E+0000  3.53540475216494E+0000
1.291 -3.35429373804290E+0000  4.69503321801400E+0000  5.70899969812046E+0000
1.588  5.45338489391760E+0000 -5.15484964463662E+0000  5.41199963503141E+0000
1.389 -7.60160354989681E+0000  5.19843344180470E-0001  3.21185915874819E+0000
1.487 -5.94179158860841E+0000 -4.74689672516220E+0000  1.48700072880989E+0000
1.566  4.79639782327680E+0000  9.15663370414550E-0001  1.56600025219538E+0000
1.329 -2.27325621982048E+0000  4.34513457721410E+0000  3.34820926975527E+0000
1.452  1.11266062844160E+0000 -7.55866658549106E+0000  5.54755512872689E+0000
1.569 -8.97234153842550E-0001 -5.23430919111132E+0000  1.57202738003308E+0000
1.664  2.29241085768217E+0000 -1.38853407793990E+0000  5.33599977557135E+0000
1.521  6.63066608017530E-0001  2.93580136112151E+0000  3.55660713994445E+0000
1.311  7.65373346930140E+0000  1.40223359587774E+0000  5.68899978455077E+0000
1.555 -5.84641421272652E+0000  4.75685625774680E+0000  1.55500085569375E+0000
1.285 -7.66979489849533E+0000  1.45788202304099E+0000  5.71499967390133E+0000
1.635 -1.82252950965926E+0000  2.22035192234216E+0000  5.36499976632792E+0000
1.425 -2.46827660314123E+0000  7.25895236089610E+0000  5.57499817790207E+0000
1.621  6.29954320351660E+0000  4.01664713551360E+0000  5.37899972990950E+0000
1.432  4.99919624237980E+0000  6.19153716824080E-0001  5.56794962034567E+0000
1.589 -1.74778220666939E+0000 -2.14268742598249E+0000  5.41099974254562E+0000
1.108  3.72201166142730E+0000 -7.06348836509468E+0000  1.10800027216112E+0000
0.964  5.08979834416270E-0001 -3.21254958751234E+0000  6.02760302539581E+0000
1.094 -4.35494735007600E-0001  7.98625931633380E+0000  1.09400019747958E+0000
1.534  2.05502292256473E+0000  7.27338458413490E+0000  1.53617436503357E+0000
0.729  3.46529771411680E+0000 -3.25323691939986E+0000  6.27095126729483E+0000
1.226  4.63848126673720E+0000  6.35298382071300E+0000  1.22600028590870E+0000
1.370 -3.23803081141533E+0000 -7.01044656526541E+0000  4.39482502679235E+0000
0.960 -2.36648664035420E-0001  8.12868034311280E+0000  6.03999979994426E+0000
1.656  6.05507456381540E+0000  3.88027477033100E+0000  1.65600030045961E+0000
0.701  1.82455086510477E+0000  8.19035886436030E+0000  3.56133329942821E+0000
1.324  7.66563732569460E+0000 -1.25768043923445E+0000  1.32400025440113E+0000
1.346  5.17050531414160E+0000 -2.24456175645355E+0000  5.65399967790783E+0000
1.412  2.69424167074326E+0000  4.27961217534420E+0000  5.58799972448574E+0000
0.992  7.31738516809580E+0000 -3.47290971725906E+0000  6.00727451948995E+0000
1.504 -2.79896846925560E-0001  7.53784801399480E+0000  3.64827557603715E+0000
0.776 -5.42686789400356E+0000  2.59906288795163E+0000  7.76317271371090E-0001
1.591 -1.59142971670771E+0000  2.04466037151798E+0000  1.60527946657225E+0000
0.785  4.13167410004050E+0000  7.20677293487650E+0000  6.21499895794974E+0000
1.646  5.52043224683740E+0000 -4.99695865013690E+0000  1.64600022669603E+0000
1.616 -1.54447264840667E+0000 -2.11460578300147E+0000  1.61600023879328E+0000
0.824 -7.47934797059723E+0000  3.51239787659640E+0000  6.16846542761103E+0000
1.253 -3.60603678707214E+0000 -1.87841031744096E-0002  5.74699363906486E+0000
1.209 -5.94691251507620E+0000  3.68221464614670E-0001  1.20900030698050E+0000
1.120 -1.42171608620187E+0000 -7.84432855626312E+0000  5.87999978246829E+0000
1.038 -4.66483951348313E+0000  4.17010200817620E+0000  3.85192598180232E+0000
0.652  2.24051657723470E-0001 -1.63673720146688E+0000  6.34799967671817E+0000
1.351 -6.77053616763324E+0000 -3.75297756046694E+0000  4.01277895050503E+0000
1.307  7.68805162099530E+0000 -1.22557032006244E+0000  5.69299976975446E+0000
1.559 -7.25953773420890E+0000 -2.01173404149698E+0000  1.73307449500161E+0000
1.426 -4.50413524378069E+0000  2.00542941228217E+0000  2.68587931923572E+0000
0.748 -2.98566098983211E+0000 -6.02393578136788E+0000  6.25199145921678E+0000
0.857  4.28873370970770E+0000  2.73711359580160E+0000  6.12666221576696E+0000
0.854  5.42376668088370E+0000  6.20076140160690E+0000  6.14599941450858E+0000
1.455  2.00002322462431E+0000  7.36415282305210E+0000  5.54499956950134E+0000
1.360  4.12936962439930E+0000  2.75864748494829E+0000  3.76836406970992E+0000
1.295 -7.42182061595221E+0000  2.38992116426423E+0000  1.29500029078890E+0000
1.445 -4.89263784914670E+0000  2.37763465834754E+0000  5.55499972189062E+0000
1.436  2.20422147187129E+0000 -4.86484732188588E+0000  5.56399968785502E+0000
0.953 -8.13643408052127E+0000  2.09231500984120E-0001  9.53000340093690E-0001
1.124 -1.32493677653322E+0000 -7.85719705779258E+0000  1.12400022772102E+0000
1.181  2.77152391819791E+0000  6.42335956019600E-0001  3.40208015431765E+0000
1.319  1.72696387735778E+0000  1.54769465229425E+0000  1.31900020647664E+0000
0.962  5.99294303194880E-0001  2.87323213048834E+0000  6.03799977089839E+0000
1.332 -7.83676181378940E-0001 -7.72045215249093E+0000  3.51571006422445E+0000
1.244 -4.48423667492696E+0000  6.44086000110230E+0000  3.98818570729634E+0000
1.122  3.62359192729620E+0000 -7.09876488820050E+0000  5.87799977009337E+0000
1.311 -4.44590924589521E+0000 -2.38889616073870E+0000  1.31100025720924E+0000
1.193  1.58101971861013E+0000  5.58582327894530E+0000  3.62826069553585E+0000
0.898 -5.71029493530368E+0000  2.51163584435930E-0001  6.10199967437309E+0000
1.124 -3.28160437284073E+0000  4.11417953890320E+0000  1.12400032476937E+0000
1.181  9.37124319314750E-0001 -5.88905466794779E+0000  3.51603579730087E+0000
1.319  7.64779161356430E+0000  1.39023169797789E+0000  1.31900022605498E+0000
0.962 -3.27492703101116E+0000 -4.35219841510804E+0000  6.03799962923084E+0000
1.332 -5.96291790796401E+0000  4.96619964499330E+0000  5.66799967819015E+0000
1.244 -3.51284379587177E+0000 -1.13076328639403E-0002  1.24400021684664E+0000
1.122  7.57677895461100E+0000  2.47291374969990E+0000  3.50560491409704E+0000
1.311  2.42957573304162E+0000  1.57138717691578E+0000  5.68899978123293E+0000
1.193  4.49030224075730E+0000 -9.88075992622720E-0001  3.55516879306191E+0000
0.898 -4.66893256509412E+0000  6.73385033806560E+0000  6.10199977849924E+0000
ro=1 R=9.09212457988584E+0000
