1.103  7.67351055843602E+0000  3.89663821238461E+0000  4.17664090585911E+0000
1.455  3.64486750529434E+0000  3.54499980000000E+0000  8.59787035698715E+0000
0.672  7.44425271054520E-0001  1.56460407647546E+0000  1.16133815755244E+0001
1.478  5.87993564649910E+0000  1.47800024557105E+0000  1.59721363578464E+0000
1.103  3.69165764969742E+0000  1.10300021043165E+0000  3.11594053032260E+0000
1.455  1.77835178198388E+0000  1.45500020000000E+0000  1.45500021135495E+0000
0.672  8.06406523106640E-0001  4.19273130416129E+0000  8.60007931410722E+0000
1.478  1.47800027472331E+0000  1.47800027966205E+0000  8.54805409449848E+0000
1.103  1.15912010586132E+0000  3.86662108913760E+0000  3.37363780070287E+0000
1.455  8.54499980000000E+0000  1.56280266834703E+0000  3.59459482829890E+0000
0.672  7.94323280673510E-0001  7.65775159066750E-0001  6.46944171107430E+0000
1.478  1.47800020000000E+0000  3.52199980000000E+0000  1.07744337415535E+0001
1.103  8.89646624555494E+0000  3.89422459589002E+0000  6.01305442888992E+0000
1.455  8.46349703986114E+0000  1.45500020000000E+0000  1.06199498455253E+0001
0.672  5.79912426195702E+0000  4.27479786166711E+0000  8.64228574103246E+0000
1.478  8.52199980000000E+0000  3.52199980000000E+0000  8.53990628005425E+0000
1.103  5.78578776528569E+0000  3.89479748171304E+0000  3.03453616961196E+0000
1.455  6.43871059203588E+0000  3.54499980000000E+0000  1.06043355876873E+0001
0.672  3.73996105881732E+0000  4.26720126636565E+0000  6.49272686967915E+0000
1.478  7.98659514854271E+0000  1.47800020000000E+0000  6.47269907955778E+0000
1.103  8.89699980000000E+0000  1.10300022833204E+0000  1.10300020000000E+0000
1.455  3.55317519758035E+0000  1.45500020000000E+0000  1.06206398602622E+0001
0.672  9.22900546947433E+0000  4.22130481856074E+0000  3.24043907917373E+0000
1.478  1.47800022268553E+0000  1.47800024933895E+0000  4.38899161982047E+0000
1.103  8.89699980000000E+0000  3.89699980000000E+0000  1.12461119891794E+0001
1.455  5.90833828257017E+0000  3.54499977700590E+0000  6.57688031352066E+0000
0.672  5.81206894018312E+0000  7.18840682772220E-0001  6.57733882974083E+0000
1.478  3.61340454256068E+0000  3.52199980000000E+0000  4.38171519965058E+0000
1.103  1.10300020000000E+0000  3.89699980000000E+0000  1.10300020621046E+0000
1.455  3.80393449281445E+0000  3.54499961027549E+0000  1.45500020000000E+0000
0.672  9.21793012028679E+0000  8.44366019104210E-0001  8.31013443102563E+0000
1.478  5.72508918726968E+0000  1.47800020539014E+0000  8.64966203471417E+0000
1.103  3.98767303638295E+0000  3.89699980000000E+0000  1.12461119879801E+0001
1.455  1.55253114412904E+0000  3.54499972434821E+0000  6.46852284464791E+0000
0.672  7.81916877233582E+0000  7.33066046922850E-0001  8.61928339990169E+0000
1.478  8.01202213591247E+0000  3.52199980000000E+0000  1.47800021445310E+0000
1.103  6.00842406058010E+0000  1.10300030660888E+0000  1.12461119276874E+0001
1.455  5.79025692984713E+0000  1.48109607617081E+0000  4.52884202963905E+0000
0.672  1.37461257943358E+0000  7.26486446474900E-0001  1.06665785877694E+0001
1.478  3.63396682408017E+0000  1.47800020000000E+0000  6.51703275415308E+0000
 1.23491121891794E+0001
