1.544  6.31227074886035E+0000  3.77341289131563E+0000  1.58100507158198E+0000
1.054  4.57570789822806E+0000  8.86839568629786E+0000  7.86461159661395E+0000
0.933  9.51579539908600E-0001  6.53744646433801E+0000  5.64032455820514E+0000
1.383  3.48852547044604E+0000  6.27420342955567E+0000  1.38300053514250E+0000
1.608  3.49339218548006E+0000  6.27172343513150E+0000  5.41241739372780E+0000
1.544  3.78436268777848E+0000  1.68989060597974E+0000  5.11763255640677E+0000
1.054  8.84938233579351E+0000  8.85552754924695E+0000  5.97487927465071E+0000
0.933  9.47725605813730E-0001  6.11861163208970E+0000  9.46268141357010E-0001
1.383  8.51017371183438E+0000  8.60715459109242E+0000  3.47403809713977E+0000
1.608  3.93443941484719E+0000  3.82764208987136E+0000  7.45560178759442E+0000
1.544  6.15870137717376E+0000  6.08835613119887E+0000  7.51960166224161E+0000
1.054  6.22391563773375E+0000  1.52846684978219E+0000  2.88561920636585E+0000
0.933  3.87337238137794E+0000  9.05951040721139E+0000  9.40365815762130E-0001
1.383  1.38300021478142E+0000  5.37218624276520E+0000  7.68060157341055E+0000
1.608  6.15076749380027E+0000  3.77199698051792E+0000  5.12591252004590E+0000
1.544  1.54400026717025E+0000  3.81500166844412E+0000  5.09698650711302E+0000
1.054  8.85130636229944E+0000  6.72655201335037E+0000  7.91225944859382E+0000
0.933  6.12724754929366E+0000  9.33000240756080E-0001  9.33000235704950E-0001
1.383  1.38300021774102E+0000  1.38300047311432E+0000  3.47245525172594E+0000
1.608  8.39199980000000E+0000  6.16807604027261E+0000  5.21095923940898E+0000
1.544  6.20274072798266E+0000  8.45599980000000E+0000  1.54400020000000E+0000
1.054  6.88006388310095E+0000  8.83861791565833E+0000  7.94498000965625E+0000
0.933  9.06699980000000E+0000  3.86345013921144E+0000  9.33000201971010E-0001
1.383  1.38300027980966E+0000  6.11861942947857E+0000  3.29844269362637E+0000
1.608  1.60800020000000E+0000  8.34621276953988E+0000  7.45560178967899E+0000
1.544  6.25971910464211E+0000  1.54400022490538E+0000  7.49466066677329E+0000
1.054  8.88311736537779E+0000  1.13554692468920E+0000  7.94216492979732E+0000
0.933  3.94502927594492E+0000  9.33000229177780E-0001  8.13060175996241E+0000
1.383  3.88582051906635E+0000  8.38371434217603E+0000  3.33117307221551E+0000
1.608  3.81771742940641E+0000  1.60800024745456E+0000  1.74977974654785E+0000
1.544  8.45599979121196E+0000  1.54400020070183E+0000  5.32392393329338E+0000
1.054  3.71238280206289E+0000  6.81294686518912E+0000  8.00960176318932E+0000
0.933  3.93340507068514E+0000  4.01137056303432E+0000  9.33000399372890E-0001
1.383  1.38300020000000E+0000  8.61699979215954E+0000  4.48539424789523E+0000
1.608  8.39199980000000E+0000  6.19308586933554E+0000  1.69053259450103E+0000
1.544  1.54400020727923E+0000  3.78124009793823E+0000  1.54400021570619E+0000
1.054  1.09586861485624E+0000  1.09429729981815E+0000  1.06171360141392E+0000
0.933  5.75354025488664E+0000  6.09794338567545E+0000  9.33000464522050E-0001
1.383  5.88612797941770E+0000  6.17482390523541E+0000  3.35688347782015E+0000
1.608  1.60800020000000E+0000  1.60800021545837E+0000  7.39619505455754E+0000
1.544  1.54400051702735E+0000  8.45599951927859E+0000  1.54400078839260E+0000
1.054  8.89539926196248E+0000  8.88841445663505E+0000  1.06851056310554E+0000
0.933  8.98672774079056E+0000  8.94901231767892E+0000  8.05110310278838E+0000
1.383  3.88475979023038E+0000  4.25854155593587E+0000  3.23525995862939E+0000
1.608  8.39199979683664E+0000  3.86498279496530E+0000  7.45560178406371E+0000
1.544  8.44864566484312E+0000  1.54400020000000E+0000  1.54400020000000E+0000
1.054  3.48783385383470E+0000  8.94599980000000E+0000  5.66878142160945E+0000
0.933  6.11835898593159E+0000  9.33000235010910E-0001  4.77835484601224E+0000
1.383  8.61699980000000E+0000  3.77295586544222E+0000  3.43364165696391E+0000
1.608  6.07433733028793E+0000  8.39199980000000E+0000  5.36990041460007E+0000
 9.06360198967899E+0000
