2.281  2.28100020000000E+0000  2.28100020000000E+0000  3.56649095328196E+0001
1.375  5.07801019811257E+0000  3.62499916051029E+0000  1.41868957661781E+0001
2.269  2.26900027098293E+0000  2.26900027300642E+0000  2.26900020000000E+0000
1.658  4.87297609867590E+0000  1.65800021463079E+0000  2.52440620634797E+0001
2.200  7.79999980000000E+0000  2.20000020000000E+0000  4.83083181357741E+0001
1.579  4.78239670908979E+0000  3.40764054399748E+0000  4.63603696550292E+0001
2.491  2.51388558270919E+0000  2.50899977052317E+0000  7.01663488485493E+0000
1.605  5.06229727703238E+0000  1.60500021930258E+0000  1.90462125609171E+0001
1.670  1.67000040207528E+0000  3.32999970456554E+0000  3.19050313455540E+0001
2.048  2.04800022714747E+0000  2.04800023197625E+0000  4.43843905665926E+0001
1.879  8.12099974652821E+0000  3.12099980000000E+0000  3.99130658214103E+0001
2.317  7.68299980000000E+0000  2.68299980000000E+0000  2.78971959834039E+0001
1.830  8.16999980000000E+0000  3.16999979948366E+0000  2.02762906533955E+0001
2.326  2.32600030306892E+0000  2.32600021866727E+0000  1.18264896827544E+0001
1.291  5.04514153397845E+0000  1.31488928678588E+0000  9.60307030949633E+0000
1.365  5.08226609204550E+0000  3.63237290129812E+0000  4.12370266555084E+0000
1.897  5.13688658447398E+0000  1.89700020000000E+0000  3.11617497282751E+0001
1.873  6.19620448360042E+0000  3.12699980000000E+0000  3.45643736408844E+0001
2.240  2.24000021764603E+0000  2.75999962735382E+0000  4.01602764010034E+0001
2.221  7.68228764865675E+0000  2.22100020000000E+0000  4.38889349893178E+0001
2.281  2.28100020000000E+0000  2.30229254558596E+0000  2.81392775098094E+0001
1.375  5.47768839739036E+0000  1.40234861304753E+0000  4.11390871843842E+0001
2.269  7.71630419275299E+0000  2.26900020000000E+0000  1.63033617238271E+0001
1.658  8.34013157169348E+0000  3.33751192319441E+0000  3.17644871747723E+0001
2.200  2.20502806431441E+0000  2.21095875247139E+0000  5.27481398608493E+0001
1.579  4.84976965017289E+0000  3.42099980000000E+0000  5.03297400369054E+0001
2.491  7.49486144133787E+0000  2.50899963320570E+0000  6.91560022662206E+0000
1.605  8.39499980000000E+0000  1.60500020000000E+0000  3.67881773666334E+0001
1.670  5.37630247728365E+0000  1.68933209805088E+0000  3.80714634352568E+0001
2.048  2.04800020000000E+0000  2.04800020412811E+0000  4.84803909836421E+0001
1.879  1.87900022945296E+0000  1.87900020000000E+0000  2.05501044637216E+0001
2.317  2.32195558698723E+0000  2.68299980000000E+0000  1.64557431518574E+0001
1.830  4.99863741152934E+0000  3.16999976107368E+0000  2.21033275038883E+0001
2.326  7.67399976880971E+0000  2.67399978097080E+0000  1.17264397901100E+0001
1.291  8.69432005376106E+0000  1.29774121210180E+0000  3.38822992595162E+0001
1.365  4.58972525967926E+0000  3.63499977536047E+0000  4.27504877863554E+0001
1.897  8.10299980000000E+0000  1.89700020000000E+0000  2.37785063832016E+0001
1.873  1.87300021162146E+0000  3.12699980000000E+0000  2.40884611369940E+0001
2.240  7.75999980000000E+0000  2.75999978939786E+0000  5.27126800678963E+0001
2.221  7.77899979185692E+0000  2.22100026251249E+0000  2.22100020000000E+0000
 5.49526802678963E+0001
