2.221  2.22100020000000E+0000  2.77899980000000E+0000  3.43270206798083E+0001
2.281  2.28100020000000E+0000  2.71899980000000E+0000  2.49464376906969E+0001
1.375  1.40474835884548E+0000  1.40982201048697E+0000  4.48793326844276E+0001
2.269  2.26900020000000E+0000  2.73099980000000E+0000  2.97558061382181E+0001
1.658  1.65800020000000E+0000  3.34199980000000E+0000  4.20513985141318E+0001
2.200  7.79999980000000E+0000  2.79999980000000E+0000  4.40750884252636E+0001
1.579  5.07495910308893E+0000  1.57900020000000E+0000  3.21236318411546E+0001
2.491  7.50899980000000E+0000  2.50899979394395E+0000  2.49100020000000E+0000
1.605  5.00909196494097E+0000  1.60500020000000E+0000  1.89680879139795E+0001
1.670  5.02233876911256E+0000  3.29622728796335E+0000  1.32813326344718E+0001
2.048  7.95199980000000E+0000  2.95199980000000E+0000  2.06619878658565E+0001
1.879  4.64644088561217E+0000  1.87900025032588E+0000  9.58178815846519E+0000
2.317  2.31700020000000E+0000  2.31700020673493E+0000  5.30682424913461E+0001
1.830  4.76903989032097E+0000  1.83000020000000E+0000  4.16025825021766E+0001
2.326  2.35208758219159E+0000  2.67399980000000E+0000  1.62754439031317E+0001
1.291  5.00921002891162E+0000  1.29100020000000E+0000  5.01709769855363E+0001
1.365  1.36500020000000E+0000  3.63499980000000E+0000  9.49844590133653E+0000
1.897  1.89700020000000E+0000  3.10299980000000E+0000  3.85125023738918E+0001
1.873  8.12699980000000E+0000  1.87300020000000E+0000  1.22221850362596E+0001
2.240  7.75999980000000E+0000  2.75999980000000E+0000  4.85147284548680E+0001
2.221  7.77899980000000E+0000  2.77899980000000E+0000  2.97386439149470E+0001
2.281  2.28100020000000E+0000  2.71899980000000E+0000  4.83607628984030E+0001
1.375  8.62499980000000E+0000  1.37500020000000E+0000  6.01442861635556E+0000
2.269  7.73099980000000E+0000  2.73099980000000E+0000  3.46584792557259E+0001
1.658  4.78056495265563E+0000  1.65800020000000E+0000  3.70174912875344E+0001
2.200  7.79999980000000E+0000  2.79999980000000E+0000  3.91300765891186E+0001
1.579  5.06015447339267E+0000  1.57900020000000E+0000  2.73705468758403E+0001
2.491  2.52699938770433E+0000  2.50899979816278E+0000  2.49100020000000E+0000
1.605  5.00474998332507E+0000  1.61901311602000E+0000  2.23834773437719E+0001
1.670  3.78767161075098E+0000  3.32999980000000E+0000  4.46087296026027E+0001
2.048  2.04800020000000E+0000  2.95199980000000E+0000  2.06299962766835E+0001
1.879  1.92071903591611E+0000  1.87900020000000E+0000  1.21688729300048E+0001
2.317  7.68299980000000E+0000  2.68299980000000E+0000  1.63090992866760E+0001
1.830  5.35399234830078E+0000  3.16999970152640E+0000  6.17747094646417E+0000
2.326  7.67399980000000E+0000  2.32600020000000E+0000  5.30592425093952E+0001
1.291  4.98376058281398E+0000  3.70899980000000E+0000  5.10761599082314E+0001
1.365  5.11222994359203E+0000  1.36500020000000E+0000  4.65049229134727E+0001
1.897  1.90535818866485E+0000  1.89700020000000E+0000  6.79141483653543E+0000
1.873  8.07129391405416E+0000  3.12699980000000E+0000  8.69275153469755E+0000
2.240  7.75999980000000E+0000  2.75999979109421E+0000  2.49413826300522E+0001
 5.53852427093953E+0001
