2.361  7.63899979987015E+0000  7.63899977531104E+0000  8.54713304067261E+0000
2.392  2.61414853925142E+0000  7.60799980000000E+0000  1.35012015822179E+0001
2.275  2.29422591443786E+0000  2.27500022785252E+0000  9.04829895466608E+0000
2.251  2.25100020861580E+0000  7.74899980000000E+0000  8.87456942170727E+0000
2.498  7.50199980000000E+0000  7.50199980000000E+0000  1.34022691883267E+0001
2.311  2.36008482998463E+0000  2.91269269120832E+0000  1.35892691877651E+0001
2.264  2.26400020000000E+0000  7.59488233894790E+0000  2.26400020000000E+0000
2.453  7.09972931589299E+0000  2.45300024684189E+0000  1.34472691888393E+0001
2.167  2.42872653613582E+0000  2.18206071520055E+0000  2.16700020000000E+0000
2.306  7.69399979592662E+0000  2.31056119668018E+0000  8.72766766049059E+0000
1.517  4.81856473310630E+0000  4.90933638081407E+0000  1.51700023535629E+0000
1.432  1.43200020000000E+0000  1.43200020000000E+0000  5.54290742891197E+0000
1.498  5.13067735928964E+0000  4.95479855864741E+0000  7.36591899626520E+0000
1.866  4.67801846262202E+0000  8.13399980000000E+0000  5.57138155338054E+0000
1.773  8.22699977256896E+0000  4.83417244929929E+0000  5.56767681311385E+0000
1.925  4.86884624846284E+0000  5.10843423241375E+0000  1.07754310799234E+0001
1.987  4.80555880033591E+0000  1.98700020766079E+0000  5.56822635215354E+0000
2.043  2.04300020902314E+0000  4.92042925172288E+0000  5.63278522917728E+0000
2.427  7.57299980000000E+0000  7.57299980000000E+0000  2.45141098714265E+0000
2.339  7.66099980000000E+0000  2.35146445110760E+0000  2.33900020000000E+0000
 1.59002693888393E+0001
