1.844  5.06242290942286E+0000  2.73496845030186E+0000  1.85211399394090E+0000
0.698  9.24249602206176E+0000  3.46815817929910E+0000  8.10270447662270E+0000
1.111  1.11100026107305E+0000  1.11100020253137E+0000  1.66711464965128E+0001
1.570  1.57000025178866E+0000  1.57000025431106E+0000  1.57000020184627E+0000
1.568  4.92575286042862E+0000  1.56800020000000E+0000  8.51247865280633E+0000
0.851  1.85332905038764E+0000  6.36925316523904E+0000  1.68579625258815E+0001
1.632  1.63200020000000E+0000  1.63200020000000E+0000  1.37764298190528E+0001
1.741  5.01187395325683E+0000  5.75899980000000E+0000  4.12657265515318E+0000
1.822  4.74174150525004E+0000  5.67799977968208E+0000  7.67839463704962E+0000
0.692  7.13331542025110E-0001  7.13611648115870E-0001  3.51251652689334E+0000
1.351  1.35100022446176E+0000  6.14899977377118E+0000  5.16766763529034E+0000
2.395  2.59442914885367E+0000  5.10499980000000E+0000  1.12622212580018E+0001
2.476  7.52354492002093E+0000  2.50144488529045E+0000  5.55712811904098E+0000
0.926  5.44971831569008E+0000  6.53329473060075E+0000  1.02181281489094E+0001
1.648  4.11384826058455E+0000  1.67937586035259E+0000  1.60788759324910E+0001
1.125  5.02314759684886E+0000  6.17688785739252E+0000  1.18542609603442E+0000
2.056  7.91077303681307E+0000  2.16105752698598E+0000  1.56812265575642E+0001
1.357  1.35700020833802E+0000  6.14299977701678E+0000  7.87565474746884E+0000
1.986  1.98600021066416E+0000  5.36839810619085E+0000  1.98600020000000E+0000
0.661  6.75494878203290E-0001  4.76709786201765E+0000  6.53783387322714E+0000
1.844  4.91597884210715E+0000  1.84400020000000E+0000  1.26570018554552E+0001
0.698  8.63662639050820E-0001  8.60097845310240E-0001  1.15392056968684E+0001
1.111  5.52347971756864E+0000  3.82996102143444E+0000  9.81758363200897E+0000
1.570  8.36260774495124E+0000  5.87267681335618E+0000  1.61824349774599E+0001
1.568  1.60118685603204E+0000  3.70482197247951E+0000  1.62141465710823E+0001
0.851  3.69635593055661E+0000  8.51000201547470E-0001  1.04685096376190E+0001
1.632  8.36799980000000E+0000  1.63200021512257E+0000  1.63200020000000E+0000
1.741  8.25608252390434E+0000  5.73747134447774E+0000  8.27961693357815E+0000
1.822  8.17799972637102E+0000  1.82200020000000E+0000  9.75031919705718E+0000
0.692  6.01772901426159E+0000  7.08148073803520E-0001  1.70732562679211E+0001
1.351  1.35100020000000E+0000  6.14899980000000E+0000  1.46380867013693E+0001
2.395  7.60499980000000E+0000  5.10499980000000E+0000  1.23342458421846E+0001
2.476  2.55937582403095E+0000  2.52373036650789E+0000  5.37547707216008E+0000
0.926  9.55753401053280E-0001  3.88646679516624E+0000  8.11114054815485E+0000
1.648  1.64800020000000E+0000  1.69296275909865E+0000  9.31077872238326E+0000
1.125  8.76484428720589E+0000  1.22835772359686E+0000  1.26703678033059E+0001
2.056  4.74292136423806E+0000  5.44399974511877E+0000  1.57261465461095E+0001
1.357  8.64299970200344E+0000  6.14299978361647E+0000  5.13547525235321E+0000
1.986  8.01399980000000E+0000  5.21519647963441E+0000  1.98600020296539E+0000
0.661  6.83003847270280E-0001  3.44154239178251E+0000  6.83000415008380E-0001
 1.77821467710823E+0001