2.221  2.27685630988521E+0000  5.27899980000000E+0000  9.14046111709288E+0000
2.281  7.71637214120754E+0000  2.28100020000000E+0000  2.33254782096741E+0001
1.375  1.46623147941501E+0000  1.46015939025327E+0000  2.65052748526479E+0001
2.269  7.21248126351060E+0000  5.23099980000000E+0000  2.71525380480599E+0001
1.658  5.12509411645411E+0000  1.65800020000000E+0000  1.33656738412844E+0001
2.200  7.22096450578514E+0000  5.29999980000000E+0000  2.20000020000000E+0000
1.579  1.57900020000000E+0000  5.92099980000000E+0000  2.29481047990169E+0001
2.491  2.76035551835875E+0000  5.00899980000000E+0000  1.39925844710297E+0001
1.605  8.39499980000000E+0000  1.60500034974880E+0000  1.60500024390806E+0000
1.670  3.58869361401842E+0000  1.71327566011399E+0000  1.65561469123521E+0001
2.048  7.60162743189633E+0000  5.45199980000000E+0000  1.32423550468343E+0001
1.879  4.88639157648655E+0000  1.87900020000000E+0000  2.64046662104717E+0001
2.317  2.31700020000000E+0000  2.31700020000000E+0000  5.70267199866067E+0000
1.830  4.76161725560551E+0000  5.66483969278476E+0000  3.08383931258590E+0001
2.326  7.67399980000000E+0000  2.32600020343485E+0000  5.58153311685716E+0000
1.291  5.07703010951842E+0000  6.16743230649762E+0000  1.11215103923864E+0001
1.365  8.56889063575790E+0000  6.01779507533329E+0000  5.50374091703368E+0000
1.897  5.19078725126356E+0000  5.60299980000000E+0000  2.35290136420933E+0001
1.873  5.43835599810812E+0000  1.87300020000000E+0000  1.96905540881883E+0001
2.240  7.75999980000000E+0000  5.25999980000000E+0000  1.99250220289134E+0001
2.221  6.87057527589971E+0000  2.22100020000000E+0000  3.04666149712773E+0001
2.281  7.71899980000000E+0000  2.34092099662984E+0000  1.62502876234416E+0001
1.375  1.43929970453053E+0000  6.01173566134513E+0000  5.63914330790072E+0000
2.269  2.78732339564219E+0000  2.26900020000000E+0000  2.28483028865402E+0001
1.658  5.93572774932673E+0000  5.84199980000000E+0000  1.65297732130221E+0001
2.200  7.79938399541015E+0000  5.29951813000361E+0000  8.99597160939241E+0000
1.579  8.42099980000000E+0000  1.57900020000000E+0000  2.70551295300114E+0001
2.491  2.49100020000000E+0000  5.00899980000000E+0000  1.89672980994829E+0001
1.605  1.60852088261612E+0000  1.60904735273082E+0000  1.61585578798276E+0000
1.670  8.31003882254796E+0000  5.81572106452867E+0000  3.09729741275443E+0001
2.048  5.06641147787082E+0000  2.04800020000000E+0000  9.08225852411786E+0000
1.879  5.00544162661957E+0000  1.87900020000000E+0000  2.36267981826585E+0000
2.317  2.31700020000000E+0000  5.18299980000000E+0000  2.67017072337899E+0001
1.830  1.83000020000000E+0000  1.83000020000000E+0000  1.12177971784684E+0001
2.326  2.32600020000000E+0000  2.32600020000000E+0000  3.03616149682358E+0001
1.291  1.36608959854199E+0000  1.38002889511784E+0000  1.44609497053106E+0001
1.365  8.56480979519514E+0000  5.96523764126867E+0000  2.36398868178491E+0001
1.897  4.98841802849664E+0000  5.59216556440314E+0000  5.90878235930359E+0000
1.873  8.12699980000000E+0000  1.96316829083810E+0000  1.15317169015986E+0001
2.240  2.65598311216426E+0000  5.25999980000000E+0000  2.24000020000000E+0000
 3.26876151712773E+0001
