0.717  9.17723486281482E+0000  7.90987144112660E-0001  8.77279834183634E+0000
0.895  6.22634745291598E+0000  9.66622251378530E-0001  9.52434544265290E-0001
1.068  8.91548981440278E+0000  3.92829319162804E+0000  1.07662436072915E+0000
1.195  6.84908884548210E+0000  3.80499976508536E+0000  1.11426389027528E+0001
1.418  1.78475362981902E+0000  3.58199980000000E+0000  1.30635236487234E+0001
1.492  6.32224876432279E+0000  3.50799980000000E+0000  1.49200020783067E+0000
1.327  6.66551490572891E+0000  1.32700020000000E+0000  1.31479608976629E+0001
0.650  7.25091494707631E+0000  4.34177978783157E+0000  7.12607361813301E+0000
1.508  8.49199980000000E+0000  3.49199980000000E+0000  1.32661000438795E+0001
0.857  9.05523776977861E+0000  4.05258055452122E+0000  1.10023832489873E+0001
1.637  1.63700020000000E+0000  1.63700020000000E+0000  1.07123169642099E+0001
1.591  5.27601738000648E+0000  1.59100026006460E+0000  1.05217918086899E+0001
1.564  8.43599980000000E+0000  1.56400020123087E+0000  1.08748358689955E+0001
1.473  8.52699922582533E+0000  1.47300055290028E+0000  4.73511840186064E+0000
1.206  3.44596680232226E+0000  3.33172619060270E+0000  9.32012627949435E+0000
1.359  8.64099938552549E+0000  3.64099980000000E+0000  8.82838059670903E+0000
1.299  4.71828003349810E+0000  1.30319907023011E+0000  7.69982254309831E+0000
1.493  8.50699973410432E+0000  1.49300034875763E+0000  1.76925167507562E+0000
0.674  3.65186092449620E+0000  4.22656193694796E+0000  1.39996367931775E+0001
1.190  3.94149048069598E+0000  3.80999980000000E+0000  1.16150181170900E+0001
0.727  6.25636712004715E+0000  8.18766814892260E-0001  5.60553457018885E+0000
0.714  9.25978695313888E+0000  7.37921179104220E-0001  6.69020685524831E+0000
1.153  1.15450678330946E+0000  3.84610760789096E+0000  9.07523303250250E+0000
1.028  8.94876516831165E+0000  1.03382485739663E+0000  1.37247978762332E+0001
1.335  3.71847847738910E+0000  3.66499980000000E+0000  6.81586009830342E+0000
0.717  3.32957507901449E+0000  7.80188561629970E-0001  9.19616838813671E+0000
0.895  9.18897275188770E-0001  9.27724208374840E-0001  5.09452955782298E+0000
1.068  1.06800031732446E+0000  1.06800032978471E+0000  1.06800023680005E+0000
1.195  1.81174284570524E+0000  1.19500021238555E+0000  3.20151590380611E+0000
1.418  7.43760083570460E+0000  1.42754078121040E+0000  7.58968765268626E+0000
1.492  3.86295596563268E+0000  1.49508759394283E+0000  1.49200024023367E+0000
1.327  4.10540434841545E+0000  3.67299980000000E+0000  3.35171099533350E+0000
0.650  2.25715560633361E+0000  4.27012624379524E+0000  1.07004470419162E+0001
1.508  3.83876598761621E+0000  1.50800020000000E+0000  1.32661000485671E+0001
0.857  9.02004862931330E-0001  4.07199669650332E+0000  7.06192807836836E+0000
1.637  1.63700020000000E+0000  1.63700020000000E+0000  7.43831654994323E+0000
1.591  6.22921033225276E+0000  3.40899966534975E+0000  5.33526297181451E+0000
1.564  1.56400023708621E+0000  3.43599979153252E+0000  4.79168186801516E+0000
1.473  3.86491567181905E+0000  1.47300020000000E+0000  5.06698619090269E+0000
1.206  8.69167587336758E+0000  3.78157260242943E+0000  3.36180155736515E+0000
1.359  5.89639497085918E+0000  3.59962683882161E+0000  8.42104567268177E+0000
1.299  5.59174410423547E+0000  3.70099980000000E+0000  1.34751001008531E+0001
1.493  1.49300021768940E+0000  3.50347562300197E+0000  1.73625096556190E+0000
0.674  9.31732687961464E+0000  2.33830553862885E+0000  7.35651918902195E+0000
1.190  8.80999980000000E+0000  3.80999980000000E+0000  6.29060973394887E+0000
0.727  7.91133693641710E-0001  4.14884913627556E+0000  1.11107242984426E+0001
0.714  5.20511675795789E+0000  4.27749189890886E+0000  1.02610069976879E+0001
1.153  1.15300020000000E+0000  1.15300020000000E+0000  1.36211001003000E+0001
1.028  3.86667017761233E+0000  3.97199980000000E+0000  1.02800020000000E+0000
1.335  6.04740933335203E+0000  1.33500020000000E+0000  3.27930747432396E+0000
 1.47741003008531E+0001
