1.956  8.04399980000000E+0000  3.04399980000000E+0000  1.59063537781688E+0001
1.141  3.39873915030954E+0000  3.85899980000000E+0000  1.73286480845433E+0001
0.730  8.87376960222272E+0000  4.16916658982710E+0000  7.27726845846342E+0000
0.545  9.30165899504977E+0000  6.79963443385950E-0001  2.19049465983394E+0001
1.181  1.18530291186423E+0000  3.81619829292266E+0000  1.44001394502703E+0001
0.827  9.48157312310910E-0001  9.21076162192040E-0001  3.86109768033028E+0000
0.463  5.56669791429530E-0001  4.33469339512822E+0000  1.02177745912593E+0001
1.295  1.29500038905980E+0000  1.29500038905948E+0000  1.33972946254489E+0001
1.731  5.52584504717634E+0000  1.73100020000000E+0000  1.73100020000000E+0000
2.348  2.43692644753942E+0000  2.35831694009158E+0000  2.03279798619848E+0001
1.383  1.39803272562142E+0000  3.59214113094908E+0000  1.18531838052831E+0001
0.886  4.85411197805715E+0000  3.94884310905246E+0000  3.33561534646070E+0000
1.203  3.54257158254703E+0000  1.23506686193451E+0000  1.10082478084048E+0001
2.013  2.01300020000000E+0000  2.98699980000000E+0000  8.56696535151962E+0000
0.596  3.39052538655737E+0000  6.85529104434740E-0001  2.70024537025128E+0000
1.647  5.34296157986268E+0000  3.35299980000000E+0000  1.02162358422764E+0001
1.371  5.70453382825645E+0000  3.62899980000000E+0000  7.23271173500460E+0000
1.818  4.05585163831853E+0000  1.83938345194612E+0000  5.12185191728843E+0000
2.132  4.44242907671088E+0000  2.86799980000000E+0000  1.38541831023459E+0001
0.735  9.01522972239500E-0001  4.09517670148905E+0000  1.77197887498390E+0001
1.956  8.04399980000000E+0000  1.95600020000000E+0000  1.21486943967275E+0001
1.141  1.14100022826296E+0000  1.14100020892864E+0000  1.09710493955018E+0001
0.730  9.13916031508764E+0000  7.77023118444970E-0001  6.16507209218057E+0000
0.545  6.98589389071810E-0001  6.48445890755500E-0001  8.64681858030266E+0000
1.181  1.20197232052734E+0000  1.18532946142917E+0000  6.04160476717086E+0000
0.827  6.07463340266474E+0000  8.86250540485220E-0001  1.02450109350958E+0001
0.463  5.51708804586320E-0001  4.34538780353950E+0000  3.67215140123425E+0000
1.295  4.82875628517912E+0000  1.29500020000000E+0000  8.17770775542123E+0000
1.731  1.73100020000000E+0000  1.73100020000000E+0000  1.63598082315966E+0001
2.348  7.65199979205138E+0000  2.65199978385309E+0000  2.03279798502070E+0001
1.383  8.60914574465124E+0000  1.39352648202860E+0000  1.40867143877466E+0000
0.886  8.84793943510554E+0000  3.96460860326480E+0000  1.01046033723490E+0001
1.203  7.60265719265401E+0000  3.78629389117658E+0000  1.25179046090845E+0000
2.013  2.01300020000000E+0000  2.98699980000000E+0000  2.04710916991347E+0000
0.596  9.27526452681726E+0000  6.93085509368560E-0001  3.42142116893141E+0000
1.647  5.09278965598581E+0000  1.64700020000000E+0000  1.74296272904717E+0001
1.371  1.37100027879942E+0000  3.62899974378220E+0000  5.30703726047797E+0000
1.818  8.18199980000000E+0000  1.81800020484648E+0000  8.37974347061532E+0000
2.132  7.86799980000000E+0000  2.86799980000000E+0000  4.58482475646957E+0000
0.735  9.03814824952187E+0000  8.97558920476570E-0001  1.77147935062325E+0001
0.100  4.97832132779540E-0001  4.58250802457200E-0001  4.96331861563640E-0001
 2.26759800619848E+0001
