0.979  8.88209978691760E+0000  1.04690594996540E+0000  8.18555867129755E+0000
1.446  8.55399980000000E+0000  3.55399979096115E+0000  1.44600021089598E+0000
0.686  2.28546160053043E+0000  4.25574408398932E+0000  2.32466859867118E+0000
1.437  8.55578990741801E+0000  3.47153390000230E+0000  7.56226032070693E+0000
1.454  1.74728528457549E+0000  1.49859227813149E+0000  4.93480962209601E+0000
1.444  6.30895873213602E+0000  3.55599980000000E+0000  5.65924755722526E+0000
0.665  3.17782612783904E+0000  6.66931232647240E-0001  6.95337644653448E+0000
0.972  9.72000368006060E-0001  4.02799956026761E+0000  8.30383356642711E+0000
1.197  1.32593671977785E+0000  3.80299965987335E+0000  6.17576708369614E+0000
0.616  4.52348670805751E+0000  6.16000200729240E-0001  7.30847611421387E+0000
1.198  6.40448419615903E+0000  3.79994155579424E+0000  3.02721741588681E+0000
0.751  7.51000304663420E-0001  4.24899980000000E+0000  1.96233906062142E+0000
1.458  4.16282931930262E+0000  3.53417857495320E+0000  1.51977687306133E+0000
1.293  8.70699970338546E+0000  3.65814555368702E+0000  4.17874023251289E+0000
0.681  6.81000257751900E-0001  3.61347174724769E+0000  6.81000206636750E-0001
0.886  6.35234716208626E+0000  4.10103724888629E+0000  8.91829601644520E-0001
1.518  6.38078703861661E+0000  1.53973549879515E+0000  1.51800020000000E+0000
0.502  4.88323633475928E+0000  5.36625723302220E-0001  8.73736267530724E+0000
1.434  3.72263769235227E+0000  3.56599980000000E+0000  4.39681737608763E+0000
1.252  6.48911005133208E+0000  1.25200022414112E+0000  4.27088536287579E+0000
1.254  4.10966560643380E+0000  1.25400020000000E+0000  3.08144161346812E+0000
0.543  9.44510776442157E+0000  3.20914086982630E+0000  5.80591932766821E+0000
0.526  2.45100718405788E+0000  5.47471475654910E-0001  3.31085566336734E+0000
0.921  9.07899963239470E+0000  9.21000282021410E-0001  9.21000207933870E-0001
0.872  3.58680810134996E+0000  9.86095333597150E-0001  8.40383358571124E+0000
1.660  3.81513691922500E+0000  3.33999977380079E+0000  7.49938555248538E+0000
1.185  1.18500020291425E+0000  3.81283792172172E+0000  3.79796007469545E+0000
1.310  8.68999979534419E+0000  1.50803927841475E+0000  5.64583451451045E+0000
0.468  9.53199980000000E+0000  4.53199978621880E+0000  8.80783358178040E+0000
0.928  3.97722208252578E+0000  9.28000905632780E-0001  9.28000311166420E-0001
0.622  7.00207354074502E+0000  6.22000200000000E-0001  5.95962629697275E+0000
1.498  6.37793209016142E+0000  1.51585219768246E+0000  7.77783359098819E+0000
1.642  1.64214872622306E+0000  1.72959181086283E+0000  1.64200021371237E+0000
1.285  8.71499980000000E+0000  1.33719984694328E+0000  3.05658441744256E+0000
0.974  6.27866947074899E+0000  3.98027518477995E+0000  8.27105512790020E+0000
0.640  6.40000216813770E-0001  6.40000219302950E-0001  3.37866784578935E+0000
0.590  8.14863420597628E+0000  4.40999980000000E+0000  5.81233556591240E+0000
1.243  4.35681202164519E+0000  1.24300020000000E+0000  5.56635870502046E+0000
1.421  1.42100020000000E+0000  1.42268790564394E+0000  7.79022626554496E+0000
0.790  2.08249930207186E+0000  4.13696335299304E+0000  8.17795846298060E-0001
 9.27583379098819E+0000