0.755  6.84599925057279E+0000  3.15918017078776E+0000  7.55000279292130E-0001
0.906  7.73085784164916E+0000  9.06000215464590E-0001  2.30816008566826E+0000
0.767  2.23243705169766E+0000  2.21486331377041E+0000  7.67000233758190E-0001
0.851  5.29906498175300E+0000  2.20549155263790E+0000  8.51000252909230E-0001
0.635  3.84192805059816E+0000  4.36499978198760E+0000  6.35000302746740E-0001
0.810  9.18999980000000E+0000  2.79871019338833E+0000  8.10000200000000E-0001
0.711  6.72241443166576E+0000  1.83862713734722E+0000  1.37951911791003E+0000
0.690  6.90000200000000E-0001  6.90000200000000E-0001  2.52822163293396E+0000
0.946  2.32434600335179E+0000  4.04911125226153E+0000  9.46001262315150E-0001
0.868  8.97716642126274E+0000  2.16775436037683E+0000  2.35022164036047E+0000
0.656  9.34399970402450E+0000  4.34399895915575E+0000  6.56000859115060E-0001
0.966  5.36930398657418E+0000  4.01748825485636E+0000  9.66000200000000E-0001
0.790  7.90000203747450E-0001  2.80060836537470E+0000  7.90000200000000E-0001
0.854  5.79619903327476E+0000  2.81795041149734E+0000  2.36254881041115E+0000
0.813  4.22203947348931E+0000  2.27105821356024E+0000  2.40522161796562E+0000
0.938  7.08337763823640E+0000  4.06199980000000E+0000  2.28022164265726E+0000
0.982  5.53983188177419E+0000  9.82000213348500E-0001  2.23622163486420E+0000
0.770  7.93057300153038E+0000  4.22999975725240E+0000  8.06687524230870E-0001
0.673  5.98692333201161E+0000  6.73003717756170E-0001  6.73000917098300E-0001
0.754  3.83403897429292E+0000  7.54000213921820E-0001  2.46422159605631E+0000
0.667  9.33299881354054E+0000  6.67001269839630E-0001  2.55122145567734E+0000
0.869  3.71986701626731E+0000  2.88637502447711E+0000  8.81551455205830E-0001
0.665  7.87811489073887E+0000  2.05587417770311E+0000  6.65000200000000E-0001
0.629  7.97016658535297E+0000  2.99844456155422E+0000  1.54677375157508E+0000
0.864  2.22385909788850E+0000  8.68655542640830E-0001  2.35422047880129E+0000
0.939  3.97876341198339E+0000  4.06099976744708E+0000  2.26735736005816E+0000
0.725  7.38299070598244E+0000  7.25005510788040E-0001  7.25000758846930E-0001
0.694  7.28539155432952E+0000  2.42747271049803E+0000  2.52422164560781E+0000
0.631  3.22874964462677E+0000  1.64466512092483E+0000  1.56489773296342E+0000
0.920  9.36935439906690E-0001  4.02408675962871E+0000  2.29662645600037E+0000
0.641  2.44562704680850E+0000  4.35407851537747E+0000  2.56894475433002E+0000
0.663  5.53033148710724E+0000  4.33699978515959E+0000  2.55522165212323E+0000
0.707  7.07000222018790E-0001  4.29299980000000E+0000  7.07000255687910E-0001
0.984  9.01599980000000E+0000  4.01599975375596E+0000  2.23422160562582E+0000
0.874  9.33810334780160E-0001  2.22388346156859E+0000  2.34422165550188E+0000
0.738  2.62016374507217E+0000  7.38349471420360E-0001  7.38397368779760E-0001
0.951  9.72345793924200E-0001  1.04517887089633E+0000  9.51086145746180E-0001
0.961  9.03899980000000E+0000  9.61000201750630E-0001  9.77209009312010E-0001
0.853  4.26254165199917E+0000  8.53000210855030E-0001  8.53000252885100E-0001
0.904  2.60302871738075E+0000  2.83551687102987E+0000  2.31422144560417E+0000
 3.21822185550188E+0000