2.055  7.91551957471388E+0000  2.08501586501040E+0000  2.37707918395039E+0001
1.111  1.31004957101070E+0000  1.30019141730037E+0000  1.09840618543357E+0001
1.078  4.44482839371547E+0000  6.42199974213697E+0000  8.38634418731915E+0000
2.277  6.84604626581330E+0000  2.27700020000000E+0000  2.27700020000000E+0000
1.650  4.31595706967822E+0000  1.68389891271267E+0000  1.62133047321105E+0001
2.055  2.06679907570274E+0000  5.41134600683693E+0000  2.35851760226079E+0000
1.111  8.53922285958114E+0000  1.26548739784808E+0000  1.37455427442247E+0001
1.078  1.19237713221223E+0000  1.12261785523471E+0000  8.61777016434137E+0000
2.277  2.27700020000000E+0000  5.22299980000000E+0000  1.06488535196891E+0001
1.650  5.85914705345840E+0000  5.84999980000000E+0000  1.73829019837115E+0001
2.055  7.94499980000000E+0000  5.11024188570799E+0000  2.03542660203800E+0001
1.111  8.59168832780591E+0000  1.28636930563471E+0000  2.03843766271862E+0001
1.078  1.40042380738752E+0000  6.35785662682640E+0000  2.58747878078235E+0001
2.277  7.39524466312899E+0000  5.22299978027261E+0000  9.44155604126875E+0000
1.650  1.65000020000000E+0000  5.84999980000000E+0000  6.82327197264257E+0000
2.055  5.11160304415561E+0000  2.05500022012302E+0000  1.26014975188428E+0001
1.111  5.11326543116443E+0000  1.18526257774804E+0000  5.14592757525361E+0000
1.078  1.14755632355437E+0000  6.15697324413782E+0000  2.81264220044634E+0001
2.277  2.27700040386950E+0000  2.33899742939254E+0000  2.69861935883004E+0001
1.650  8.34150458747905E+0000  1.65720667958756E+0000  1.08081354879532E+0001
2.055  5.21814432348592E+0000  2.05500020304389E+0000  2.00051804705830E+0001
1.111  4.76351930440641E+0000  1.24030102216613E+0000  2.45220104187469E+0001
1.078  8.85904267196455E+0000  1.26474053097549E+0000  2.78001038987317E+0001
2.277  2.27700020000000E+0000  5.22299980000000E+0000  1.97229088595879E+0001
1.650  6.08632983959327E+0000  1.65000028694114E+0000  2.76462138854628E+0001
2.055  7.94499710727306E+0000  2.05500194298321E+0000  1.69300570256965E+0001
1.111  1.26399369246847E+0000  6.30061623358592E+0000  2.29076742429935E+0001
1.078  8.79782643177802E+0000  4.61663648469032E+0000  4.38131217516317E+0000
2.277  2.66927826402111E+0000  5.20256723478106E+0000  1.51858811895159E+0001
1.650  3.90751817973889E+0000  5.84999884247227E+0000  2.76462096231548E+0001
2.055  7.94499980000000E+0000  2.05500020000000E+0000  6.53849290315082E+0000
1.111  8.56860215230296E+0000  6.22472866334198E+0000  2.35963018593695E+0001
1.078  4.86748455193551E+0000  4.73309844533457E+0000  1.09065155899668E+0000
2.277  4.90719592400698E+0000  5.22299980000000E+0000  2.34405680715998E+0001
1.650  3.02046465667683E+0000  1.65000024835197E+0000  1.65000020000000E+0000
2.055  2.05500020000000E+0000  2.29012504064998E+0000  5.16925390739666E+0000
1.111  1.19038648102126E+0000  4.57189756102053E+0000  2.45016361770170E+0001
1.078  5.69594138056489E+0000  6.40427118223330E+0000  2.21349646601897E+0000
2.277  7.72299980000000E+0000  5.22299980000000E+0000  1.39837467789714E+0001
1.650  1.65000022760501E+0000  1.65000023601494E+0000  1.38586010538597E+0001
2.055  4.36630223128756E+0000  2.05500020000000E+0000  8.55963774419899E+0000
1.111  1.14565176055584E+0000  3.30033785205556E+0000  8.06289971736784E+0000
1.078  8.75226711554355E+0000  6.26289961143839E+0000  6.24110073737317E+0000
2.277  7.72299980000000E+0000  5.16418806400117E+0000  2.70192143183389E+0001
1.650  1.65828898415708E+0000  1.65651518585190E+0000  1.81845160389715E+0001
2.055  2.05500020000000E+0000  2.05500020000000E+0000  2.26692153172510E+0001
1.111  4.78082139333872E+0000  6.35708265124282E+0000  1.26753254388257E+0001
1.078  8.80482966318943E+0000  6.22339029729947E+0000  1.72700828745597E+0001
2.277  5.23776784700271E+0000  5.22299980000000E+0000  5.35489655888645E+0000
1.650  8.34999980000000E+0000  5.84999980000000E+0000  1.65000020000000E+0000
 2.92962145183389E+0001