1.000  3.88337481437122E+0000  6.81748021311837E+0001  3.79707758749631E+0001
2.000  4.69577327711466E+0001  5.64020452318988E+0001  2.83035959332288E+0001
3.000  3.94499686794831E+0001  3.96729105242603E+0000  6.66837463181610E+0001
4.000 -2.09078134241955E+0001  7.44147888694962E+0001  3.91022693790217E+0000
5.000 -2.87134520377971E+0000  1.76280721358580E+0001 -3.07801126209093E+0001
6.000  4.00975629731802E+0001  5.87436157053642E+0001 -3.14172625909235E+0001
7.000  4.88300992299084E+0001 -3.18629760332197E+0001 -4.74091849623158E+0001
8.000 -6.60806578430313E+0001 -2.86522400866259E+0001  3.09066368945992E+0001
9.000  5.30608298635256E+0001 -5.04694502935321E+0001  2.24839927862049E+0001
10.000  7.56943837665989E+0001  1.33963148063873E+0001 -2.52324698577478E+0000
11.000 -5.94724054543806E+0001  4.73280462730059E+0001  1.04786087681902E+0001
12.000  5.46958693864968E+0001  3.52967302334939E+0001  3.89241210158094E+0001
13.000 -4.29105180254344E+0001  1.87134491457719E+0001 -5.94935222024408E+0001
14.000 -6.93306699119650E+0001  1.37065331749450E+0001 -2.40736554742795E+0001
15.000 -6.52151563802881E+0001 -3.40566153094356E+0001  5.79002423400021E+0000
16.000  6.67579667480231E+0001 -2.57821419140082E+0001 -1.47472612909825E+0001
17.000 -2.30154180979612E+0001 -6.73574209936755E+0001 -1.18070654702292E+0001
18.000  5.93549038545777E+0001  3.76282930145141E+0001  8.12816070139885E+0000
19.000  8.09994979473045E+0000  5.25083291013021E+0001 -4.57170462751550E+0001
20.000  2.54609937739674E+0001 -5.14243023332571E+0001  3.85939699063458E+0001
21.000  1.22592499350449E+0001 -2.59047872140232E+0001 -6.18349637423317E+0001
22.000 -7.02135606574230E+0000  1.74617592078483E+0001 -6.40551201971842E+0001
23.000  1.25922367103326E+0001 -1.80062487126017E+0001  6.23979622664450E+0001
24.000 -2.71972126416246E+0001  6.75244992394931E+0000  5.88192499563983E+0001
25.000 -2.78385035501388E+0001  4.89466812247443E+0001  3.07395701591050E+0001
26.000 -1.13385188794543E+0000  6.08342030534597E+0000  7.49650805138934E+0000
27.000  1.67475664083984E+0001  3.14091885711405E+0001  5.09514344509794E+0001
28.000 -5.82085998793952E+0001  7.71159169328860E+0000  1.70894716449488E+0001
29.000  1.67221598824930E+0001  5.77620270903158E+0001  1.53960869126546E+0000
30.000 -3.43715788857994E+0001  4.20543640119670E+0001 -2.34343805882907E+0001
31.000  5.13314899772071E+0001 -7.98827071699391E+0000  2.61362584657361E+0001
32.000 -2.49090794580931E+0001 -4.18117266493793E+0001  2.99641217128639E+0001
33.000  2.34208008274967E+0001 -4.89887033922062E+0001 -1.43107257533055E+0001
34.000  4.10242641598816E+0001  1.23463141706771E+0001 -3.47346404360967E+0001
35.000 -3.60748245328544E+0001 -2.20891818997452E+0001 -3.38124955030434E+0001
 8.91535779278360E+0001
