1.554  8.44599979879970E+0000  4.02530700150312E+0000  9.76627506540874E+0000
1.468  1.46800020891397E+0000  3.87640323971035E+0000  7.79780211433248E+0000
1.314  5.27618035195668E+0000  1.31400021134567E+0000  3.18622171381444E+0000
1.488  1.66684242429662E+0000  6.01165948778222E+0000  9.83227529027479E+0000
1.401  6.32649115140739E+0000  6.28646476960778E+0000  5.94140126594666E+0000
1.479  8.41820306878516E+0000  6.15556672043193E+0000  3.95096206329157E+0000
1.662  1.66200131560950E+0000  8.33799662239366E+0000  4.09006836894855E+0000
1.610  8.38699501521777E+0000  1.62066925753437E+0000  3.92957577125509E+0000
1.500  6.04124910072431E+0000  1.68270288422136E+0000  9.82027493822718E+0000
1.494  8.50599980000000E+0000  8.49796270477574E+0000  5.79910430084158E+0000
1.645  8.35499941811317E+0000  3.96917134604784E+0000  1.66619970325091E+0000
1.267  8.73299980000000E+0000  8.73299976990256E+0000  3.05750764848803E+0000
1.305  6.85085746092017E+0000  8.69499977854686E+0000  1.30500020000000E+0000
1.322  1.32200074639398E+0000  5.31006949870882E+0000  3.27994771345694E+0000
1.292  8.70799917307964E+0000  6.87971180530412E+0000  1.29200046304439E+0000
1.395  3.37273491350465E+0000  3.30885014113494E+0000  3.37159328588455E+0000
1.392  1.39200054313997E+0000  3.36159157738842E+0000  1.39200201972284E+0000
1.296  1.29600020244163E+0000  3.40090718622638E+0000  5.08044718729223E+0000
1.342  3.72722968138771E+0000  3.71442244301091E+0000  6.05506441077816E+0000
1.626  3.97170616664433E+0000  8.37399525632054E+0000  1.75021131537350E+0000
1.458  3.86945022879451E+0000  1.45800043439015E+0000  7.82463814137206E+0000
1.482  6.27270229477466E+0000  8.51799980000000E+0000  7.76596956993755E+0000
1.583  3.82258305277081E+0000  3.82175124072027E+0000  9.73727532311626E+0000
1.535  6.12700155754208E+0000  3.84002482485872E+0000  7.63697819605361E+0000
1.284  3.37327901599224E+0000  1.28400027807775E+0000  5.12573883551520E+0000
1.533  1.53300020836228E+0000  8.39587309384650E+0000  7.28194317547892E+0000
1.252  8.74799965095334E+0000  1.25200022850415E+0000  1.00682753175376E+0001
1.587  6.14751188576897E+0000  6.16580884622977E+0000  9.73327511631253E+0000
1.334  1.33400218525006E+0000  5.91017376151135E+0000  5.86723806785297E+0000
1.316  1.31600051205430E+0000  1.31600038580855E+0000  6.71526225580584E+0000
1.408  5.37199557404110E+0000  3.37264877996809E+0000  1.40800020000000E+0000
1.485  6.14283504228356E+0000  8.40275914076225E+0000  3.98779761524473E+0000
1.545  3.90541183493235E+0000  6.05408740411776E+0000  4.27908356775624E+0000
1.559  1.55900020000000E+0000  1.57439874531082E+0000  9.76127531999993E+0000
1.480  8.51999979331623E+0000  1.48000036671370E+0000  7.35536944302551E+0000
1.307  7.13101189330930E+0000  1.30700110398448E+0000  1.30700892908996E+0000
1.466  8.53399969842169E+0000  6.29039203153167E+0000  7.77076787620965E+0000
1.362  4.09015317998571E+0000  8.63799980000000E+0000  5.94651412637360E+0000
1.538  6.16314204987974E+0000  3.93187190544562E+0000  4.19013518332454E+0000
1.451  6.00540049754210E+0000  1.45100020000000E+0000  5.84980882538408E+0000
1.379  1.37900026871973E+0000  1.37900025312851E+0000  3.33098134243579E+0000
1.594  3.78569647838244E+0000  6.20863079601003E+0000  7.60283877342785E+0000
1.530  4.04302495256167E+0000  8.46441225243379E+0000  9.79027532163356E+0000
1.312  1.31200109250188E+0000  7.20532096717687E+0000  1.31200718034411E+0000
1.269  1.26900020000000E+0000  8.73099980000000E+0000  1.00512753105325E+0001
1.489  6.11063036728367E+0000  6.11615758336647E+0000  2.08479377572307E+0000
1.520  8.47999980000000E+0000  8.47999980000000E+0000  9.80027532154700E+0000
1.431  3.36033832501378E+0000  5.38482170772008E+0000  1.43100057070663E+0000
1.437  8.56299980000000E+0000  4.03325147142885E+0000  5.94542207103468E+0000
1.369  3.30306798993094E+0000  1.36900089736301E+0000  1.36900022437084E+0000
 1.13202755231162E+0001