0.654  2.25161570160239E+0000  5.84711790364226E+0000  2.14824315413980E+0000
0.859  2.32115438400304E+0000  8.59000348888050E-0001  1.95024034510646E+0000
0.635  8.00675469631314E+0000  1.98361988981647E+0000  6.35000215079490E-0001
0.896  9.10225352482210E+0000  5.24806246802295E+0000  8.96000215334950E-0001
0.683  5.24778636959205E+0000  3.52367953331015E+0000  6.83000710428960E-0001
0.669  6.92574112697337E+0000  6.81801210884667E+0000  2.13692221175708E+0000
0.993  4.93864849893979E+0000  5.14149045736351E+0000  9.93000472105530E-0001
0.842  3.61147118440939E+0000  8.42000300269170E-0001  8.42000231841380E-0001
0.874  2.10477331668225E+0000  4.96990724380762E+0000  8.74000334856850E-0001
0.903  9.03000236881580E-0001  6.59319418072811E+0000  1.90624033750769E+0000
0.779  7.79000337675240E-0001  3.98720048102121E+0000  7.79004997698970E-0001
0.752  1.12900535044384E+0000  2.11224257730539E+0000  2.05207008434403E+0000
0.912  9.08781073886433E+0000  9.12194582818530E-0001  9.12297020060300E-0001
0.722  5.14543025185825E+0000  6.77799972913381E+0000  2.08724035926951E+0000
0.835  2.16695575690924E+0000  2.12474126625571E+0000  8.35000242943650E-0001
0.901  7.87678007423491E+0000  6.59344275312083E+0000  9.01000298823400E-0001
0.695  6.58971917071964E+0000  4.95572319538365E+0000  6.95000729613240E-0001
0.798  9.16085126663008E+0000  6.52181406021043E+0000  2.01124038388832E+0000
0.832  7.85720774797027E+0000  2.55643513561799E+0000  1.97724037288701E+0000
0.904  9.04000286675110E-0001  9.31296831674100E-0001  9.04000328567130E-0001
0.687  8.06623804198426E+0000  6.87914248646880E-0001  2.12202573128247E+0000
0.699  5.85928536551897E+0000  6.99000342505040E-0001  6.99000478351500E-0001
0.705  4.56042157675503E+0000  6.78143364804319E+0000  7.11373583486710E-0001
0.879  3.70237298740866E+0000  3.63825739097726E+0000  8.79000250124090E-0001
0.737  7.44291019803074E+0000  7.37000232755160E-0001  7.37000264394470E-0001
0.654  3.43035726856094E+0000  5.74263206795794E+0000  6.64971197567860E-0001
0.859  6.11753526019911E+0000  6.56352278025098E+0000  8.59000223399180E-0001
0.635  9.36499980000000E+0000  6.86499980000000E+0000  6.35000200050620E-0001
0.896  3.51859156338259E+0000  2.20745395977942E+0000  1.91324036969794E+0000
0.683  4.58672088593495E+0000  3.95789634552205E+0000  2.12623995664688E+0000
0.669  6.70082113169050E-0001  3.46429606944918E+0000  2.13603502745943E+0000
0.993  6.34302039053269E+0000  2.29350039730970E+0000  9.93000281191130E-0001
0.842  7.51682092140160E+0000  3.73865596452982E+0000  8.42000539930180E-0001
0.874  3.56397225819054E+0000  6.62599969261490E+0000  1.93524033011375E+0000
0.903  7.61940527089656E+0000  5.11774950218243E+0000  1.90624015229364E+0000
0.779  9.02799217586230E-0001  4.91284888858762E+0000  2.02835549528785E+0000
0.752  9.24799970795169E+0000  2.59139621201875E+0000  7.52000369499460E-0001
0.912  2.23334690101916E+0000  3.51092975076982E+0000  1.89692194480329E+0000
0.722  5.06835419695125E+0000  2.63860162192718E+0000  2.08723955695504E+0000
0.835  3.41170457951489E+0000  4.92424286409891E+0000  1.97424034294446E+0000
0.901  9.09899980000000E+0000  3.76328306517144E+0000  1.90824034774867E+0000
0.695  6.95000240202770E-0001  2.51799491905315E+0000  6.95000651725910E-0001
0.798  6.58920212067804E+0000  7.98001568061930E-0001  2.01124032826335E+0000
0.832  2.26338210653841E+0000  6.66799951799392E+0000  8.32000217922280E-0001
0.904  6.15757807285463E+0000  4.00419490378271E+0000  1.90523743778553E+0000
0.687  6.87000529459000E-0001  5.59574649666930E+0000  6.87000743864600E-0001
0.699  6.11378091425548E+0000  5.63155406223736E+0000  2.10935115653887E+0000
0.705  9.29043075198668E+0000  2.00104354693914E+0000  2.09918413614689E+0000
0.879  4.93084970480380E+0000  1.03387636481667E+0000  1.93024032573170E+0000
0.737  4.64476325254605E+0000  2.08544208784902E+0000  7.37000231830160E-0001
 2.80924058388832E+0000
