0.733  8.54706062965592E+0000  3.84914599278264E+0000  7.71146378838020E-0001
0.949  5.83734298498088E+0000  9.86225915330270E-0001  9.86741997546250E-0001
0.644  6.52709666301295E+0000  6.70900671540630E+0000  1.29060938324145E+0000
0.758  9.18187467848472E+0000  5.16992854667762E+0000  1.17635305266451E+0000
0.808  7.55126684549662E+0000  2.18382119354084E+0000  8.75452452868200E-0001
0.629  6.67636545966360E-0001  2.65591377237320E+0000  7.50162428377030E-0001
0.802  9.17299394423802E+0000  2.46465865325872E+0000  1.12745878235007E+0000
0.631  7.71223947456323E+0000  6.79794778186039E+0000  6.92847358587730E-0001
0.735  5.89003451298635E+0000  5.48186244446657E+0000  8.28333020079730E-0001
0.812  9.05296737608204E+0000  8.39923348833340E-0001  9.02325953393880E-0001
0.774  8.42965298294980E-0001  6.69826445222104E+0000  8.25399895406000E-0001
0.869  4.53915819549898E+0000  2.47413555855751E+0000  9.29528930755530E-0001
0.688  2.70711621421032E+0000  6.97587526218270E-0001  7.21555951337720E-0001
0.737  4.10659193283670E+0000  8.63094828100320E-0001  1.13029334590370E+0000
0.689  3.97144823127319E+0000  6.76187681189321E+0000  1.25353168255244E+0000
0.650  5.27391274798631E+0000  6.79916334669419E+0000  7.14892169487610E-0001
0.973  2.66697584927922E+0000  2.34533034750403E+0000  9.99730677419970E-0001
0.745  4.21600217458706E+0000  5.40011523897018E+0000  7.85998014553750E-0001
0.779  2.46606013043364E+0000  6.68365038309787E+0000  1.01104504169554E+0000
0.785  1.61330736523622E+0000  3.75835840517975E+0000  8.21494103876830E-0001
0.995  1.03385276699975E+0000  1.03855729927307E+0000  9.95000200000000E-0001
0.639  7.46438023600877E+0000  6.90504460455640E-0001  1.19395836921971E+0000
0.694  6.10332731675078E+0000  2.63481690538444E+0000  1.23891411818235E+0000
0.928  6.88160323232759E+0000  4.07643751595258E+0000  9.98735944004070E-0001
0.842  3.42984666803129E+0000  4.01574564934240E+0000  1.08012930577520E+0000
0.677  7.76281921237708E+0000  5.44686648686394E+0000  7.64421435892760E-0001
0.759  9.14105225707097E+0000  6.70553384179960E+0000  9.28100280351840E-0001
0.794  5.11792822956318E+0000  4.09034369103152E+0000  1.06892786593173E+0000
0.709  2.37456927059581E+0000  5.17389358561988E+0000  7.71304641971720E-0001
0.814  8.30830936225810E-0001  5.12867612358310E+0000  1.14735474569179E+0000
 1.99000040000000E+0000
