1.554  8.44599974699034E+0000  3.72653314642880E+0000  4.03134474437746E+0000
1.468  4.01249133016982E+0000  6.03199858626135E+0000  1.16958205753138E+0001
1.314  4.02659287765979E+0000  1.31400027534564E+0000  5.75467645737151E+0000
1.488  4.03000474161656E+0000  1.48800022282814E+0000  1.17499266679165E+0001
1.401  3.52501829283237E+0000  3.75055208841923E+0000  1.00259280024671E+0001
1.479  8.52099975332302E+0000  3.93810223439978E+0000  7.20411294623727E+0000
1.662  4.14045961734269E+0000  5.82526287412595E+0000  1.66200020000000E+0000
1.610  8.38999306638711E+0000  1.61000793659872E+0000  1.63163056679948E+0000
1.500  3.98215190125009E+0000  3.64188527548335E+0000  4.01431994224694E+0000
1.494  1.52772118526400E+0000  1.49400020000000E+0000  1.00985252181209E+0001
1.645  8.35330228153342E+0000  5.85499980000000E+0000  1.64500020000000E+0000
1.267  1.26700020021746E+0000  6.23299980000000E+0000  1.26700020000000E+0000
1.305  6.25252535590426E+0000  1.30500020253515E+0000  1.00683308270470E+0001
1.322  8.67799938892871E+0000  3.76507126356328E+0000  9.99535203129807E+0000
1.292  1.29200020841728E+0000  3.74146747274168E+0000  1.17279805514419E+0001
1.395  1.91637802321670E+0000  3.75262209963770E+0000  1.98273862936626E+0000
1.392  8.60799980000000E+0000  1.39200020000000E+0000  5.82093415962113E+0000
1.296  4.02189185046452E+0000  6.20399980000000E+0000  5.95101826419218E+0000
1.342  6.26473598604686E+0000  6.15799881119761E+0000  9.96049688664209E+0000
1.626  4.11963675404330E+0000  1.62600151368036E+0000  1.62600028082339E+0000
1.458  1.61690360671149E+0000  1.45800020000000E+0000  7.13704341235513E+0000
1.482  8.51799969261861E+0000  6.01799978794862E+0000  1.16570173149423E+0001
1.583  1.89850189059287E+0000  5.91699979541654E+0000  4.02813255757308E+0000
1.535  8.46499980000000E+0000  3.76845147601682E+0000  1.36667473783280E+0001
1.284  1.28400020202071E+0000  3.78575185615591E+0000  8.54747375850071E+0000
1.533  6.27287833676297E+0000  5.96699980000000E+0000  1.36687473747345E+0001
1.252  1.25200020000000E+0000  3.75013448601933E+0000  5.73809091782697E+0000
1.587  1.58700034102249E+0000  1.58700020000000E+0000  1.36147473763046E+0001
1.334  6.25159007908741E+0000  1.33400020000000E+0000  7.19025775689953E+0000
1.316  8.68399898729693E+0000  6.18399840551170E+0000  8.85983397703211E+0000
1.408  8.58965758305593E+0000  1.40800021253256E+0000  8.62082881046094E+0000
1.485  8.51499980000000E+0000  1.48500021543303E+0000  1.16909556727307E+0001
1.545  6.18414950896355E+0000  5.90841528281042E+0000  4.13207487799360E+0000
1.559  1.73160007128267E+0000  1.55900020000000E+0000  4.04379526494426E+0000
1.480  1.48939513108724E+0000  6.01999980000000E+0000  1.01616754421662E+0001
1.307  6.09865878302404E+0000  3.64126194340825E+0000  5.86025709580699E+0000
1.466  3.61227896735398E+0000  3.71930869214978E+0000  7.08555525371890E+0000
1.362  3.98997513178204E+0000  1.36200087940620E+0000  8.65747693720846E+0000
1.538  6.26324449942478E+0000  1.53800022249099E+0000  3.95153258527630E+0000
1.451  6.48979189138673E+0000  6.04899980000000E+0000  7.14745283136039E+0000
1.379  3.89613116825657E+0000  6.12099977431442E+0000  8.62177145334755E+0000
1.594  1.62407638773877E+0000  5.90599980000000E+0000  1.36077473805528E+0001
1.530  6.16919433446650E+0000  3.67612166934309E+0000  1.16382059875996E+0001
1.312  8.68799980000000E+0000  6.18799980000000E+0000  5.47930059215523E+0000
1.269  1.26900021110575E+0000  1.26900020931226E+0000  1.26900020000000E+0000
1.489  6.33394013501545E+0000  1.48900020029737E+0000  1.37127473760671E+0001
1.520  3.90791756056826E+0000  3.79044029042858E+0000  1.36817473543861E+0001
1.431  6.02971653107973E+0000  3.65238672237903E+0000  8.68058769016428E+0000
1.437  1.53688973088720E+0000  6.06299980000000E+0000  7.07981179567874E+0000
1.369  6.27410753137745E+0000  3.69051985624087E+0000  1.36900142469089E+0000
 1.52017475805528E+0001