0.724  3.80711549652763E+0000  5.28490514493196E+0000  3.99854636623972E+0000
1.503  5.27725028090198E+0000  5.99699980000000E+0000  1.50300020000000E+0000
0.724  9.98273091005960E-0001  3.40309616197194E+0000  3.92047522287231E+0000
1.503  7.83649424275002E+0000  5.99699980000000E+0000  3.44375791237759E+0000
0.724  7.68355331318700E-0001  3.71735515748937E+0000  8.31096683608470E-0001
1.503  8.49699980000000E+0000  1.50300021058879E+0000  3.44375792397148E+0000
0.724  2.82514292504138E+0000  6.63022633172606E+0000  9.19236207941060E-0001
1.503  1.50300022261039E+0000  1.50300020559607E+0000  1.55721877373152E+0000
0.724  8.96952835580010E-0001  6.47413307107387E+0000  9.31233227851090E-0001
1.503  3.84330275871015E+0000  1.50300089057456E+0000  3.44375693277405E+0000
0.724  9.82188423490150E-0001  9.52979621164540E-0001  4.00987865123039E+0000
1.503  1.50300025651297E+0000  5.99699980000000E+0000  3.44375789031530E+0000
0.724  9.05984498017083E+0000  9.40948377932530E-0001  9.11870124916270E-0001
1.503  5.82100239924027E+0000  3.76679102384283E+0000  3.44375793791908E+0000
0.724  3.83089235430001E+0000  9.43183145481710E-0001  8.72038981799380E-0001
1.503  6.20146113876141E+0000  1.50300020000000E+0000  1.50300020000000E+0000
0.724  5.21472724501560E+0000  6.63176929128599E+0000  3.99714105756750E+0000
1.503  8.49699979946899E+0000  3.79853892044732E+0000  1.50300020000000E+0000
0.724  5.69242168579974E+0000  3.74581155435810E+0000  8.20857955291320E-0001
1.503  2.89114666333770E+0000  4.16873618587408E+0000  1.50300023345446E+0000
 4.94675813791908E+0000