2.050  2.16500110922040E+0000  4.98700873390003E+0000  8.63192297862985E+0000
1.897  1.94852508430878E+0000  8.10299974772831E+0000  6.11103796119952E+0000
1.485  5.63540330194928E+0000  8.49910518996744E+0000  1.49550794481759E+0000
0.952  1.04354281918553E+0000  1.06551639350946E+0000  3.41242973377348E+0000
1.933  1.93300024568783E+0000  1.93300021778678E+0000  6.08565119233240E+0000
2.098  7.82195761092636E+0000  5.10680832336504E+0000  8.58392302107609E+0000
1.699  8.30099980000000E+0000  1.69900021182037E+0000  1.69900020000000E+0000
0.890  9.05699408919216E+0000  5.00719587405551E+0000  5.68274785493014E+0000
0.844  9.04502052165094E+0000  9.05096778222377E+0000  3.38014419702004E+0000
0.972  4.74356656312163E+0000  1.02987006879995E+0000  5.67857971024266E+0000
1.239  8.63111785408149E+0000  8.71186516369368E+0000  1.27278060910380E+0000
1.463  8.53699977882217E+0000  8.53699980000000E+0000  9.21892299831681E+0000
1.329  1.42957717547113E+0000  1.43256427673327E+0000  9.31263722543533E+0000
1.345  1.39048012005260E+0000  4.50356896574515E+0000  1.40242266412185E+0000
1.600  1.60658423562028E+0000  5.04066560877826E+0000  4.43214125362262E+0000
1.177  1.93575984334947E+0000  8.82299980000000E+0000  9.50492298791769E+0000
2.010  4.89704221134324E+0000  7.98999980000000E+0000  8.67192267498904E+0000
1.953  4.93031393302346E+0000  5.22781512485607E+0000  5.73524659164608E+0000
2.030  4.97606931573532E+0000  2.03000024549771E+0000  8.65192296146147E+0000
0.816  8.16000209451190E-0001  7.51246671848629E+0000  8.50457708200988E+0000
1.927  8.07299973624845E+0000  8.07299980000000E+0000  5.87480619993251E+0000
2.106  2.10600020000000E+0000  7.89399980000000E+0000  2.11660019187641E+0000
1.198  1.19800020438264E+0000  1.19800023103089E+0000  1.19800022675601E+0000
1.525  4.93308292565106E+0000  8.46553911846673E+0000  4.43656955416062E+0000
1.226  4.49404201917783E+0000  5.74776721364693E+0000  1.22600020000000E+0000
1.489  8.45879135625311E+0000  1.53716929787187E+0000  9.13055836196470E+0000
2.272  7.72799980000000E+0000  5.54078104902820E+0000  2.54307279293464E+0000
2.167  7.73841684260283E+0000  2.16700020000000E+0000  5.49510812588297E+0000
2.382  4.31026688438790E+0000  2.38200020000000E+0000  2.51266488575742E+0000
0.653  7.55465219578217E+0000  5.48639676944058E+0000  5.57966335294110E+0000
 1.06819232210760E+0001