2.148  7.83204903930248E+0000  7.85003698480267E+0000  2.15016323248591E+0000
1.670  1.68842452119460E+0000  8.31926900784095E+0000  1.22770236234817E+0001
0.736  8.78181127382774E+0000  1.06198780211142E+0000  1.09290261747998E+0001
1.812  2.46481899485056E+0000  5.05421994787731E+0000  4.92951298375361E+0000
2.148  7.85176255270092E+0000  7.85167913105195E+0000  7.75741660482909E+0000
1.670  1.67025168834832E+0000  8.32977927674978E+0000  4.05425540069869E+0000
0.736  8.87012912211314E+0000  8.78862392105138E+0000  1.09743485185209E+0001
1.812  5.46370439105470E+0000  8.18238948346617E+0000  1.10632178609386E+0001
2.148  2.23383515083966E+0000  2.24349997577528E+0000  2.14804203137891E+0000
1.670  1.67004073819350E+0000  1.67031788859643E+0000  5.88048003196933E+0000
0.736  9.76277117052780E-0001  8.79636709100789E+0000  9.77408186052340E-0001
1.812  5.04443669873725E+0000  4.95376418703567E+0000  1.44616933906213E+0001
2.148  7.85184957417665E+0000  5.01619470512935E+0000  1.09849929650506E+0001
1.670  1.68166533395525E+0000  5.94601634129315E+0000  1.46780904180424E+0001
0.736  8.80493109308207E+0000  5.00061457201737E+0000  1.51623579390748E+0001
1.812  5.05056519814467E+0000  5.04112712481316E+0000  7.53161036257489E+0000
2.148  7.85194389398524E+0000  2.24105121676618E+0000  7.70501182219548E+0000
1.670  1.67062118743420E+0000  5.98986458013719E+0000  1.67029254275715E+0000
0.736  8.68029884547977E+0000  8.40345916421850E-0001  4.95937623330371E+0000
1.812  5.00003940575431E+0000  2.31166228456987E+0000  1.14699230908850E+0001
2.148  2.14807814444904E+0000  2.15075507656612E+0000  1.42126334079437E+0001
1.670  4.06395145720743E+0000  8.31710907127846E+0000  1.46646548949310E+0001
0.736  4.99636827475870E+0000  8.40210063010400E-0001  1.19517760021194E+0000
1.812  5.01421098727023E+0000  8.18375914104251E+0000  5.01497401065900E+0000
2.148  7.85166844885430E+0000  2.15021585885972E+0000  2.14834005624675E+0000
1.670  1.67083659878150E+0000  1.67029956886521E+0000  1.04548738733816E+0001
0.736  9.06989507392985E+0000  2.48392653761356E+0000  4.91950735815293E+0000
1.812  8.17978202836907E+0000  5.03688680183917E+0000  4.91762609366562E+0000
2.148  7.84747784838739E+0000  7.85174523463041E+0000  1.42124830621485E+0001
1.670  4.10512506743802E+0000  1.67013116753632E+0000  8.16656681214722E+0000
0.736  8.63557655865940E-0001  8.63839000886840E-0001  8.16842948233768E+0000
1.812  2.61774537105450E+0000  5.05891772928371E+0000  1.14239559502495E+0001
2.148  2.43794773946759E+0000  7.85155459479421E+0000  8.52549021276572E+0000
1.670  4.05573068399636E+0000  8.32910856946653E+0000  1.67032078498439E+0000
0.736  5.04904235088310E+0000  2.47150709792405E+0000  8.43044907806620E-0001
1.812  5.08907430367208E+0000  4.98872737729549E+0000  1.84029658278851E+0000
2.148  7.85192551463056E+0000  2.14918503080250E+0000  1.42126180704585E+0001
1.670  1.67085085270606E+0000  4.12595375181583E+0000  8.19057275987548E+0000
0.736  3.77863542143772E+0000  6.61413443241223E+0000  3.36874634924491E+0000
1.812  5.04781714622708E+0000  2.51170353413359E+0000  4.92164903102143E+0000
 1.63606336079438E+0001