1.660  5.23794530853444E+0000  1.66000020000000E+0000  2.32636199145688E+0001
1.998  5.64903876157696E+0000  3.00199978404231E+0000  8.56886585436723E+0000
1.405  1.40500021139849E+0000  3.59499980000000E+0000  1.40774253457740E+0001
0.871  9.06918805460064E+0000  4.11755577535627E+0000  6.88245865226636E+0000
1.712  8.28799980000000E+0000  1.71200020000000E+0000  6.30261601080134E+0000
2.213  7.77434137642759E+0000  2.58022602220586E+0000  2.60421108018019E+0001
2.004  4.45964507825233E+0000  2.00400020000000E+0000  1.43985598884283E+0001
1.208  5.73279666269167E+0000  3.79172097773901E+0000  5.46255495418871E+0000
2.088  2.08800020000000E+0000  2.91199980000000E+0000  2.16642920023412E+0001
0.719  6.81326057550057E+0000  7.94239655967220E-0001  9.93611082325180E+0000
2.324  2.41390092320858E+0000  2.32400020000000E+0000  2.32400020000000E+0000
1.235  8.76499980000000E+0000  3.76499980000000E+0000  8.97000034679330E+0000
2.065  2.06500020000000E+0000  2.93499980000000E+0000  6.65623658481144E+0000
2.411  7.14630873037403E+0000  2.45429400389841E+0000  2.41100020000000E+0000
2.163  7.83699980000000E+0000  2.83699980000000E+0000  1.21043326584758E+0001
1.389  4.78442019266491E+0000  1.38913288511471E+0000  5.19112174284770E+0000
0.973  9.02699978213791E+0000  9.73000202126090E-0001  2.35929740674200E+0001
2.116  5.48713945351905E+0000  2.11600020000000E+0000  1.93221015093620E+0001
1.053  5.29066206680197E+0000  1.08336531176142E+0000  1.11012291994840E+0001
1.030  8.96999980000000E+0000  3.96999980000000E+0000  4.90444573385968E+0000
2.254  2.39021438025798E+0000  2.39536926456071E+0000  2.59842087897300E+0001
1.065  4.77611740439758E+0000  3.91872382770443E+0000  1.19643468630609E+0001
1.346  8.64362638394510E+0000  3.64236864261387E+0000  1.89308350493612E+0001
1.253  8.73529301603845E+0000  1.25963767204649E+0000  9.20443218884645E+0000
1.989  1.98900020000000E+0000  3.01099980000000E+0000  1.73694045098506E+0001
2.199  2.20988498705832E+0000  2.19900020000000E+0000  1.08537373193776E+0001
1.966  8.03399979963881E+0000  1.96600020355082E+0000  1.61356097585324E+0001
0.894  4.69988162662699E+0000  4.09540765245277E+0000  9.00161998109650E-0001
1.841  8.15899980000000E+0000  3.15899980000000E+0000  2.20481180552896E+0001
0.626  9.31150318061903E+0000  6.72825922379250E-0001  1.10177465775068E+0001
 2.82551110018019E+0001