0.665  6.65015295096170E-0001  6.65013739647610E-0001  6.65001911788810E-0001
0.678  1.95147816899845E+0000  6.82199139176347E+0000  6.78001281686590E-0001
0.872  7.17387285962333E+0000  5.37508062563727E+0000  2.13657831906948E+0000
0.675  6.80048853991720E-0001  3.21902074381399E+0000  2.32695875228883E+0000
0.940  3.93035473708728E+0000  1.15179642397491E+0000  9.40000207880030E-0001
0.813  4.94778120347845E+0000  3.71864627999096E+0000  8.13000421620060E-0001
0.920  7.18613196904852E+0000  2.24787509660523E+0000  2.08857830847185E+0000
0.901  7.66217773938388E+0000  4.20101267088305E+0000  9.01000200000000E-0001
0.727  8.03373070268382E+0000  2.62405995693667E+0000  7.27155241691680E-0001
0.964  9.03599938351894E+0000  4.73305660638556E+0000  2.04457812227785E+0000
0.985  4.93031562604656E+0000  2.38935992862139E+0000  2.02357829862888E+0000
0.809  2.70880958850644E+0000  6.69092939395653E+0000  2.18780376157625E+0000
0.961  9.61004535674240E-0001  6.53899972820393E+0000  1.95283574905003E+0000
0.730  5.09129059249722E+0000  5.10594651907345E+0000  2.27425282539863E+0000
0.733  8.01958443842256E+0000  6.75487951256772E+0000  2.27287539104759E+0000
0.850  2.16827589131310E+0000  8.50000345446420E-0001  8.50000673609430E-0001
0.971  5.83119108155342E+0000  9.71000268687870E-0001  1.01784336256938E+0000
0.653  3.43748582787962E+0000  5.43456918541825E+0000  2.35550720740851E+0000
0.767  3.39098774182446E+0000  6.73299905100366E+0000  7.67012185326950E-0001
0.714  1.99227931642144E+0000  3.69146879831456E+0000  2.29457175061396E+0000
0.833  8.33000246954430E-0001  8.52048935938750E-0001  2.14175821043052E+0000
0.967  3.64567670446017E+0000  3.85894671837719E+0000  2.04157828059796E+0000
0.954  9.00250560222825E+0000  6.31047405654331E+0000  9.54000394634740E-0001
0.847  8.49545513345760E-0001  4.74655185869020E+0000  2.16157826216595E+0000
0.758  5.39600965408208E+0000  6.74199968896784E+0000  7.58000315172900E-0001
0.719  9.27872705486283E+0000  3.72318893075530E+0000  7.19422491283140E-0001
0.642  2.27555418276134E+0000  6.42000238008460E-0001  2.36657819010184E+0000
0.633  3.55049112725702E+0000  6.33000255056610E-0001  2.37557831079001E+0000
0.817  2.33855714877214E+0000  3.47335641958402E+0000  8.17717039977620E-0001
0.682  4.86366502725942E+0000  6.82003073708750E-0001  2.32657776136320E+0000
0.686  6.89708936480570E-0001  5.49516903819380E+0000  6.92808246517190E-0001
0.689  6.83790066922076E+0000  6.91114900432870E-0001  2.31500270476372E+0000
0.731  9.26899962811683E+0000  1.73929592424054E+0000  7.31000227060570E-0001
0.626  9.37399887579665E+0000  6.87399919755288E+0000  2.38257806967256E+0000
0.877  5.97088918298955E+0000  5.21603144873999E+0000  8.77000263148830E-0001
0.651  7.77825712702052E+0000  3.67793425990038E+0000  2.35757832152123E+0000
0.902  4.43882464959958E+0000  6.59799975507702E+0000  2.10657830381422E+0000
0.979  2.67859974555288E+0000  2.17058972921441E+0000  2.00795457864836E+0000
0.991  2.29197531918432E+0000  5.25341845308537E+0000  1.13949426709007E+0000
0.887  7.18776728566250E+0000  6.61299980000000E+0000  8.87000216908310E-0001
0.788  6.16771449476273E+0000  2.68214222001488E+0000  7.88000208495840E-0001
0.951  9.04899965195652E+0000  2.74969999450472E+0000  2.05757822397876E+0000
0.992  9.92000319708480E-0001  2.26038255442340E+0000  9.92000440093450E-0001
0.896  9.10399958744840E+0000  8.96000297093070E-0001  2.11257829140689E+0000
0.802  6.13694874379855E+0000  6.69798821598547E+0000  2.20657709432041E+0000
0.924  7.72599381228377E+0000  9.24000232933210E-0001  9.24000224575900E-0001
0.944  6.18669446108200E+0000  3.85253259324771E+0000  2.06457830348956E+0000
0.757  7.57000735810450E-0001  3.97751766353274E+0000  7.57000261503430E-0001
0.911  4.18108262425364E+0000  5.25966772950492E+0000  9.11000213085170E-0001
0.711  3.72086004587559E+0000  2.78763919450596E+0000  7.24355034097020E-0001
 3.00857852152123E+0000
