0.964  6.42525490780421E+0000  6.45579448256508E+0000  4.08934715745379E+0000
0.808  9.04197398154168E+0000  1.04404908432392E+0000  4.11373294566961E+0000
0.958  9.75728080956980E-0001  6.42245493745355E+0000  4.08740892023027E+0000
0.684  9.19382548396709E+0000  3.65104355507844E+0000  7.44844154899630E-0001
1.583  7.25568052032647E+0000  3.93290009520667E+0000  3.53862610645464E+0000
1.604  1.60400024159356E+0000  1.60587557300102E+0000  1.60400022129488E+0000
1.248  3.29356530510697E+0000  1.24800023815739E+0000  3.87362609469016E+0000
1.276  3.22881030539609E+0000  3.96490681949831E+0000  1.28326505566784E+0000
0.931  1.00697600910141E+0000  1.06896260758821E+0000  4.10654184142034E+0000
1.652  5.44586448060743E+0000  5.84467901289558E+0000  1.65537378393766E+0000
1.192  8.80799980000000E+0000  6.30799978546839E+0000  3.92962611575574E+0000
1.452  1.46162270790405E+0000  6.04009137966617E+0000  1.50744977339140E+0000
1.220  6.65134906768403E+0000  1.22000020247587E+0000  3.90162608484999E+0000
1.621  5.01882338414490E+0000  1.67264685212055E+0000  1.62100020708257E+0000
1.367  4.32752707576483E+0000  3.64695615460395E+0000  3.75462602848246E+0000
1.351  3.26590164072542E+0000  6.14899972831959E+0000  3.77062416431588E+0000
1.622  8.37785679668265E+0000  1.62206976578980E+0000  1.62208410767576E+0000
0.901  6.74407290841027E+0000  3.62130378785214E+0000  9.63805436415060E-0001
1.422  8.57799976270688E+0000  5.60663663039050E+0000  1.42200020000000E+0000
1.489  1.48900021257276E+0000  3.93785057580316E+0000  3.63262544537226E+0000
 5.12162631575574E+0000
