1.000  3.09014746072840E+0001 -4.00893694963255E+0001  3.72002072362940E+0001
2.000 -4.11638297846777E+0001 -2.32362043943035E+0001 -4.02522556122858E+0001
3.000 -1.74743079924357E+0001  7.61700604798399E+0000 -5.97352497833726E+0001
4.000 -2.86953858566427E+0001  4.07381567578700E+0000  5.42996747312180E+0001
5.000 -5.54619510269994E+0001  2.81245764562720E+0001 -5.18837606381606E-0001
6.000 -2.54983781847031E+0000  5.78082112411240E+0001  2.29128782988410E+0001
7.000 -1.56268524754060E+0001 -5.12945203122095E+0001  3.15384767499080E+0001
8.000  1.54923459405359E+0001  4.99753094856000E+0001  3.21269846693140E+0001
9.000  4.51096699257520E+0001 -1.98603886975325E+0001 -3.84181642998990E+0001
10.000  5.31209591358890E+0001 -4.43561783031807E-0001 -3.14751441239373E+0001
11.000  1.68738580141670E+0001 -5.48533180775345E+0001 -1.80247507433603E+0001
12.000 -5.73768677325981E+0001 -1.61196653525712E+0001 -1.29379211553898E+0001
13.000  4.03906087004180E+0001 -1.57301909081870E+0001  4.19415676006230E+0001
14.000 -3.60648867958330E+0001 -3.40660605509683E+0001  3.26138633567010E+0001
15.000  1.08719487049270E+0001 -5.30814409788296E+0001  2.15443920655040E+0001
16.000 -1.05194346592264E+0001  4.59636246274490E+0001 -3.18466485168419E+0001
17.000 -1.56124706309753E+0001 -1.87994407974407E+0001 -5.07980941387249E+0001
18.000  1.61769758765180E+0001 -3.48513252365852E+0001 -3.98693426484392E+0001
19.000  4.93278274972330E+0001  2.11405651054480E+0001 -8.71637673344081E+0000
20.000 -1.86111419872519E+0000  8.76413590463400E+0000  3.81880252942000E+0000
21.000 -2.64958320612751E+0001  4.50560886218770E+0001  3.25140605312400E+0000
22.000 -1.04348009519895E+0001  3.01606624366170E+0001  4.02537032727290E+0001
23.000  1.70339727462720E+0001  4.73228371103920E+0001 -2.75013194608150E+0000
24.000  3.32592934838760E+0001  1.90569319580040E+0001  3.11140269263290E+0001
25.000 -4.33706700987768E+0001  2.52468316784300E+0000  2.12673505198770E+0001
26.000 -3.60956283215758E+0001  1.16453107750819E+0001 -2.83802915590176E+0001
27.000  3.68696118522003E-0001 -1.81706538478842E+0001  4.26602777796850E+0001
28.000  1.64574545560650E+0001  1.11386777961669E+0001 -4.07866313606415E+0001
29.000  3.71247327177050E+0001 -2.42847351345526E+0001  8.55823909167999E-0001
30.000 -1.96059763491559E+0001 -3.78461283848500E+0001 -8.01636846039131E+0000
 7.33703365762539E+0001
