1.897  8.10299925738025E+0000  3.10299824153506E+0000  2.67046805681776E+0001
2.169  2.16900020000000E+0000  2.16900020000000E+0000  7.88060951365566E+0000
1.897  1.89700020000000E+0000  3.10299980000000E+0000  1.92720831863109E+0001
2.169  7.78477615920152E+0000  2.30840556324774E+0000  2.21101986350909E+0000
1.897  1.89700038450150E+0000  3.09713911281499E+0000  2.30660790600351E+0001
2.169  7.83099980000000E+0000  2.83099980000000E+0000  1.82009927879642E+0001
1.897  5.04774900414683E+0000  1.89700042839102E+0000  2.48058751921880E+0001
2.169  2.19416737105984E+0000  2.75587914089672E+0000  3.13954445234699E+0001
1.897  1.89700020000000E+0000  3.10299980000000E+0000  2.68600749337659E+0001
2.169  7.83099980000000E+0000  2.83099980000000E+0000  1.38629923859685E+0001
1.897  8.10299977567495E+0000  3.10299956419504E+0000  2.29070731700999E+0001
2.169  2.16900020000000E+0000  2.83099980000000E+0000  1.21678002035790E+0001
1.897  5.04551201837425E+0000  1.89700020000000E+0000  2.10118754509461E+0001
2.169  4.10915035637614E+0000  2.16900020000000E+0000  1.59908645839093E+0001
1.897  8.10299980000000E+0000  1.89700020000000E+0000  6.67847340991787E+0000
2.169  7.83099980000000E+0000  2.83099980000000E+0000  3.14107533481172E+0001
1.897  4.90841318465900E+0000  3.10299980000000E+0000  5.02480484508578E+0000
2.169  5.91085966376798E+0000  2.83099980000000E+0000  9.97309405424244E+0000
1.897  5.04550774173290E+0000  1.89700020000000E+0000  2.85998749308847E+0001
2.169  2.16900020000000E+0000  2.16900020000000E+0000  2.16900020000000E+0000
 3.35797535481172E+0001
