36.656964328475
12.3846334183414 -20.6746842576628 0 2.00000015811582 
9.90313754493964 -31.9834514319222 0 3.00000003592893 
17.1913299135225 -26.5819866390054 0 4.99999973568302 
6.48243078352225 -0.332104465641947 0 6.9999998216348 
28.0862024909214 5.6895536993404 0 8.00000008358913 
17.3264118854575 20.2578476039599 0 9.99999993450337 
23.8441420074653 -11.9176457258935 0 9.999999952658 
-24.6067876741818 -1.57066917226947 0 11.9999997910906 
-7.60438338653659 -21.3425299192669 0 14.00000218924 
-8.16805507919232 20.0574484629912 0 14.9999982975563 
