36.5075408097892
31.4082403490635 -13.7962972320131 0 2.00000027522709 
23.8610713156771 -23.5244970956282 0 2.99999974521711 
23.5067603123299 -15.2858431002451 0 4.99999997745407 
6.28291622328294 3.13405428046879 0 6.99999984721316 
22.2364127977848 17.8387018857965 0 7.99999998984028 
5.98102826754313 25.8239283554702 0 10.0000001081181 
26.5063641962646 0.238447970754517 0 10.0000001403398 
-20.7541670724513 -13.0339257565359 0 11.9999995225248 
3.65534739314741 -22.2087215372531 0 14.0000011884519 
-16.4990235161376 13.7969329927869 0 14.9999992056137 
