36.5077791680184
22.9103831267813 -25.7642960876404 0 2.00000017801581 
11.2094895980724 -31.5770811508136 0 2.99999982121987 
14.4848284358484 -24.0090839543141 0 5.00000003039018 
8.28157865139239 1.63123313784983 0 6.99999989165863 
27.790826760997 6.35238764724501 0 7.99999991366721 
16.6466725474398 20.6286990763357 0 10.0000000343533 
23.9556422394474 -11.3478019943204 0 10.0000000527438 
-24.3612435042982 -2.67523824435323 0 11.9999999109824 
-6.39851460357273 -21.5788444149387 0 14.0000008298827 
-8.82826849853196 19.6122584379926 0 14.9999993370861 
