36.5074721067382
16.4503360597986 -29.4428318768422 0 2.00000024341889 
4.77152278505685 -33.1659874676868 0 2.99999981887283 
9.47272541106347 -26.3910752483545 0 4.99999991425615 
2.37336150272319 -1.9047204723139 0 6.99999985937747 
28.4974718034108 0.75487147189281 0 7.99999999902636 
20.3831621267432 16.9461685892214 0 10.0000000493471 
21.2517154393252 -15.8432961534166 0 10.0000000573917 
-24.4108006445987 2.17461055098645 0 11.9999996590852 
-10.5226979553419 -19.8962026008451 0 14.0000014873667 
-4.79293853837508 20.9666172515596 0 14.9999989118575 
