36.5075062086285
22.2997156174843 -26.1036214847937 0 2.00000017801581 
11.1999142115845 -31.5802697773874 0 2.99999982121987 
14.4772060263527 -24.0132409716195 0 5.00000003039018 
7.1000798906869 0.119558854926746 0 6.99999989165863 
27.792689672552 6.34372264079048 0 7.99999991366721 
16.6530219719315 20.6233805842272 0 10.0000000343533 
23.9521284428942 -11.3551754234004 0 10.0000000527438 
-24.3618571371728 -2.66783052418748 0 11.9999999109824 
-6.4050341079448 -21.5769086727622 0 14.0000008298827 
-8.82213448119803 19.6148460271182 0 14.9999993370861 
