36.5078577162711
17.090603303903 -29.7445048960775 0 2.00000017801581 
5.25361982952484 -33.0933022669073 0 2.99999982121987 
9.85571627874243 -26.2504284998397 0 5.00000003039018 
7.21180166970242 -0.997342246891295 0 6.99999989165863 
28.4836296232782 1.16980534064672 0 7.99999991366721 
20.1343347917054 17.2413934382789 0 10.0000000343533 
21.4801240205355 -15.5322181399029 0 10.0000000527438 
-24.4401356069424 1.81917056930879 0 11.9999999109824 
-10.232202787376 -20.0472936428007 0 14.0000008298827 
-5.09778226964579 20.8948255105183 0 14.9999993370861 
