36.5074728331131
16.4513807372701 -29.4422413575127 0 2.00000024341889 
4.77269750480261 -33.1658196196497 0 2.99999981887283 
9.47366341388657 -26.3907312296943 0 4.99999991425615 
2.37711097279222 -1.90727978692456 0 6.99999985937747 
28.4974458254231 0.755887866836294 0 7.99999999902636 
20.3825589351037 16.9468954778546 0 10.0000000493471 
21.2522822000099 -15.8425382343296 0 10.0000000573917 
-24.4108786987711 2.17374352021527 0 11.9999996590852 
-10.521992806638 -19.8965766122617 0 14.0000014873667 
-4.79368475540104 20.9664475417493 0 14.9999989118575 
