10
20.0332102676425
18.861746010306 -31.0150286612814 14.2345787624575 2 1
-12.351407547786 -36.831674759614 7.06589530886855 3 1
0 7.32690459034686 -5.0014890276675 10 1
-3.71386121788674 23.728463052212 -28.6863763036769 10 2
29.116758532572 24.740936229325 8.43776705731486 5 2
0 11.3983913674286 -0.88963054575051 7 2
29.394735642226 0 1.31177010094158 8 2
-31.7079520530073 0 16.6159216027629 12 3
-17.6989748353927 -28.3546653260343 -16.9365574578681 14 3
-32.6179963878857 4.35372572803781 -16.64507851157 15 3