113.905637185977
15.2435575100796 -39.0447692591905 0 19 
-57.0022031674172 50.1547239046333 0 19 
39.7923306817153 -71.02723300272 0 19 
-67.7684379847573 -5.66817399145484 0 19 
33.2394562932846 73.7805703788905 0 19 
-28.8010166556579 -24.1469060439369 0 19 
56.619394357139 80.2598193172644 0 19 
-0.599137468076838 -44.1718765949699 0 19 
-36.4795779955944 29.5167407367922 0 19 
-68.1992631467056 60.2816513205327 0 19 
-52.6471621765043 -41.1205776669647 0 19 
-51.5455098992891 43.5517823875657 0 19 
-43.4771548623578 21.3969298575059 0 19 
-31.2111937237024 21.8740491042258 0 19 
54.8727004834789 34.1998395087197 0 19 
12.6741876302632 71.666131027353 0 19 
23.3290373619315 -73.6846142954587 0 19 
-19.8109173983386 -6.04593278888889 0 19 
-5.64834836900623 22.6105191314642 0 19 
-17.5679699157216 0.0967973540987843 0 19 
90.7163988452947 -16.7502502267017 0 19 
-90.4463132263377 -25.7353750293773 0 19 
-38.6221570259063 -67.3254304343487 0 19 
75.0921801384968 82.3587026155361 0 19 
-49.7704522380468 93.5410136163891 0 19 
48.5786610625585 -84.6182583922605 0 19 
-22.684374618197 67.1936647185095 0 19 
84.6761461485532 -38.6358648229557 0 19 
-82.4992593599014 -5.5539855549829 0 19 
-1.36812123300885 -76.6045991757906 0 19 
55.1839607209824 5.35751291101683 0 19 
34.4591255250662 94.039616784565 0 19 
-33.8936172513727 -5.46714768301097 0 19 
47.5240565941315 35.3040086525977 0 19 
5.07073671560303 -89.5532046791879 0 19 
56.4764717740363 35.9099028729414 0 19 
-47.9152893474863 26.7039394991956 0 19 
64.5652524752381 59.1030880501974 0 19 
-45.674264440627 69.1898651300882 0 19 
-12.826060586528 -71.1517244280091 0 19 
41.3047497190092 -18.5698963392386 0 19 
-23.3554986577274 56.3316868670898 0 19 
80.6211784461612 2.29244602252377 0 19 
-0.649494354449913 51.135372643422 0 19 
-63.3607604440119 -76.1750525753829 0 19 
-18.5466734289875 94.9056371859767 0 19 
-71.0213596355269 -35.9633707399309 0 19 
39.9128366331164 -9.64111406572215 0 19 
43.790624248232 -89.4859300109027 0 19 
-86.8417577780046 61.8449906571046 0 19 
-19.8494870284803 -55.2118285141009 0 19 
-17.7120341000669 -55.2172475588588 0 19 
-57.9354581576472 -82.3312418103829 0 19 
58.2970309552257 45.6116858826073 0 19 
-92.3715877567286 -69.4269419016442 0 19 
-87.9616003823288 -56.6891244899897 0 19 
-87.727924968455 -25.2163968049997 0 19 
-22.9093488947998 -21.246142939779 0 19 
-66.2869884312558 73.1274386579764 0 19 
-81.5815616615962 58.8139367261035 0 19 
