35.5081633373558
10.812554524114 -30.6572888876287 0 2.99999978902401 
2.81743862939749 -30.3777889773936 0 5.00000010887831 
2.58510383936578 -23.3816453825651 0 2.00000022344536 
2.82458052683443 -3.21803252980461 0 8.00000016900762 
27.2788996032521 -8.2811254843029 0 6.99999954459641 
24.0800883478586 8.41520912376756 0 9.99999994942021 
13.2540595358069 -17.8886144530327 0 9.9999999607198 
-21.2592532057599 3.2626978771421 0 14.0000010658891 
-11.1543637706468 -20.6933299977193 0 12.0000001272421 
2.13809898409453 20.396404945418 0 14.9999989118575 
