35.9892243498912
29.2691543483865 -15.218591331093 0 3.00000005757194 
19.4331144703096 -20.1432556848447 0 7.99999984509486 
4.06638935685053 -1.02805465479019 0 6.9999999343663 
8.60739683895225 29.7698630838037 0 4.99999995177751 
25.9889931417089 -0.109633740415487 0 9.9999999450441 
18.3714373419676 18.3828741573712 0 10.0000001639383 
25.3661371027818 -12.09345821267 0 1.99999998835084 
-20.1662498475781 -5.81978980374077 0 14.9999988642021 
-0.193768429882976 -23.9884418863203 0 11.999999878821 
-7.97368482790433 20.4925907843106 0 14.0000013708331 
