36.2597367679024
20.0163394753833 -27.2163128681528 0 2.00000018967824 
8.84844766078722 -26.8387342506322 0 8.0000001973223 
10.5893332099606 7.82341174145089 0 14.9999994995956 
15.296165960037 27.2616658428884 0 5.00000005818488 
30.8936597695754 10.7266938288593 0 2.99999976200275 
3.43135281510344 29.0578386034055 0 6.99999992339854 
-13.3923589289222 20.2281866190953 0 12.0000001230449 
21.9183955801243 -14.4622858759314 0 9.99999972795185 
-9.01947349394824 -24.6621746069029 0 9.99999987803556 
-21.8274670690964 -4.36549157241165 0 14.0000006407855 
