35.5860128836719
11.9296841068826 -19.6530056482712 0 2.00000021091541 
9.37406746377698 -31.2085717740674 0 2.9999999931547 
15.6668660857087 -26.268861528829 0 4.99999968923252 
6.60785592838342 0.532267597045819 0 6.99999985805994 
27.2122292746475 4.5257592994907 0 8.00000008358914 
16.8564630007548 19.2484698609133 0 9.9999999642648 
22.1791229409714 -12.7562529804953 0 9.99999992289657 
-23.3383229808604 -3.40919791094613 0 11.9999998563045 
-4.32900824641264 -21.1474654387669 0 14.0000019935978 
-8.14121598920096 18.9077897411496 0 14.9999982975563 
