35.9676997708666
22.0409340052467 -25.5988130257698 0 2.00000004000001 
16.5206887111823 -28.3464751004708 0 2.99999993999998 
1.24372232175656 -1.56564377644875 0 5.00000002000001 
5.42472333937779 28.4552251187761 0 7.00000007957398 
27.6376025507557 4.28428855229013 0 7.99999988063897 
11.7035607131215 12.6572412023879 0 10.000000165384 
22.4986668529555 -12.9665481963172 0 9.99999987440307 
-22.2435095618817 -8.92619082680845 0 12.0000000001785 
0.249960734263976 -21.9662766540018 0 13.9999999994643 
-13.0078177459838 16.4450930181074 0 15 
