10
35.0993253088444
29.6223005213062 -12.3647070706907 0 2.99999974521711 1
24.0473641948633 -18.1023105632634 0 4.99999997745407 1
19.6080906563738 -12.6900227830006 0 2.00000027522709 1
5.07838291999578 4.12890532022384 0 7.99999998984028 1
23.2230751031506 15.8196353627466 0 6.99999984721316 1
8.17582403054644 23.7304027697775 0 10.0000001081181 2
22.9983093797487 -1.17887888806976 0 10.0000001403398 2
-20.9729343223951 -9.68064421759216 0 11.9999995225248 2
4.1092765408018 -19.6747743640268 0 14.9999992056137 2
-14.3552981634125 15.4630813753138 0 14.0000011884519 2
