10
35.5472433010201
15.5691198878696 -26.2818663974799 0 4.99999991425615 1
1.91091638943663 -31.4014822841461 0 2.99999981887283 1
5.08168231819627 -18.5998293897642 0 7.99999999902636 1
-0.260325502046295 -3.14571096332617 0 6.99999985937747 1 
31.9645017706256 -0.775587765817513 0 2.00000024341889 1
16.9142478031682 11.6660817389633 0 14.9999989118575 2
22.1171033497416 -12.7865306901405 0 10.0000000573917 2
-21.5472395975525 -0.00916934337703064 0 14.0000014873667 2
-12.5430687055515 -22.2560790678359 0 10.0000000493471 2
-7.96302942679922 22.1599376667819 0 11.9999996590852 2
