35.0043068786862
-10.211522735711 -31.2059913212655 0 2.00000022360655 
-0.801896062833108 -26.9923975243408 0 7.99999998335597 
18.7383242135233 9.48978830070577 0 14.0000005195641 
-9.03048612238209 17.8500033355761 0 14.999999618951 
-4.06483973916229 -7.00315803077813 0 9.99999992067926 
-24.9642750013804 -1.41432542940136 0 9.99999987381441 
-16.7411266038766 -12.4908897339061 0 2.99999977657246 
16.1510284670818 -16.3811596706472 0 12.0000000957858 
-15.3680239215222 -23.4107877032437 0 6.99999988267063 
-25.116802339373 -16.4135503392943 0 5.00000010499991 
