35.5652938279746
14.1380979731617 -30.4423687759055 0 2.00000000059722 
6.83570684237795 -31.5605313702797 0 2.99999995353193 
7.87473706476012 1.03972032656074 0 11.9999997605443 
-0.999161606929104 30.5489583584312 0 5.00000000274317 
25.4586092244132 10.5690260712981 0 8.00000016024941 
11.7777098162877 22.6907429378019 0 9.9999996785099 
17.2632741440753 -18.8563941794832 0 10.0000002071115 
-19.8638241555763 5.32539125178131 0 15 
-6.68006383646911 -20.5046005340541 0 14.0000000223876 
-12.0598179180671 25.8947251994036 0 7.00000008356846 
