36.5718838173479
9.61549028147837 -27.9649543427335 0 6.99999978971781 
-1.84648934978397 -31.51784174817 0 4.99999962316434 
2.10892048090952 -18.0772333719605 0 3.00000002892583 
-3.86514759319354 -0.96069058373159 0 2.00000022553059 
24.9380827335291 13.9443380882349 0 8.00000016761314 
6.96549771374345 12.9512659095105 0 9.99999995754096 
19.8342642967397 -8.48222980877088 0 14.9999978816773 
-22.0426887340676 4.85897976490609 0 14.0000028345162 
-14.320222355406 -19.9676921149592 0 11.9999995402344 
-8.99568021695015 25.0028548284505 0 9.99999995107935 
