35.5885582000522
23.8236006985659 -22.2362356586943 0 2.99999996984185 
12.8198554029713 -30.8747361581139 0 1.99999998019707 
13.877248546684 -21.2017903063912 0 6.99999992999342 
17.7383118086598 10.4518456789615 0 14.9999986604432 
25.1602297588984 -11.3177453061241 0 8.00000041468986 
-9.91857518801072 19.1751830249074 0 14.0000015595264 
-23.3887972192148 -3.06336934534607 0 12.0000002299245 
-1.52260159097237 -5.48606881141988 0 9.99999940534674 
-2.58131909566353 -25.4580263884945 0 9.99999989996837 
-18.1253702706565 -20.0972361012034 0 4.99999995006864 
