10
35.0782757752872
18.0398506259649 -21.5163512215067 0 6.9999998216348 1
7.88255643967079 -32.1253423605431 0 2.00000015811582 1
12.2299190821004 -29.6554354821063 0 3.00000003592893 1
4.15060810471579 0.302525933111052 0 8.00000008358913 1
28.8287113229469 8.57951589388715 0 4.99999973568302 2
14.5960243990483 17.8763221644681 0 11.9999997910906 2
24.4091052470471 -5.75460677825466 0 9.999999952658 2
-19.8366002907365 3.10588399392458 0 14.9999982975563 3
-3.41869405260326 -20.7991862420462 0 14.00000218924 3
-6.46644431828882 24.2302500405694 0 9.99999993450337 3
