37.3212247165057
18.6387055746527 -20.4541524614164 0 7.99999999358847 
5.64669509060538 -33.2202296679436 0 2.00000022796283 
30.3973867699079 -5.54318749564507 0 5.00000010840401 
3.95895795405749 0.252677140074078 0 9.99999987305137 
20.926849381811 14.2559195415802 0 12.0000001066042 
-3.54047159660246 23.0509025395031 0 14.0000005319772 
-24.6879834083871 11.7026035328361 0 9.99999990008321 
-12.6145321201974 2.26457778474192 0 2.99999977176127 
-12.8575790560893 -18.2460850827512 0 14.9999996092267 
-29.9931085113456 -4.44845296178323 0 6.99999987734076 
