10
35
18.9600719260893 -26.6981255722654 0 2.00000017801581 1
-11.3680005047983 -26.3442336156717 0 7.99999991366721 1
4.34756037154683 -9.55074911728934 0 14.9999993370861 1
-5.98625197417249 21.8885074231549 0 14.0000008298827 1
17.9210972707602 19.7816834576598 0 10.0000000527438 1
10.7507478449244 30.626001612432 0 2.99999982121987 2
26.6329966515198 1.77882743616207 0 10.0000000343533 2
-28.5266927897132 8.23787166774214 0 6.99999989165863 2
-22.6509869666153 -9.83077756791699 0 11.9999999109824 2
-24.8554023820035 19.6624781709461 0 5.00000003039018 2