35.670090721188
-22.0827674121358 -13.0883478473986 0 9.99999990045681 
-9.52113264161854 -25.9804138363486 0 7.99999999375549 
-24.7721689892673 6.73000605171471 0 9.99999987339047 
-4.81045933950917 -1.07820842164552 0 6.99999987994325 
15.7891893019616 28.4349128112962 0 2.00000022726558 
-21.9160328266028 21.4555796979363 0 5.00000010570186 
-4.99930094115278 23.1361216611814 0 12.0000001061434 
29.7778266199655 -10.0696271597266 0 2.99999977237875 
11.1889625123704 -18.55801434974 0 14.0000005364833 
18.3325112455416 9.54838611353881 0 14.9999996044811 
