35.3864409531762
29.268293128798 -14.5634408251754 0 2.00000037482619 1
22.6359200418148 -20.2718951274873 0 4.99999992643198 1
18.7588008799386 -13.2741016897338 0 2.99999965819174 1
6.77530482050399 2.95930919474204 0 8.00000003769002 2
24.1498701712775 14.9188153315211 0 6.99999983781179 2
9.49928633636623 23.5421502025239 0 10.0000001890904 2
25.3041062171688 -2.042001245014 0 10.0000001847175 3
-20.4554280041377 -11.3357894915251 0 11.9999991624528 3
3.65276395499496 -21.0721418038171 0 14.0000016419186 3
-13.9477841531084 14.8682557838221 0 14.9999989868689 3
