1.518 -3.53179806443196E+0000 -9.42062272089900E-0001  3.07045187216840E+0000
1.463 -2.46420803239461E+0000 -6.52456222187650E-0001 -8.74829632984770E-0001
1.513  2.87670775306677E+0000 -1.03715310513283E+0000 -3.67224301406466E+0000
0.780  1.91217394603773E+0000 -1.18200328375546E+0000 -1.54141708087198E+0000
0.567  3.13800557831080E+0000  8.08610317296740E-0001 -4.68712322333312E+0000
0.829  4.57022597108500E-0001  2.74071640362069E+0000 -4.42324413871540E-0001
0.600  4.57057681832820E+0000 -1.98659223785764E+0000 -2.67591325164746E+0000
0.673 -1.15986452259080E+0000 -3.44808305671840E-0001 -2.54180541600225E+0000
1.327 -8.04842112385400E-0001  3.40964560817440E+0000 -3.51786359927151E+0000
1.422 -4.57601249473610E-0001 -4.54240419678303E+0000  1.69461085175368E+0000
0.764  4.25142359249760E+0000 -3.40924684454034E+0000  9.26573130804420E-0001
1.367  2.75513795022926E+0000  1.41890217860674E+0000  3.82742348713580E+0000
1.598  4.55410952770010E+0000 -4.00204386753350E-0001 -1.06361640881579E+0000
0.916 -9.65668169985620E-0001 -4.48080774744608E+0000 -2.79953675336270E+0000
1.080  5.87952725286210E-0001 -2.95282403157100E-0001 -2.70534360601206E+0000
1.480  1.35512315819983E+0000  4.56366779021860E+0000  6.99707326449360E-0001
1.104  4.68537772371900E+0000 -1.67487885446940E+0000  1.46793980380178E+0000
1.348 -4.00880051300900E-0002 -2.04911522580287E+0000 -1.14815977697042E+0000
1.266  2.82124083788300E-0001 -1.04006419349213E+0000 -4.90886066604322E+0000
1.495  1.20295225541535E+0000  1.57080750915035E+0000 -4.36970877731583E+0000
1.141 -4.19793787271924E+0000 -2.30673064004276E+0000 -1.89383664604498E+0000
1.316  3.64824688208360E+0000  1.59602325628634E+0000 -2.98348282377214E+0000
0.619 -3.07680266809900E-0002  5.03551287500810E+0000 -2.52663666094259E+0000
1.360 -4.43195653316633E+0000 -2.08243098428768E+0000  5.86068300162540E-0001
0.532 -3.21197270799311E+0000  2.12863873314199E+0000 -1.72665296701030E-0001
0.698  3.14066570524330E+0000  4.58829348354210E+0000 -5.60313018820750E-0001
1.431  4.47610061686670E+0000  8.40941798968340E-0001  1.69832420093772E+0000
1.241  3.31540074575140E+0000  3.22477152223150E+0000  2.02956154280092E+0000
1.247 -3.99163043857201E+0000 -2.41803263890240E-0001 -3.07538589509993E+0000
0.903 -2.46216575024353E+0000  4.02027352360790E-0001  4.77648645475490E+0000
0.936 -5.18840834366736E+0000 -6.32586882073430E-0001 -1.16412063132065E+0000
1.426  9.04718018223980E-0001 -3.25120038553306E+0000 -3.50525021575868E+0000
1.147  1.38970456330850E+0000  3.61480049371420E+0000  3.38680815962070E+0000
0.746  6.47413413095260E-0001 -3.07532889399526E+0000  5.42717311143460E-0001
0.779 -2.55273608296102E+0000 -2.79739865906678E+0000  4.00606975549470E+0000
1.350  2.31052401690749E+0000 -4.23325361575476E+0000  1.07796655766097E+0000
1.191  1.50160780785955E+0000 -5.66893049911440E-0001  4.84164593683430E+0000
0.912  3.64747450574980E+0000 -3.07333838559614E+0000  2.48717677090756E+0000
0.939  7.29389663749520E-0001 -2.77853158386740E-0001  2.86293560169092E+0000
0.780 -5.20065797839872E+0000  1.05413310471608E+0000 -1.48674375363388E+0000
0.567 -3.40487629245122E+0000 -3.72263652789198E+0000 -2.64273874373579E+0000
0.829 -1.58630961965777E+0000  3.25352582828920E-0001  2.71927321952079E+0000
0.600  4.67989075619160E+0000 -1.14283163611101E-0002 -3.23110066132088E+0000
0.673 -3.71774194830374E+0000  4.11163803644080E+0000 -8.32591580946820E-0001
1.327 -7.33694229387340E-0001  1.45860441585244E+0000 -1.72006029249106E+0000
1.422 -9.73430587778930E-0001 -1.37185636172269E+0000  4.57000885568990E+0000
0.764  4.89789584514360E+0000 -2.55726036466266E+0000 -1.64746590772750E-0001
1.367  1.90409111569110E+0000  9.40012269215610E-0001 -1.05318181241110E+0000
1.598  1.80126803194073E+0000  3.71892858924320E+0000 -2.22628949183849E+0000
0.916 -1.06890649632334E+0000 -3.63501686500347E+0000  3.78667229019200E+0000
1.553 -1.09345075072162E+0000  3.94877404231920E+0000  2.38062479049425E+0000
1.431  4.04345756916180E+0000  2.65306577020733E+0000 -4.77967421445820E-0001
1.557  3.13025748225060E+0000 -3.21105583699376E+0000 -1.51938653586482E+0000
1.409 -3.12926952148610E+0000  1.95437656834991E+0000  3.19834442281230E+0000
1.256 -2.89463595072180E+0000 -3.52376754888636E+0000  2.13611773889481E+0000
1.561 -3.42164717925692E+0000  2.37781687184759E+0000 -2.24017545480469E+0000
1.641 -1.39060283731930E+0000  4.37042810611130E+0000 -7.71445819586460E-0001
1.283  3.46870529154730E+0000 -1.10372916795720E+0000  3.44056955818810E+0000
1.267 -3.50507829876921E+0000  3.45754847062090E+0000  1.00397887263188E+0000
1.596  2.07322934570352E+0000 -1.25756090761000E+0000  9.27080322495440E-0001
1.647 -2.31763354569605E+0000 -3.96772059624253E+0000 -6.77894744889950E-0001
1.637 -2.57903687897190E-0001  1.59522715577088E+0000  4.36526112381050E+0000
1.572 -4.57954291062109E+0000  8.39836860879240E-0001  7.73675278888420E-0001
1.554  1.30707152937087E+0000 -2.94073220614223E+0000  3.47706865583410E+0000
1.509 -9.21193530147980E-0001 -1.64826835843333E+0000  1.65233852543258E+0000
1.476  1.08720139030130E+0000  1.74479225563113E+0000  1.54829319583427E+0000
1.544 -1.74252416844775E+0000  8.23311691621720E-0001 -4.33900571962725E+0000
1.398 -1.68611418850920E+0000  1.50729468211821E+0000  8.32615678943040E-0001
1.411  6.21465221987480E-0001 -4.72582309484251E+0000 -1.04984449408589E+0000
1.633 -1.98464185935591E+0000 -2.24845119284973E+0000 -3.56506469770282E+0000
ro=1 R=6.29175799578360E+0000
