0.627  9.37299980000000E+0000  6.27000200000000E-0001  3.31830757053776E+0000
1.626  8.37399980000000E+0000  1.72411721870253E+0000  5.01369668057248E+0000
0.730  5.06052046768010E+0000  4.11377459771756E+0000  7.56319006495080E-0001
1.369  3.99685387579782E+0000  6.13099980000000E+0000  3.29041464206646E+0000
0.638  6.38000214749070E-0001  6.86199980000000E+0000  3.31838339980151E+0000
1.155  4.03103221365828E+0000  4.46943029388163E+0000  5.19004535719184E+0000
0.819  3.22029225205827E+0000  8.47934084319440E-0001  3.42195691668660E+0000
0.966  8.89360439266209E+0000  6.53399977716254E+0000  5.26966202933416E+0000
1.572  6.37354996955631E+0000  5.90145764123654E+0000  1.57340855103788E+0000
1.607  8.34735425904126E+0000  1.63210520965917E+0000  1.60700020000000E+0000
1.643  4.92894301360135E+0000  1.64300020000000E+0000  1.64300020000000E+0000
1.613  1.61300020384187E+0000  1.95543298772454E+0000  5.02669667157081E+0000
0.835  6.67457898785845E+0000  3.47707521915849E+0000  5.74092201727011E+0000
1.127  3.27775711155824E+0000  3.34379402681893E+0000  3.30540080005379E+0000
1.095  1.09500022871553E+0000  3.86008249505053E+0000  3.17271378973704E+0000
0.961  3.99982141720831E+0000  6.53899980000000E+0000  9.61000253465630E-0001
0.645  9.35499980000000E+0000  4.81326766270218E+0000  6.45000222097320E-0001
0.674  7.20568463967556E+0000  6.74000200000000E-0001  3.33372775589572E+0000
0.682  2.46936857827126E+0000  3.87282058401662E+0000  5.95623502627449E+0000
1.077  8.65065138636062E+0000  4.33534800838691E+0000  2.14571718464893E+0000
0.627  5.90846397703610E+0000  6.27000200000000E-0001  3.42097220506522E+0000
1.626  4.84902808193852E+0000  1.81730903852038E+0000  5.01369667782154E+0000
0.730  9.26999979489406E+0000  3.00944280422002E+0000  3.25419091682794E+0000
1.369  6.66069189716569E+0000  3.47533312675312E+0000  3.29095293548546E+0000
0.638  3.17250585789484E+0000  6.43126900928190E-0001  5.99508050489531E+0000
1.155  8.73142638537295E+0000  4.42194414251878E+0000  4.38024829223135E+0000
0.819  8.19000200636780E-0001  3.80426328956707E+0000  8.19000200822690E-0001
0.966  3.98331544781783E+0000  6.53399980000000E+0000  5.67369664635242E+0000
1.572  1.61876089015740E+0000  5.92799980000000E+0000  1.57200020201147E+0000
1.607  1.60700022319814E+0000  5.78394792642811E+0000  5.03269665205518E+0000
1.643  1.64300020000000E+0000  1.64300020000000E+0000  1.66245253636160E+0000
1.613  6.40893082495557E+0000  5.88699980000000E+0000  5.02669667894622E+0000
0.835  4.77525164955891E+0000  4.22766401898120E+0000  2.34313506398080E+0000
1.127  8.45129932353302E+0000  6.37299977012387E+0000  3.23027581010889E+0000
1.095  3.24813156982496E+0000  3.83604220565147E+0000  1.11148222985038E+0000
0.961  6.66420075942345E+0000  3.46084922880482E+0000  9.61000200000000E-0001
0.645  6.45000208502000E-0001  6.45000205591550E-0001  3.46326845229912E+0000
0.674  9.32599980000000E+0000  5.11337621058306E+0000  5.96569667206428E+0000
0.682  9.31799979085412E+0000  3.48729930994071E+0000  6.82000210242020E-0001
1.077  8.92299940061877E+0000  6.42299980000000E+0000  1.07792431317598E+0000
 6.63969688057248E+0000