0.934  5.02365688897411E+0000  9.34000640667160E-0001  1.38441200598578E+0001
1.480  1.48000020104615E+0000  8.51999979051675E+0000  8.72465197712886E+0000
1.847  8.04095623972671E+0000  8.15299901835888E+0000  1.88390077965750E+0000
2.353  7.57769014550176E+0000  2.43989861101392E+0000  1.24251205158919E+0001
1.642  8.27275185504356E+0000  8.34649228673729E+0000  6.96057338087113E+0000
1.062  5.32961072085507E+0000  1.14961257258288E+0000  1.12440274707080E+0000
2.411  2.41100030977779E+0000  7.51723066938801E+0000  1.23671205149856E+0001
1.382  5.16482864108336E+0000  5.12047438535136E+0000  1.33961205162402E+0001
0.569  7.11190910187050E-0001  4.95348797226735E+0000  1.12424058102957E+0001
1.023  8.97698661155736E+0000  8.97698502319360E+0000  4.46882651210167E+0000
0.505  9.23427810329103E+0000  6.27755010630130E-0001  1.40785021693182E+0001
1.951  1.97397379230937E+0000  5.10113959761007E+0000  8.63978612955780E+0000
0.485  6.20779247278326E+0000  6.84435933227381E+0000  6.12493007144700E-0001
1.362  5.57935874795760E+0000  1.36200032813527E+0000  3.70140927264698E+0000
0.571  9.27576031433395E+0000  3.77254420681322E+0000  3.43132411577117E+0000
2.080  7.91999980000000E+0000  4.97208880209555E+0000  8.49104652888714E+0000
1.903  5.16653808270109E+0000  1.90300020000000E+0000  8.69426992001473E+0000
1.738  4.46057917337075E+0000  8.26198338184866E+0000  1.73800311451837E+0000
1.532  6.11107936526953E+0000  8.46797551226916E+0000  4.63963468439791E+0000
2.293  2.32544927283202E+0000  2.29300020000000E+0000  2.32143070018807E+0000
0.616  4.89455043145636E+0000  5.06006332374696E+0000  8.21323134976143E+0000
0.597  5.04934149486134E+0000  7.42097656611070E-0001  1.13036622902972E+0001
1.762  8.15859906143026E+0000  5.82340803382308E+0000  4.65236062384350E+0000
0.963  5.07599887889469E+0000  9.02011722134155E+0000  1.38069983061591E+0001
1.011  1.01100035890417E+0000  1.01100037331610E+0000  9.57604750246474E+0000
0.934  3.37408303413859E+0000  5.22947772649370E+0000  3.33412480775373E+0000
1.480  8.51999979359502E+0000  1.48000020000000E+0000  8.83589501856734E+0000
1.847  8.15299967542170E+0000  1.84700024057112E+0000  1.84700020000000E+0000
2.353  7.64699980000000E+0000  7.64699979717415E+0000  1.22104882166434E+0001
1.642  1.64197026498523E+0000  6.10812569164442E+0000  1.64197026498523E+0000
1.062  1.26424845002015E+0000  8.85258029078262E+0000  1.18693522975010E+0000
2.411  2.41100020000000E+0000  2.41100020000000E+0000  1.23671205007223E+0001
1.382  8.61799980000000E+0000  5.01587202019344E+0000  1.38200072140908E+0000
0.569  6.48056171240980E-0001  9.26790563028583E+0000  1.05813635049896E+0001
1.023  4.40824995501544E+0000  1.09115298702978E+0000  5.85526511393812E+0000
0.505  3.03478383478938E+0000  9.35129932690823E+0000  7.47240227359730E+0000
1.951  4.78079536793101E+0000  4.22926669328401E+0000  5.64582672045274E+0000
0.485  5.46004153499030E-0001  5.46004152962290E-0001  1.10451083116645E+0001
1.362  1.36200027469759E+0000  4.20466511671874E+0000  5.28391813797046E+0000
0.571  7.50702968703420E-0001  9.25714600436132E+0000  3.06395995673400E+0000
2.080  4.99039189552791E+0000  7.91999980000000E+0000  8.67221193964265E+0000
1.903  8.09699977318851E+0000  2.26692038332193E+0000  5.57299456834223E+0000
1.738  1.90671676236212E+0000  1.73800027076563E+0000  7.08081861742439E+0000
1.532  4.92822251949879E+0000  4.81014294448412E+0000  1.05083687394343E+0001
2.293  2.39849622670943E+0000  7.70715214927371E+0000  5.15673574690636E+0000
0.616  9.24144094254523E+0000  4.96075830626963E+0000  1.11807517920978E+0001
0.597  6.97646156256283E+0000  3.74267586749399E+0000  3.59543715993928E+0000
1.762  5.50915070467653E+0000  4.74128787153167E+0000  1.76200034978742E+0000
0.963  9.02733705825289E+0000  5.08623153476825E+0000  1.38105297522462E+0001
1.011  8.98898293930246E+0000  8.98898226478017E+0000  9.43295344330358E+0000
 1.47781207162402E+0001
