1.509  7.04471028641250E-0001  3.79249379051674E+0000  5.49099976831237E+0000
1.553  9.26838584567267E+0000  1.08149494587359E+0001  1.55300022618063E+0000
1.399  1.04227355727658E+0001  1.28008320404554E+0001  3.47199164863797E+0000
1.489  4.45348942544497E+0000  3.92099415059290E-0001  5.51076704223161E+0000
1.463  2.51283691130345E+0000  8.46956001205010E+0000  5.53699315678044E+0000
1.650  1.20501587694023E+0001  3.19056557314577E+0000  3.25849520082354E+0000
1.409  4.62126991282743E+0000  6.61930955980191E+0000  1.40900025174433E+0000
1.557  1.27825749602170E+0000  2.93706211314608E+0000  1.56021090855899E+0000
1.430  9.31001507005877E+0000  7.75414295327240E+0000  5.56999977101957E+0000
1.575  8.37625691999692E+0000  1.37513908856350E-0001  1.57545136036841E+0000
1.537  9.03865517424038E+0000  5.48994852316654E+0000  3.41335684832579E+0000
1.586  1.38606586713505E+0001  8.33078483326122E+0000  1.58600022944047E+0000
1.464  4.16820859415683E+0000  1.08834936105140E+0001  5.53599971764409E+0000
1.316  6.21525103840906E+0000  2.60303437712957E+0000  5.68399979008300E+0000
1.653  6.59685520507274E+0000  1.15930267556781E+0001  3.44579491448943E+0000
1.641  8.20986337036273E+0000  1.38271621064656E+0001  1.64100040777640E+0000
1.383  1.01226460137027E+0001  9.19769771976080E-0001  3.83149624304138E+0000
1.342  2.01832757413316E+0000  5.73150019043041E+0000  1.34200021936519E+0000
1.401  7.72821109801317E+0000  2.39552137942239E+0000  3.43678324128957E+0000
1.371  3.68792775438465E+0000  3.51395275732247E+0000  5.62896769401667E+0000
1.482  2.44531936171231E+0000  8.52135954162966E+0000  1.48200045783438E+0000
1.547  2.91297390738831E+0000  1.27168582871595E+0001  3.49875498144449E+0000
1.523  2.61756273939901E+0000  5.75531817973217E+0000  4.14370408913949E+0000
1.291  4.79468235097616E+0000  2.30222387743854E+0000  3.51883263196417E+0000
1.588  9.33314154461158E+0000  1.07736828931851E+0001  5.41199970582300E+0000
1.389 -1.76728046602290E-0001  7.35565703681923E+0000  1.38900065107403E+0000
1.487  4.24860082822213E+0000  1.08799851814423E+0001  1.48700024859736E+0000
1.566 -5.37102430825000E-0003  6.78942161479977E+0000  5.43399974458683E+0000
1.329  6.58214950896418E+0000  9.30589328522300E+0000  1.33044313660707E+0000
1.452  6.92725626054610E+0000  4.54907824902142E+0000  1.45200031880400E+0000
1.569  4.80677100393683E+0000  8.68859335603126E+0000  3.54257484316780E+0000
1.664  1.24478995450159E+0001  1.12515748082870E+0001  1.77468229459974E+0000
1.521  5.04905390624083E+0000  1.37783603319371E+0001  1.56923988729251E+0000
1.311  6.11510883060648E+0000  1.91189519743169E+0000  1.31100023162446E+0000
1.555  5.09364321691917E+0000  1.37557145926751E+0001  5.44499932535668E+0000
1.285  1.18884347582811E+0001  1.59254858201077E+0000  5.71499976952509E+0000
1.635  8.28199053399459E+0000  1.38200916108092E+0001  5.36499968793764E+0000
1.425  1.40683549479260E+0001  5.92567621138853E+0000  3.38556642803575E+0000
1.621  7.68849269786378E+0000  8.06336219582100E-0002  5.37899971505259E+0000
1.432  5.51710043084546E+0000  4.89297189773385E+0000  3.94411922292851E+0000
1.589  1.15293236281631E+0001  5.98002289572796E+0000  1.58900028795885E+0000
1.108  1.43513910809833E+0001  5.69378481312224E+0000  5.89199977641315E+0000
0.964  1.02008306952391E+0001  1.02064403908420E-0001  6.03315692994268E+0000
1.094  1.08647008411502E+0001  1.34048805591860E+0001  1.09400022185465E+0000
1.534  9.65111581230287E+0000  3.28935920611921E+0000  5.46599968632887E+0000
0.729  3.44855365552346E+0000  4.98746314125000E-0003  3.57119855875501E+0000
1.226  1.34801084608018E+0001  3.53457692628323E+0000  5.72999148415376E+0000
1.370  5.82146327173874E+0000 -1.07487529985860E-0001  3.04985898740661E+0000
0.960  6.67785938925057E+0000  1.18952074171458E+0001  6.03999954640591E+0000
1.656  1.16540495517420E+0001  5.76613713758566E+0000  5.29298996739840E+0000
0.701  4.97402337923759E+0000 -6.04019670431770E-0001  7.07070291166210E-0001
1.324  1.11349918138899E+0001  1.04415401051468E+0000  1.32400026775047E+0000
1.346  9.21540824193321E+0000  7.77225610127445E+0000  1.34616575917205E+0000
1.412  4.10056218771218E+0000  3.84678398078324E+0000  1.41200024852887E+0000
0.992  2.66001977579315E+0000  1.32047241626307E+0001  1.00173678623952E+0000
1.504  3.51490059085189E+0000  8.48044904681360E-0001  1.50400023711351E+0000
0.776  1.31745567896639E+0000  7.22906032637346E+0000  2.95066541028991E+0000
1.591  1.25130442114566E+0001  1.12867349451053E+0001  5.02884136329806E+0000
0.785  2.25316287343679E+0000  8.92514393190370E-0001  6.19175954106259E+0000
1.646  1.37995412125417E+0001  8.33072626644480E+0000  5.32057968844452E+0000
1.616  1.12112199660433E+0001  8.63326154380058E+0000  3.35850952266684E+0000
0.824 -3.13257073349390E-0001  4.81478847627828E+0000  8.67064700171370E-0001
1.253  1.38156366342751E+0001  4.32568207310556E+0000  1.25300022514908E+0000
1.209  7.40382423912504E+0000  4.82822469775056E+0000  5.79099963566015E+0000
1.120  1.09430106426940E+0001  1.33263546079842E+0001  5.87999976841386E+0000
1.038  1.13168623598064E+0001  9.13897121269579E+0000  5.96187839352837E+0000
0.652  1.04016229026613E+0001  1.07501396017908E+0001  3.44339723317747E+0000
1.351  2.71010030001700E-0002  5.11369617442371E+0000  3.04657822966888E+0000
1.307  8.11549561075780E+0000  9.01938596015347E+0000  3.45731067804028E+0000
1.559  3.61288941283360E-0001  9.26831416436123E+0000  3.56684107693727E+0000
1.426  2.21285727327716E+0000  1.69106212561474E+0000  4.10428288981804E+0000
0.748  6.41205553339182E+0000 -7.98826794786220E-0001  7.55238350140410E-0001
0.857  1.12138837588977E+0001  9.09425827903451E+0000  8.88717172699790E-0001
0.854 -2.52671085338920E-0001  9.56423492952205E+0000  8.92924705095670E-0001
1.455  1.27863994169349E+0000  1.12264572912683E+0001  1.45974975696918E+0000
1.360  6.67030770108551E+0000  9.52947594236449E+0000  5.63999976829625E+0000
1.295  4.71160527986874E+0000  6.81313048119238E+0000  5.70499974137531E+0000
1.445  9.54486157743168E+0000  3.30782650287429E+0000  1.44500026578843E+0000
1.436  1.29759239269473E+0000  1.12943254501417E+0001  5.56399967219295E+0000
0.953  1.29987158969227E+0001  2.29859560516069E+0000  9.53000866386660E-0001
 8.57453552290537E+0000
