0.783  2.81928198616845E+0000  6.70809974778045E+0000  3.35570397513211E+0000
0.500  5.53499893879370E-0001  5.30036402664558E+0000  5.53424257332890E-0001
1.241  8.75899980000000E+0000  3.00375811502641E+0000  1.25228082206576E+0000
1.300  5.66463585645359E+0000  6.17295789147057E+0000  1.30000023546309E+0000
0.613  6.48121256534311E+0000  5.47381156928517E+0000  6.39391137537563E+0000
1.062  1.06360171247199E+0000  6.43629403331208E+0000  2.74551423950742E+0000
1.631  6.15814149962371E+0000  3.49919547099503E+0000  5.37681539138295E+0000
0.903  6.13022332603921E+0000  9.57980571848310E-0001  6.02548448791309E+0000
1.322  3.04273240823136E+0000  6.17799957583034E+0000  1.32200172162083E+0000
1.665  1.66500020000000E+0000  5.83499843036566E+0000  5.33672588900701E+0000
1.251  6.98758681348836E+0000  1.25100020000000E+0000  1.25100022189307E+0000
0.617  3.39080969116653E+0000  6.17913246086780E-0001  3.58979303412881E+0000
0.895  9.21850262538290E-0001  3.79502204741691E+0000  3.92870000743263E+0000
1.032  3.55196164416269E+0000  4.00950539737693E+0000  5.97172072482605E+0000
0.640  5.82768586533175E+0000  2.61378834330364E+0000  6.40000208424380E-0001
0.882  9.10307182880162E+0000  8.96823159484400E-0001  8.85720304298610E-0001
1.550  8.39281181585878E+0000  5.94999977443926E+0000  2.10420239849782E+0000
1.417  6.40556718410501E+0000  3.61556228847722E+0000  2.34110363585668E+0000
1.017  4.45384706208657E+0000  4.21714078702490E+0000  1.01700020000000E+0000
0.497  9.43615550680114E+0000  6.93451435954174E+0000  3.67034169830303E+0000
0.653  4.71883651640633E+0000  6.84493830754780E-0001  3.69570584139536E+0000
1.513  3.72383607078982E+0000  1.51300020000000E+0000  5.49481538995416E+0000
0.727  4.91795506575564E+0000  2.30036252756288E+0000  3.76754548092475E+0000
0.853  8.54881583070690E-0001  6.64518384262977E+0000  8.53209146601570E-0001
0.709  7.51614018372717E+0000  4.40470348015179E+0000  7.09000209174950E-0001
1.077  1.07700020471740E+0000  3.22350815631660E+0000  5.93081539268437E+0000
0.440  9.41341140353499E+0000  6.90663015341955E+0000  5.46692855013100E-0001
1.035  1.06308027227724E+0000  1.05504632789542E+0000  5.96642344606879E+0000
1.516  3.82397439243022E+0000  4.44386047189845E+0000  3.45993892927579E+0000
1.538  1.53800040116632E+0000  3.75545358410321E+0000  1.53800034982704E+0000
0.534  7.26500411192462E+0000  6.91003336179275E+0000  5.75891176805180E-0001
0.633  9.36699973145398E+0000  4.66469320732483E+0000  6.33000229198830E-0001
1.622  8.37799980000000E+0000  5.87489132812503E+0000  5.27527887457476E+0000
1.358  4.65940594943940E+0000  6.10710235420703E+0000  5.64981538695568E+0000
0.568  7.06235602983907E+0000  2.96348982317206E+0000  5.75093195659970E-0001
0.753  2.39956129967098E+0000  3.15531009349070E+0000  4.66784956979610E+0000
1.480  8.51999961210825E+0000  1.48000026126641E+0000  5.52781522048737E+0000
1.055  1.05500035041498E+0000  1.05500035041493E+0000  1.05500021717066E+0000
1.659  4.00137230515891E+0000  1.65900026802750E+0000  1.65900045787561E+0000
1.479  1.47900020000000E+0000  1.47900021276654E+0000  3.51703319812675E+0000
0.609  7.03308856889570E+0000  4.85068681078053E+0000  3.81940062058267E+0000
0.708  6.49700577647457E+0000  6.79199980000000E+0000  6.29981540322741E+0000
1.254  8.74599927484903E+0000  3.49850641941165E+0000  3.69770156396616E+0000
0.832  9.09139160471819E+0000  3.66348713140252E+0000  6.14005555261487E+0000
1.173  8.81602170652334E+0000  1.18766788972348E+0000  2.90356653933789E+0000
1.138  6.16826215997191E+0000  6.36199980000000E+0000  3.67791315505441E+0000
0.582  5.97311635130964E+0000  4.46087040362113E+0000  5.82000426375110E-0001
0.523  3.31543586649613E+0000  2.42544840865286E+0000  3.64829638796389E+0000
1.218  6.54521119240084E+0000  1.22392961588443E+0000  3.69020792669658E+0000
0.819  4.37549734320676E+0000  6.66597544440585E+0000  2.93838057899597E+0000
 7.00781560322741E+0000
