1.377  3.43264690935985E+0000  3.35531906356617E+0000  1.37700028103182E+0000
1.646  1.64600022485725E+0000  8.35399979238454E+0000  1.92578620882346E+0000
1.572  3.85786950450388E+0000  3.83615307666891E+0000  7.25043894370871E+0000
1.500  8.42575771147029E+0000  8.27992168834041E+0000  7.33309880327249E+0000
1.364  8.63599300913717E+0000  8.63599979288252E+0000  4.49910728046850E+0000
1.294  4.49565723137378E+0000  8.70599978488287E+0000  1.29400020716815E+0000
1.341  3.84611121267942E+0000  6.16088945581004E+0000  5.46363813460711E+0000
1.304  8.69599970232624E+0000  4.55375152413986E+0000  1.30400020275311E+0000
1.441  3.87298216646684E+0000  8.55899970228303E+0000  4.05371907348742E+0000
1.357  1.40482706026071E+0000  1.35700020000000E+0000  4.47314319394461E+0000
1.505  1.54036567207834E+0000  1.50500040890422E+0000  7.32809881429925E+0000
1.348  6.14667773839797E+0000  8.65199978976263E+0000  5.66622742900733E+0000
1.284  5.47155516422493E+0000  1.28400031952553E+0000  1.28400020000000E+0000
1.547  1.54700031013797E+0000  6.20254345631068E+0000  7.28609866640068E+0000
1.271  3.58174054305861E+0000  1.27100020000000E+0000  3.00343580839996E+0000
1.420  8.57999980000000E+0000  8.52933033650994E+0000  1.42000021555370E+0000
1.447  8.55299968647782E+0000  3.74398968688737E+0000  3.92923176861014E+0000
1.381  1.39080912918167E+0000  8.58801855755780E+0000  5.44194421762734E+0000
1.417  1.41700020141299E+0000  1.42089197795379E+0000  1.41700020731512E+0000
1.565  3.91757421474450E+0000  6.10015145342749E+0000  2.31833311278245E+0000
1.377  8.62299955870971E+0000  1.37700036247796E+0000  5.51790231985564E+0000
1.646  8.35399975627414E+0000  1.64600020348719E+0000  1.66527676994966E+0000
1.572  6.13798128448526E+0000  6.20604149246159E+0000  7.26109882117773E+0000
1.500  6.20721631893981E+0000  1.50000020000000E+0000  3.96034192190187E+0000
1.364  8.63599600995903E+0000  5.95537442400410E+0000  5.67334607021926E+0000
1.294  6.40801741238735E+0000  8.70599943245869E+0000  3.03773892640773E+0000
1.341  6.28643952324402E+0000  3.85399005209579E+0000  5.54896987051514E+0000
1.304  1.30400024111798E+0000  5.49062405940014E+0000  1.30400020000000E+0000
1.441  3.88948879484336E+0000  3.71219621317750E+0000  4.14396164618569E+0000
1.357  3.85708628923081E+0000  1.35700030784572E+0000  5.65419645004683E+0000
1.505  8.49499975330361E+0000  3.61591347376448E+0000  7.32809879127302E+0000
1.348  1.34800108217934E+0000  3.81365215506755E+0000  5.66294571706527E+0000
1.284  1.28400032864953E+0000  3.57376865985159E+0000  3.04268115930541E+0000
1.547  6.25166676404070E+0000  1.54700052533733E+0000  7.28609839496617E+0000
1.271  8.72899977176691E+0000  6.41721844741472E+0000  3.08080327049427E+0000
1.420  6.12532183949416E+0000  3.80212802905354E+0000  2.13032442012313E+0000
1.447  1.44700022578013E+0000  6.10923133987159E+0000  4.04429169102351E+0000
1.381  6.69009915378200E+0000  6.45598515175909E+0000  1.38247981590469E+0000
1.417  6.26895886514739E+0000  6.22943188378942E+0000  4.14770592245471E+0000
1.565  3.71503197685096E+0000  8.43499980000000E+0000  7.26809882025921E+0000
 8.83309902117773E+0000
