0.717  9.22014127402269E+0000  7.53605909715400E-0001  5.82569436617285E+0000
0.895  3.76371156295850E+0000  3.94361128054078E+0000  8.95000308330010E-0001
1.068  1.11269881211289E+0000  1.10470525111820E+0000  1.12645377006197E+0000
1.195  1.19500508837329E+0000  2.90642982213109E+0000  8.19237766911108E+0000
1.418  6.42157426981453E+0000  4.00729897297201E+0000  7.96937786324589E+0000
1.492  8.50799979596073E+0000  3.94352456871434E+0000  5.80487312666280E+0000
1.327  5.35783571770695E+0000  1.32700162160988E+0000  8.06037762719654E+0000
0.650  2.25414530185772E+0000  3.65520668183476E+0000  4.04372076748371E+0000
1.508  8.43920394659324E+0000  3.77511499031982E+0000  1.52055714729243E+0000
0.857  9.14299919066971E+0000  6.64299915891704E+0000  5.76445200392154E+0000
1.637  1.63835144725252E+0000  5.86299980000000E+0000  7.75037785423302E+0000
1.591  8.25046924275022E+0000  1.59100020000000E+0000  7.78162248375931E+0000
1.564  3.73603587484871E+0000  1.57153289827479E+0000  1.56400020000000E+0000
1.473  6.33998158604704E+0000  3.93477655096528E+0000  3.73771420358689E+0000
1.206  6.31665701005779E+0000  2.37371721418763E+0000  5.91857773210533E+0000
1.359  3.36450725392708E+0000  6.11291035542934E+0000  1.35900020643320E+0000
1.299  4.55050110857545E+0000  6.20099980000000E+0000  3.73610454323831E+0000
1.493  1.49300022433328E+0000  3.64854206195985E+0000  1.57275422222502E+0000
0.674  3.72365121209103E+0000  2.23765862538598E+0000  3.84661896263494E+0000
1.190  6.54037435541477E+0000  1.19000022077448E+0000  1.56258692529270E+0000
0.727  9.21107671093508E+0000  3.80640878053796E+0000  3.66147880051905E+0000
0.714  7.27149276945020E-0001  6.77276229546800E+0000  5.77061304356562E+0000
1.153  2.82292767397798E+0000  1.15300047478428E+0000  8.23437783688600E+0000
1.028  3.31593400208198E+0000  6.47199970547118E+0000  5.77122006455197E+0000
1.335  4.14823414021129E+0000  4.27826776132751E+0000  5.49088399164515E+0000
0.717  7.19219301411900E-0001  3.67880549906773E+0000  3.65558435648120E+0000
0.895  9.10499980000000E+0000  3.81469133907386E+0000  8.49237784531859E+0000
1.068  8.91119290168875E+0000  6.40877546094030E+0000  1.07327863714186E+0000
1.195  1.19500661506060E+0000  1.19500094187482E+0000  6.52411030061990E+0000
1.418  3.72779579541792E+0000  1.58364525383150E+0000  5.86672035057112E+0000
1.492  6.35406185580946E+0000  6.00799979778301E+0000  5.85733129340411E+0000
1.327  1.32700025574973E+0000  3.66195435311096E+0000  5.78982751196723E+0000
0.650  5.59597146213131E+0000  6.61899634916950E-0001  6.14354389495250E+0000
1.508  8.49199969728491E+0000  5.99199956100278E+0000  3.58600601404022E+0000
0.857  8.57000283164260E-0001  8.57000808757800E-0001  8.53037725592195E+0000
1.637  1.63700023506922E+0000  5.84375247938060E+0000  3.79923668843933E+0000
1.591  8.36030801619542E+0000  1.59100020000000E+0000  3.81773758452201E+0000
1.564  1.56400020000000E+0000  1.56400020249519E+0000  3.81490908558828E+0000
1.473  8.48934310638403E+0000  6.02699980000000E+0000  7.91437786920808E+0000
1.206  3.76394036596248E+0000  3.93877181053838E+0000  3.00216019790888E+0000
1.359  3.67228737219026E+0000  3.50831181257171E+0000  8.02831882842047E+0000
1.299  5.48509920230998E+0000  1.29900020296729E+0000  3.81417234964341E+0000
1.493  6.34139343553515E+0000  6.00699980000000E+0000  1.49300056109105E+0000
0.674  3.61613574745303E+0000  6.78979207282770E-0001  3.63539572497836E+0000
1.190  5.75652317901927E+0000  3.40611362649258E+0000  1.19000036386545E+0000
0.727  7.38049469678319E+0000  7.41428789619590E-0001  5.77145103277119E+0000
0.714  6.50403211883330E+0000  6.73768003433872E+0000  8.61940633300724E+0000
1.153  8.84699978989829E+0000  1.15300022208288E+0000  1.15300020000000E+0000
1.028  1.02800022439238E+0000  6.47199963911753E+0000  1.02800043446970E+0000
1.335  4.57950434583266E+0000  6.16499816931264E+0000  8.05237775578076E+0000
 9.38737806920808E+0000
