0.964  3.90301794869167E+0000  5.88621884927490E+0000  1.17220959914257E+0000
0.641  8.00678088015386E+0000  5.14919806365287E+0000  1.48017245176247E+0000
0.848  4.04526446478659E+0000  8.48000200000000E-0001  8.48000216603220E-0001
0.794  5.86186396219411E+0000  3.66124293097888E+0000  1.34221108495434E+0000
0.738  5.28850479163366E+0000  4.97261018740279E+0000  7.38562427763250E-0001
0.948  9.04796015199449E+0000  9.56667868379580E-0001  1.16766632652681E+0000
0.705  7.05000207605240E-0001  9.29499980000000E+0000  7.05000228366020E-0001
0.885  4.83103483864655E+0000  2.33906567547477E+0000  1.25121116907824E+0000
0.845  2.13302610111739E+0000  9.15499955462812E+0000  1.29121115548198E+0000
0.712  7.12000203808160E-0001  7.12000282011030E-0001  7.12000235599390E-0001
0.831  7.28911851858782E+0000  6.29269118567160E+0000  8.31000209226840E-0001
0.750  5.68746952967068E+0000  6.25301745037070E+0000  1.38486133367829E+0000
0.778  2.40080549316237E+0000  3.34831377645809E+0000  1.35821114236760E+0000
0.835  8.35000255834260E-0001  5.97711940888182E+0000  8.35000284884910E-0001
0.941  9.41000238461000E-0001  4.24126458215394E+0000  1.19520814125354E+0000
0.958  1.00328663506385E+0000  7.72890044246048E+0000  1.17821103973307E+0000
0.907  4.74665914524915E+0000  7.53502946535802E+0000  9.07000403257170E-0001
0.826  6.48639454090119E+0000  2.25842814056907E+0000  8.26000232944610E-0001
0.950  4.00201666524674E+0000  3.97483160379900E+0000  1.18620773029735E+0000
0.887  3.86340351945351E+0000  9.09290744241511E+0000  1.24921109324457E+0000
0.964  9.72949542979070E-0001  2.33936767102700E+0000  1.04260798035684E+0000
0.641  9.35899980000000E+0000  7.68611250812574E+0000  1.49521118212304E+0000
0.848  9.15199976982423E+0000  2.79166635932480E+0000  8.48000254725740E-0001
0.794  8.10703168171647E+0000  7.69635616462355E+0000  7.94000200000000E-0001
0.738  6.60948938815049E+0000  4.99726143809293E+0000  1.39821117666239E+0000
0.948  2.28461856491237E+0000  9.48000277808510E-0001  1.18821116967338E+0000
0.705  7.88475494251917E+0000  2.10919593111698E+0000  1.43121116794131E+0000
0.885  7.33408246835016E+0000  9.11499980000000E+0000  1.25121117284568E+0000
0.845  5.70348724716767E+0000  8.45327065234420E-0001  1.28960157933198E+0000
0.712  2.26003497058725E+0000  6.10088161204689E+0000  1.42421113142878E+0000
0.831  9.16899954893228E+0000  4.47049468431438E+0000  8.31000859367750E-0001
0.750  3.27706701312937E+0000  2.25422487288116E+0000  7.50000219781780E-0001
0.778  2.53192926944329E+0000  4.78612442621609E+0000  7.78000289340530E-0001
0.835  6.43979594320825E+0000  7.64661530704197E+0000  1.30121104705025E+0000
0.941  9.05677707872130E+0000  6.23551361303707E+0000  9.41000365162070E-0001
0.958  7.57281281564501E+0000  3.67263286388185E+0000  9.58000661611370E-0001
0.907  9.09257652270762E+0000  9.09299980000000E+0000  9.07000312728590E-0001
0.826  7.30935000309750E+0000  8.26000212841860E-0001  8.26000276219920E-0001
0.950  2.89037902471557E+0000  7.56376781332543E+0000  9.50000332532050E-0001
0.887  5.59991642629898E+0000  9.11299961829606E+0000  8.87000234602240E-0001
 2.13621138212304E+0000