2.463  2.46300029548642E+0000  5.03699969008204E+0000  5.71589448263133E+0000
2.214  7.13233552900809E+0000  2.21400040575257E+0000  3.47008041326067E+0001
1.500  1.50181553718797E+0000  5.99885514925925E+0000  2.78556735671358E+0001
2.439  2.50883482860930E+0000  2.43900020000000E+0000  2.05439005256698E+0001
1.424  8.51861583629672E+0000  6.04998500899253E+0000  2.77311335908949E+0001
2.027  2.20329189968162E+0000  5.47299980000000E+0000  1.02313421850822E+0001
1.698  1.69800020000000E+0000  5.80199980000000E+0000  1.69800020000000E+0000
1.474  8.49704473827230E+0000  1.48925215477578E+0000  3.12979873707594E+0001
1.772  5.00674723507883E+0000  5.72799980000000E+0000  2.13657515728098E+0001
1.981  8.01899980000000E+0000  5.50490798633251E+0000  1.05780879037277E+0001
2.048  2.04800020000000E+0000  2.08884482353501E+0000  2.04800020321576E+0000
1.518  5.25030998224684E+0000  5.98199980000000E+0000  8.49248402345298E+0000
2.037  5.35624104369370E+0000  2.03700028807713E+0000  1.64585411150767E+0001
1.822  5.05486766573262E+0000  5.67799967701960E+0000  1.77724211746835E+0001
1.777  5.02206243470784E+0000  1.77700023767016E+0000  4.43302324941930E+0000
2.387  5.33644340229949E+0000  2.38700022949297E+0000  1.20484518015653E+0001
2.237  7.76299980000000E+0000  5.24409365453529E+0000  1.47802263311895E+0001
1.574  8.42599979080132E+0000  5.92599980000000E+0000  1.84706408788042E+0001
1.976  8.02399980000000E+0000  1.97600020000000E+0000  8.63613702312950E+0000
1.495  1.49500033407334E+0000  1.49500022121865E+0000  3.17380806194248E+0001
1.887  5.07156155324584E+0000  4.66996739837263E+0000  2.13367674638703E+0000
2.052  2.87567163206628E+0000  2.44369762767662E+0000  3.48645698972897E+0001
2.291  2.29100020000000E+0000  2.29100020000000E+0000  2.79294829426045E+0001
2.302  7.69799445445632E+0000  5.19799555960998E+0000  3.13585690991207E+0001
2.300  2.30000020000000E+0000  5.19501511255292E+0000  3.14853092877112E+0001
1.743  4.38110493149009E+0000  1.98831273074993E+0000  7.88771909470129E+0000
2.238  2.27244570030614E+0000  5.25725310252775E+0000  2.42717112083482E+0001
2.032  7.96799980000000E+0000  2.03200020000000E+0000  2.03200020000000E+0000
1.642  8.35799980000000E+0000  5.85799980000000E+0000  1.64200020000000E+0000
1.550  8.44999947142430E+0000  1.55000024883542E+0000  1.43079150471077E+0001
1.995  5.04517234256493E+0000  2.00575665529717E+0000  2.41581896394947E+0001
1.356  8.59028943466360E+0000  1.38187439058421E+0000  5.35137236881845E+0000
1.799  4.96580691890311E+0000  5.67707788283714E+0000  3.45633714997704E+0001
1.935  5.00320784357772E+0000  1.93500300016229E+0000  3.11507069269873E+0001
1.531  1.53100027902963E+0000  1.53100020941312E+0000  1.33949639264074E+0001
1.326  5.07605642553706E+0000  6.14071768066789E+0000  1.21440480729525E+0001
2.383  7.61699980000000E+0000  5.02129853574066E+0000  5.54398669655398E+0000
1.470  8.52999977762378E+0000  1.47000020848173E+0000  2.40076814926617E+0001
1.655  8.34499919965349E+0000  5.84499962984749E+0000  3.52615689691120E+0001
2.201  7.79899980000000E+0000  5.29899980000000E+0000  2.41593185431563E+0001
2.348  7.65199980000000E+0000  2.34800020000000E+0000  2.76181328828703E+0001
1.923  4.91606091133288E+0000  5.57699980000000E+0000  2.81922793231081E+0001
1.738  1.73800020000000E+0000  1.73800020000000E+0000  1.01390975058417E+0001
1.670  1.67000020988898E+0000  1.67000043421863E+0000  1.65956242126288E+0001
2.450  7.54999974393360E+0000  2.47624102130830E+0000  2.03479707698743E+0001
1.625  1.62500020000000E+0000  5.87499979120774E+0000  3.52915704461162E+0001
1.407  1.43744766545673E+0000  1.42955923665390E+0000  6.76574100134471E+0000
1.524  1.52400020000000E+0000  1.52400020000000E+0000  2.42719359312677E+0001
2.351  2.41478190191875E+0000  5.11727553172782E+0000  1.45897386467142E+0001
1.652  1.65200020000000E+0000  5.84799980000000E+0000  1.84508548481300E+0001
 3.69165706461162E+0001
