0.964  3.59338066833980E+0000  9.69543873890980E-0001  3.21666260778519E+0000
0.808  3.01809971973393E+0000  3.70600232409691E+0000  8.43911037854340E-0001
0.958  6.69984636568416E+0000  7.25532240642053E+0000  9.58000200000000E-0001
0.684  7.27087404001880E-0001  2.70105258992963E+0000  3.46936115867530E+0000
1.583  1.58300020000000E+0000  4.67351010256516E+0000  2.59882151500595E+0000
1.604  5.07538333466413E+0000  8.39599979643479E+0000  2.57782151403298E+0000
1.248  8.57112071935488E+0000  1.35618211557207E+0000  1.24800045325389E+0000
1.276  8.72399980000000E+0000  5.80551549051360E+0000  1.27600021696444E+0000
0.931  2.87504934519237E+0000  6.72928232448781E+0000  3.25081048169966E+0000
1.652  1.65201022780530E+0000  8.34794142364365E+0000  1.65202643314045E+0000
1.192  6.49707511199747E+0000  3.34552274546669E+0000  1.19200020000000E+0000
1.452  4.34522798769376E+0000  3.42247270994188E+0000  2.72966961509057E+0000
1.220  4.44588610103057E+0000  1.22000342218315E+0000  1.22000096964048E+0000
1.621  8.37899977562779E+0000  8.37899976869813E+0000  2.56082150619511E+0000
1.367  6.47751436152119E+0000  1.36700020144280E+0000  2.81482151173609E+0000
1.351  3.89415974599198E+0000  5.98111932043733E+0000  1.35100020000000E+0000
1.622  1.66132770313118E+0000  1.62200020244138E+0000  1.62200024253980E+0000
0.901  9.09899851171903E+0000  9.01001789450710E-0001  3.28082117145678E+0000
1.422  8.57799940990411E+0000  3.55692280314096E+0000  2.75982131507038E+0000
1.489  6.36200611990301E+0000  5.56296607472922E+0000  2.69282152334798E+0000
 4.18182172334798E+0000
