0.630  5.71734024630769E+0000  2.02793402828124E+0000  9.08857279869480E-0001
0.981  4.81760392637508E+0000  6.46048161457666E+0000  9.81000205918110E-0001
0.630  3.96254963870644E+0000  4.77945388447835E+0000  9.41031401787950E-0001
0.981  2.75986360666947E+0000  6.34611780562893E+0000  9.81000205915720E-0001
0.630  9.02352109883781E+0000  6.48161674648847E+0000  9.51885279703060E-0001
0.981  6.87424877677350E+0000  6.41948413225900E+0000  9.81000205914090E-0001
0.630  9.15340651215443E+0000  3.19685345118769E+0000  9.45006155628670E-0001
0.981  5.82326505967357E+0000  4.26608863356093E+0000  9.81000205921810E-0001
0.630  8.27464747691920E-0001  8.59681069104420E-0001  9.55666772000190E-0001
0.981  8.16132875295474E+0000  4.77245234934928E+0000  9.81000205917290E-0001
0.630  8.29261687587610E-0001  2.81653978781545E+0000  9.47347742843720E-0001
0.981  8.91135010732204E+0000  1.16234043701215E+0000  9.81000205916660E-0001
0.630  7.01671160533908E+0000  7.98164438189600E-0001  9.54088632116840E-0001
0.981  4.30291840298806E+0000  1.00662388533383E+0000  9.81000205944440E-0001
0.630  8.20859663833460E-0001  6.56464865474860E+0000  9.50290752787960E-0001
0.981  7.30797557055211E+0000  2.80588859842205E+0000  9.81000206046910E-0001
0.630  4.17413889570453E+0000  2.99354457689358E+0000  9.58499992828070E-0001
0.981  2.42103956695108E+0000  1.81081877675591E+0000  9.81000205917100E-0001
0.630  2.60797362592227E+0000  3.74391643991582E+0000  9.45731581666110E-0001
0.981  1.04068037419488E+0000  4.71181001413403E+0000  9.81000205924130E-0001
 1.96200040604691E+0000
