0.898  4.18056591852612E+0000  4.66872744133374E+0000  6.18752541168449E+0000
1.678  8.11697947346770E+0000  3.25476467690937E+0000  7.00115349499453E+0000
0.805  6.36674814730302E+0000  6.67313750485128E+0000  3.04098586776933E+0000
1.063  2.75465293793294E+0000  3.05909825935498E+0000  7.32278545633841E+0000
1.188  1.19649588171887E+0000  1.27929475679291E+0000  6.99072081876213E+0000
0.898  2.93655368715373E+0000  9.43009752193470E-0001  5.77992868832182E+0000
1.678  8.27261483059010E+0000  5.82156635195548E+0000  1.67837393543080E+0000
0.805  4.73096809355994E+0000  8.05055519689020E-0001  4.70597169459688E+0000
1.063  5.63419877689611E+0000  1.35663568981631E+0000  3.14196748629510E+0000
1.188  8.81161724294829E+0000  6.03626568482891E+0000  6.94938342390805E+0000
0.898  7.25605857427178E+0000  4.14036081179053E+0000  3.63198004078075E+0000
1.678  5.10061143720809E+0000  1.67820930609300E+0000  7.00107062248302E+0000
0.805  9.19374635377048E+0000  3.83027064879907E+0000  2.84284350209716E+0000
1.063  1.15764763238943E+0000  4.29970314737362E+0000  1.14071927416876E+0000
1.188  3.33673178434863E+0000  6.30635045166947E+0000  1.19662054816756E+0000
0.898  9.01792861592301E+0000  9.59896801913480E-0001  1.12773588619718E+0000
1.678  3.64445266843512E+0000  2.99672387117806E+0000  4.27992038817566E+0000
0.805  7.40825979604989E+0000  1.05784654636686E+0000  6.08548091744363E+0000
1.063  3.74442634718932E+0000  6.43667073201873E+0000  5.30664567170907E+0000
1.188  1.21601607199960E+0000  1.20278338249137E+0000  4.59656030076535E+0000
0.898  8.99744322908020E-0001  3.28636010922859E+0000  3.65757275062358E+0000
1.678  1.67830680397659E+0000  5.74270327703695E+0000  3.64430128654029E+0000
0.805  6.32680227251601E+0000  8.05411854607090E-0001  4.91963516944342E+0000
1.063  6.29939602496821E+0000  3.05859385821365E+0000  4.95875982834881E+0000
1.188  6.87086313047907E+0000  1.20713431682428E+0000  1.22829139788139E+0000
0.898  3.14290684333549E+0000  4.39250384129875E+0000  2.01046920918158E+0000
1.678  8.32185521285526E+0000  1.67836583136680E+0000  3.72651612352544E+0000
0.805  3.70823970017822E+0000  8.28226659871090E-0001  3.04553267172804E+0000
1.063  5.68951626643133E+0000  4.37626361571289E+0000  7.60975598482294E+0000
1.188  4.44403313912600E+0000  1.19296922981945E+0000  1.19956871580910E+0000
0.898  6.98365978608860E+0000  6.60159520279936E+0000  7.78104356837721E+0000
1.678  1.67896254491107E+0000  1.67857056600056E+0000  1.80113973876424E+0000
0.805  9.15812242765020E+0000  1.15241994319131E+0000  7.86770903181077E+0000
1.063  8.93549422922307E+0000  6.43694811792946E+0000  4.26603360102214E+0000
1.188  8.45057947116318E+0000  3.00311343429005E+0000  1.18819172041227E+0000
0.898  8.98122303896490E-0001  3.49422636876528E+0000  7.78115292629809E+0000
1.678  1.67912960952587E+0000  5.82183689932257E+0000  7.00088021238428E+0000
0.805  3.36247143706646E+0000  3.20864401770856E+0000  8.05476417535960E-0001
1.063  5.63395961727158E+0000  6.43672979380557E+0000  1.06421372261513E+0000
1.188  4.51751764129766E+0000  6.31109193210066E+0000  7.48619402404984E+0000
0.898  9.10161971519617E+0000  9.01817366471480E-0001  6.18069391040998E+0000
1.678  5.61986899895633E+0000  3.76523230853499E+0000  1.67800961686862E+0000
0.805  2.93232114859028E+0000  8.18553232087010E-0001  7.86414225439976E+0000
1.063  1.06547262632739E+0000  6.43490210881424E+0000  1.06360661882518E+0000
1.188  1.18801631635138E+0000  3.30317624329486E+0000  5.72422700053737E+0000
0.898  7.42862587290620E+0000  8.98080229289320E-0001  7.78104511054922E+0000
1.678  6.41425671480330E+0000  5.82171252319008E+0000  5.39279249844659E+0000
0.805  3.84138684313345E+0000  4.47601334991934E+0000  7.87261285126959E+0000
1.063  8.93698398724129E+0000  4.34090239249717E+0000  4.62185084907933E+0000
1.188  4.51794914594016E+0000  5.92276655868428E+0000  3.23376936973245E+0000
 8.67915369499453E+0000
