1.815  2.05130461781778E+0000  1.96678448756813E+0000  1.84204973105797E+0000
1.263  4.82387885381684E+0000  8.73699895054468E+0000  4.83046591254446E+0000
0.938  6.96043205396721E+0000  6.88578005911135E+0000  9.98885330136400E-0001
0.543  6.54241559095095E+0000  7.21611050631650E-0001  6.21955686317639E+0000
1.815  4.54754009946142E+0000  8.18499980000000E+0000  1.81500041013845E+0000
1.263  4.07875567251431E+0000  6.32702492144506E+0000  4.22378793426534E+0000
0.938  8.95886588297060E+0000  6.98545836986260E+0000  9.93484799018300E-0001
0.543  6.54253453488020E-0001  6.28351612692923E+0000  6.29437288989797E+0000
1.815  8.18499980000000E+0000  4.52676873451499E+0000  2.14960620945483E+0000
1.263  7.82412048550013E+0000  4.64296499693914E+0000  5.72311503885490E+0000
0.938  8.79519690338509E+0000  6.92158498664366E+0000  5.99407156491984E+0000
0.543  6.80052508132670E-0001  3.77576766475402E+0000  6.91363358079790E-0001
1.815  1.81500029754967E+0000  8.18499972522675E+0000  5.17111483346937E+0000
1.263  1.26300025742789E+0000  8.73699980000000E+0000  1.26300026092623E+0000
0.938  6.20882093468406E+0000  5.91803142217168E+0000  3.58837349884597E+0000
0.543  2.44399214932590E+0000  6.88921425011730E-0001  6.30855330274646E+0000
1.815  8.18499887021977E+0000  1.81500027107931E+0000  4.56274031889475E+0000
1.263  8.73699980000000E+0000  1.26300025683455E+0000  1.26300026027874E+0000
0.938  7.00533499863106E+0000  9.06199928663505E+0000  9.38000313828590E-0001
0.543  3.76149960676538E+0000  9.20318047757116E+0000  6.35385424971384E+0000
1.815  5.76478827306617E+0000  1.84208644472583E+0000  1.81500020000000E+0000
1.263  5.29878484072652E+0000  4.70091745129278E+0000  5.72311502462392E+0000
0.938  9.02046300012440E+0000  9.01072872836585E+0000  9.49308586214590E-0001
0.543  9.26128336216339E+0000  6.33749150450180E-0001  6.37061270378153E+0000
1.815  1.84208641801801E+0000  5.76478826734081E+0000  1.81500020000000E+0000
1.263  5.33004813073603E+0000  5.25975392606949E+0000  1.26300021801234E+0000
0.938  6.17791346837459E+0000  3.69274937721312E+0000  3.92117855189472E+0000
0.543  6.01650093721550E-0001  6.03743948483870E-0001  3.21106955390652E+0000
1.815  7.96375724957610E+0000  8.18499976632525E+0000  3.36520251190578E+0000
1.263  1.31171827251093E+0000  1.32109474140544E+0000  4.81175913276823E+0000
0.938  9.01669713005069E+0000  8.89221603116017E+0000  5.91562242890081E+0000
0.543  6.26390411537220E-0001  6.40274214061700E-0001  6.39095183773082E+0000
1.815  4.38179809946137E+0000  1.81500020000000E+0000  5.17111512192686E+0000
1.263  6.39843320927329E+0000  6.97500045398258E+0000  5.72311481830621E+0000
0.938  7.12124728534858E+0000  9.04425251148510E+0000  6.00587701025127E+0000
0.543  7.71083404942717E+0000  2.72441988012587E+0000  5.93260611573630E-0001
1.815  1.81500020000000E+0000  4.38179809519413E+0000  5.17111512223393E+0000
1.263  4.06664738181506E+0000  4.06664738155447E+0000  3.09630147411518E+0000
0.938  9.06199970128071E+0000  5.87517234881298E+0000  4.38381553174040E+0000
0.543  2.35970818523913E+0000  9.16742526113328E+0000  2.89559443743923E+0000
 6.98611532223393E+0000