0.845  8.45001476680180E-0001  3.90316302261203E+0000  5.01908186851448E+0000
1.326  4.61584844566553E+0000  6.11652407621148E+0000  4.53808211876029E+0000
1.447  1.44700023768629E+0000  1.44700035668946E+0000  4.41708214416850E+0000
1.486  1.54563585922882E+0000  1.48600045249094E+0000  1.48600020000000E+0000
1.647  8.35299950700938E+0000  1.64700041271596E+0000  1.83533936582543E+0000
1.107  7.19303747801550E+0000  6.20246061646552E+0000  1.10700021670218E+0000
1.245  8.75499851035825E+0000  4.44942308336711E+0000  1.24500542812626E+0000
1.166  8.83397925023348E+0000  6.33399877843000E+0000  2.88331661250263E+0000
1.391  3.20664753292805E+0000  3.83315777645858E+0000  1.39100065825889E+0000
1.501  3.55398744738686E+0000  3.50623186171739E+0000  4.31278671325206E+0000
1.499  1.80163849914924E+0000  5.94068071141984E+0000  4.36508214933830E+0000
0.634  4.40496263916734E+0000  2.49604468216321E+0000  2.48758449936699E+0000
0.879  9.12099980000000E+0000  6.62099968001401E+0000  8.79000478778380E-0001
0.797  3.37270552521297E+0000  6.69010753556960E+0000  2.85483757082495E+0000
1.191  1.19517491305446E+0000  3.67453330350627E+0000  3.02649415095519E+0000
1.589  8.41099540295756E+0000  3.97871525047026E+0000  4.24851112184570E+0000
1.253  4.58287077707658E+0000  6.21186401468740E+0000  1.25979052160427E+0000
0.897  9.10299957244370E+0000  6.60299530304019E+0000  4.96707949848109E+0000
1.261  5.46506056220536E+0000  1.27382330307894E+0000  1.28881305020818E+0000
0.971  6.13541947659635E+0000  6.52899968816433E+0000  2.86566509450361E+0000
1.137  7.10285409894448E+0000  6.32196472656503E+0000  4.72708201606167E+0000
0.917  3.68903025376016E+0000  9.17000390041950E-0001  4.94708195703847E+0000
0.735  3.56404077842343E+0000  7.79787334348440E-0001  7.77424773804090E-0001
1.605  6.00892195060093E+0000  1.60500027433029E+0000  4.23627595226958E+0000
1.582  6.09773253259093E+0000  3.94543784448784E+0000  2.07492524783494E+0000
1.221  8.77899980000000E+0000  1.22100037657728E+0000  4.64308187039166E+0000
0.999  5.90059798530918E+0000  4.19373455035370E+0000  4.85715576736284E+0000
1.445  1.44500021528081E+0000  6.05499979256124E+0000  1.44500020000000E+0000
1.021  3.61473972758815E+0000  1.05459054346406E+0000  2.94133186716069E+0000
0.928  9.28001831617840E-0001  3.79744079911898E+0000  9.28000418025610E-0001
 5.86408234933830E+0000