0.898  9.88993214512000E-0001  9.78834633662060E-0001  1.03629202069368E+0001
1.678  6.31305007710907E+0000  1.67800020000000E+0000  6.12142389718890E+0000
0.805  6.14142567234152E+0000  1.56066405917271E+0000  3.62358341803028E+0000
1.063  8.81581355906720E+0000  1.07725510926719E+0000  7.66596190454684E+0000
1.188  1.21626367059334E+0000  3.80123110252436E+0000  6.43824301046211E+0000
0.898  9.82696090619880E-0001  9.39162129880520E-0001  9.57009619064410E-0001
1.678  8.32199979306658E+0000  3.27748700855323E+0000  3.96075232173935E+0000
0.805  7.24963178571601E+0000  8.61841065459440E-0001  2.56880146311816E+0000
1.063  1.06300020670519E+0000  1.06300021289487E+0000  3.04715889369487E+0000
1.188  8.81199977922278E+0000  3.81199980000000E+0000  1.18800020000000E+0000
0.898  2.73652992531106E+0000  4.09969674522586E+0000  4.36608268935451E+0000
1.678  6.55423712185391E+0000  1.75109768656335E+0000  1.17813724508025E+0001
0.805  4.89181444248508E+0000  8.44018491473540E-0001  8.04565938503869E+0000
1.063  1.06300033285682E+0000  1.06300023197917E+0000  7.80656501208757E+0000
1.188  3.24785442132611E+0000  1.26289627078735E+0000  6.85045173634293E+0000
0.898  6.85287214488350E+0000  8.98000225692460E-0001  8.98000278723880E-0001
1.678  5.86549164592119E+0000  3.14576758781963E+0000  1.67800020000000E+0000
0.805  5.81172900673204E+0000  4.15624338344903E+0000  6.45882588935469E+0000
1.063  6.77468792169969E+0000  1.07708563327951E+0000  8.79301565832086E+0000
1.188  8.75775968359723E+0000  3.68584438809035E+0000  1.21109969551186E+0001
0.898  9.10199965009884E+0000  8.98000272178590E-0001  3.35625123532092E+0000
1.678  1.67800020000000E+0000  3.32199980000000E+0000  9.23197001198541E+0000
0.805  9.17193340398820E+0000  2.63581987774642E+0000  6.60132619818738E+0000
1.063  4.95443545230814E+0000  3.92020195643268E+0000  1.23470054493328E+0001
1.188  1.19603944404891E+0000  3.79437830090254E+0000  1.21221614685356E+0001
0.898  8.98000200000000E-0001  8.98000203935250E-0001  1.25613724415411E+0001
1.678  3.19824039385888E+0000  1.75606377805242E+0000  1.17813724377245E+0001
0.805  7.58535182207053E+0000  8.20091685609990E-0001  4.15807797026751E+0000
1.063  7.79942848919465E+0000  3.93699980000000E+0000  6.56940049291002E+0000
1.188  1.18800023553858E+0000  1.18800045547442E+0000  5.56251664518939E+0000
0.898  9.10199978999992E+0000  8.98000291020140E-0001  1.25613724483103E+0001
1.678  3.55163518740925E+0000  1.67800020000000E+0000  4.01749607308743E+0000
0.805  3.87981342227208E+0000  4.14196498162422E+0000  2.93588363971241E+0000
1.063  3.24824858377194E+0000  1.07027808060810E+0000  9.10667586064788E+0000
1.188  8.81199965160045E+0000  1.44249385124552E+0000  1.36355813785543E+0000
0.898  5.08064028989684E+0000  9.16742158430320E-0001  9.82422769194078E+0000
1.678  1.79471645612120E+0000  3.32199980000000E+0000  1.67800021460722E+0000
0.805  3.10570530517761E+0000  4.16621407010075E+0000  1.26250493099286E+0001
1.063  8.92285968644039E+0000  1.07349641633695E+0000  5.50120752947943E+0000
1.188  3.72969192387452E+0000  1.20382023250033E+0000  1.19206450722606E+0000
0.898  6.41676686281317E+0000  4.10199980000000E+0000  1.07372751604276E+0001
1.678  4.99691425707361E+0000  3.32199980000000E+0000  8.73442798999098E+0000
0.805  5.31421960117271E+0000  8.17892239221530E-0001  2.40744479528445E+0000
1.063  1.06692847645495E+0000  3.06140033748347E+0000  4.31137559940593E+0000
1.188  3.65461103298419E+0000  3.74116737458758E+0000  6.22164915948382E+0000
0.898  3.62521704516592E+0000  4.09784077655404E+0000  1.07847587053332E+0001
1.678  8.32199980000000E+0000  3.32199980000000E+0000  9.18889995352641E+0000
0.805  6.83942888302563E+0000  4.15310940213882E+0000  1.26016749562068E+0001
1.063  8.93699980000000E+0000  1.06300020000000E+0000  1.06143047477348E+0001
1.188  5.41982892385837E+0000  3.81199980000000E+0000  4.42963201262137E+0000
 1.34593726508025E+0001
