1.063  2.43479379466084E+0000  1.06300026498968E+0000  1.04269774855860E+0001
1.458  6.03826574513346E+0000  3.50799880880153E+0000  1.42257713626825E+0001
1.571  3.79129689667998E+0000  3.42899980000000E+0000  6.02917265156422E+0000
1.096  5.15438154979433E+0000  1.11047434142799E+0000  1.46562876018464E+0001
1.661  8.25772192860273E+0000  3.33899980000000E+0000  1.14885596262863E+0001
1.254  1.64009471562881E+0000  1.25736070090380E+0000  1.31974331049251E+0000
0.961  7.96696521239907E+0000  3.96383969413970E+0000  8.81237685069187E+0000
2.336  2.33600208763309E+0000  2.66399969160801E+0000  1.34236832071318E+0001
1.697  8.30299980000000E+0000  1.69700020000000E+0000  1.69700020000000E+0000
2.177  4.59509150471274E+0000  2.82299978737477E+0000  2.17700020000000E+0000
1.308  1.31895555208064E+0000  3.68654349718164E+0000  1.00707039508965E+0001
0.661  9.26186909983238E+0000  4.22176546548638E+0000  7.66628843931958E+0000
0.742  7.45920641540187E+0000  4.03313035641268E+0000  9.48530518327780E-0001
0.777  8.85189474326634E+0000  4.00453671621341E+0000  1.46313381211151E+0001
0.715  4.16641791991768E+0000  7.86986485342180E-0001  1.16148095633046E+0001
1.063  4.78648886957213E+0000  1.07744670315533E+0000  6.75585625472698E+0000
1.458  8.54199980000000E+0000  1.45800020000000E+0000  9.01688208092482E+0000
1.571  8.42899980000000E+0000  1.57100020000000E+0000  1.41886832766143E+0001
1.096  1.12229545463218E+0000  3.84407038019750E+0000  6.03340369830204E+0000
1.661  1.66100020000000E+0000  1.66100020000000E+0000  4.36128778305487E+0000
1.254  1.27848965370410E+0000  3.74228630669652E+0000  1.26792869295601E+0000
0.961  9.78458835297950E-0001  4.03302199261340E+0000  3.45963103143480E+0000
2.336  7.59224800665570E+0000  2.66399980000000E+0000  5.54730353105406E+0000
1.697  1.69700020000000E+0000  1.69700020115218E+0000  7.84409009084717E+0000
2.177  5.00100287197243E+0000  2.82299972553254E+0000  9.52443843894447E+0000
1.308  6.13273486482691E+0000  1.31550122512737E+0000  1.24604284286500E+0001
0.661  3.02266170041943E+0000  4.31377128382634E+0000  1.09751047866703E+0001
0.742  8.61764925374010E-0001  4.10563192667349E+0000  7.98564719601602E+0000
0.777  8.93931141026384E+0000  8.63214990782050E-0001  1.15458535161260E+0001
0.715  7.86739780720890E-0001  8.34995138156160E-0001  1.13194960716635E+0001
 1.57596834766143E+0001
