0.846  4.64691235653089E+0000  4.15044437981668E+0000  8.54128706783320E-0001
0.897  7.34504579455304E+0000  4.02118728284240E+0000  2.53259488067233E+0000
0.962  8.36677066678795E+0000  2.46947815327537E+0000  2.46759586868132E+0000
0.846  5.35394220174733E+0000  8.48111731031440E-0001  2.57508520394941E+0000
0.897  2.65739982378855E+0000  8.97029836880860E-0001  8.97001095877960E-0001
0.962  8.35645657699135E+0000  9.67144506676700E-0001  9.63726378653910E-0001
0.846  2.53800104517786E+0000  4.15399386634302E+0000  8.46000422995610E-0001
0.897  5.45143775292714E+0000  2.60164026081989E+0000  8.98161049318350E-0001
0.962  1.63324588280269E+0000  2.53052975192781E+0000  9.62000200000000E-0001
0.846  8.64247772133350E-0001  8.69457078650300E-0001  8.79056722007610E-0001
0.897  4.54858502398401E+0000  2.39711913014256E+0000  2.53132489610233E+0000
0.962  6.43138080707938E+0000  9.62000214687490E-0001  1.10263728482617E+0000
0.846  8.46000313360890E-0001  4.15399963549518E+0000  8.46001513863170E-0001
0.897  8.26835447613861E+0000  4.10299961054259E+0000  9.96610383312500E-0001
0.962  1.64355947252756E+0000  4.03285848735352E+0000  2.46586291711419E+0000
0.846  9.15399975908548E+0000  8.46000283044640E-0001  2.58359457399831E+0000
0.897  3.52289240980690E+0000  8.97000214595530E-0001  2.53259584700785E+0000
0.962  3.56863511376976E+0000  4.03799980000000E+0000  2.32694772923006E+0000
0.846  8.46000213095340E-0001  2.39075412058311E+0000  2.58359586297278E+0000
0.897  6.47712116170031E+0000  4.10299977357924E+0000  8.97000215272780E-0001
0.962  6.40849189132274E+0000  2.31778153778310E+0000  2.46759569931330E+0000
0.846  7.46199893457227E+0000  8.46003973823750E-0001  2.58359557776266E+0000
0.897  1.73158987487268E+0000  8.97000267257560E-0001  2.43365857420672E+0000
0.962  5.48723552852442E+0000  4.00688349614574E+0000  2.46759585110399E+0000
0.846  9.13796760788369E+0000  4.12101383403868E+0000  2.54955409317814E+0000
0.897  2.62450905618077E+0000  2.44985077270404E+0000  2.53259586244393E+0000
0.962  4.51277935965565E+0000  9.93103072095570E-0001  9.62000216911770E-0001
0.846  9.15399980000000E+0000  2.60934649817990E+0000  8.46000202130210E-0001
0.897  7.37550696496391E+0000  2.55015063299179E+0000  8.97000202744030E-0001
0.962  3.59152722710579E+0000  2.68220737311630E+0000  9.62000383566550E-0001
 3.42959606868132E+0000