1.171  1.31156993445087E+0000  5.70670676432609E+0000  3.99783598237679E+0000
0.680  4.81999980000000E+0000  2.94994481226218E+0000  8.48036286833959E+0000
1.229  4.20496313499182E+0000  1.22900020000000E+0000  7.92867272011074E+0000
1.136  1.17965617046984E+0000  3.54548691574324E+0000  4.79406378259947E+0000
1.309  4.04404012680889E+0000  3.89532557414690E+0000  3.48802046308316E+0000
1.119  4.38099980000000E+0000  3.41104909281028E+0000  1.11900020000000E+0000
1.189  4.20157685192440E+0000  5.71099979895793E+0000  1.18900024377107E+0000
1.210  1.21000021193363E+0000  1.21000020302059E+0000  5.01383423634096E+0000
0.934  4.56599979216940E+0000  5.96599974050109E+0000  4.34129267424318E+0000
0.566  2.94552874298795E+0000  6.24106793189108E+0000  4.61450272826976E+0000
1.430  1.55828277636280E+0000  5.37420831406561E+0000  1.43000020000000E+0000
0.850  8.50000200000000E-0001  6.04999980000000E+0000  5.93524297515756E+0000
0.612  4.83628133776291E+0000  6.21553767002286E+0000  2.81789432002158E+0000
0.891  8.91000200000000E-0001  3.69728361454729E+0000  8.26936286969282E+0000
0.900  9.13395261413550E-0001  5.97555626008892E+0000  8.23669417286753E+0000
0.950  4.54999965760726E+0000  9.50000237617630E-0001  2.83110336271467E+0000
1.551  3.94404055887229E+0000  1.55696996520295E+0000  5.18044463551641E+0000
0.947  3.19261573704200E+0000  5.95299972452391E+0000  3.05606515092009E+0000
0.961  4.53899765309047E+0000  1.34308516950691E+0000  9.61000211958680E-0001
1.484  1.51578370169041E+0000  1.48400020000000E+0000  7.67636285918019E+0000
2.134  3.36599980000000E+0000  4.76599974819998E+0000  6.89719303772013E+0000
0.569  4.91763182728076E+0000  3.45171935117737E+0000  5.10312482498194E+0000
0.760  7.60000213553860E-0001  4.11685201169368E+0000  3.03558478607841E+0000
0.772  7.72000263871590E-0001  3.34894041403611E+0000  6.64761490392160E+0000
1.914  1.91400020000000E+0000  1.91400020000000E+0000  2.05272859524189E+0000
a=5.5 b=6.9 h=9.16036306969282E+0000
