1.000 -9.58109761727027E+0000  1.96704263458692E+0001 -1.67151565503654E+0001
2.000 -2.66748336450081E+0001 -1.37131187048281E+0000  6.36814690539277E+0000
3.000 -1.01703178062262E+0000 -2.66123315929589E+0001  6.85554755827107E+0000
4.000 -6.54711814424456E-0001  2.65812996656326E+0001 -1.44036599173379E+0000
5.000 -7.82290442236070E+0000 -1.95011158088513E+0001  1.62446914799260E+0001
6.000  2.47251776996432E+0001 -6.92827864544384E+0000 -2.50239713878564E+0000
7.000  2.29662549181940E+0000 -1.08389225784696E+0001 -2.36539475838300E+0001
8.000  2.26213532275964E+0001  7.69785899197480E+0000  9.00336863822410E+0000
9.000 -1.31514299979983E+0001  5.43547942203199E+0000 -2.01364409752912E+0001
10.000  1.29601564576127E+0001 -1.74644501638758E+0001 -9.31094037063939E+0000
11.000 -1.32621784835627E+0001 -2.49783776579280E+0000  1.81129671333278E+0001
12.000  4.56932131442670E+0000  1.51651844664240E+0001  1.47707718741349E+0001
13.000 -1.56684324241750E+0001  1.34605302940146E+0001  1.92442404780699E-0001
14.000  1.01680121938190E+0001 -1.01871931659743E+0001  1.33880832393517E+0001
15.000 -1.14631288694976E+0001 -1.36041548700169E+0001 -5.62292298384500E+0000
16.000  1.02353741856705E+0001  8.27516479046629E+0000 -1.17702099690748E+0001
 3.36572691159793E+0001
