1.518  1.51800022363189E+0000  1.51800021625634E+0000  6.60514747372644E+0000
1.463  1.79394386471941E+0000  1.46300020000000E+0000  3.63745532626918E+0000
1.513  6.98699493706457E+0000  8.38699978663480E+0000  4.85430893769035E+0000
0.780  7.69905153221675E+0000  3.59230729034178E+0000  6.59987686285596E+0000
0.567  7.79341336307265E+0000  6.19641925926203E+0000  9.94309635803317E+0000
1.982  2.07040253060048E+0000  7.91799979597780E+0000  2.07742008784179E+0000
1.934  1.95469923014601E+0000  7.96599980000000E+0000  8.65645840708992E+0000
0.829  8.68450851938660E-0001  8.39000396039960E-0001  8.70940108323710E-0001
1.609  6.89099980000000E+0000  4.92845254687098E+0000  1.60900020993113E+0000
0.600  7.80355837922356E+0000  9.19933634861887E+0000  6.77348498334290E+0000
0.673  4.21973974918346E+0000  9.20900106397313E+0000  8.17339509527109E+0000
1.327  7.17299980000000E+0000  1.32700020000000E+0000  9.26345838966652E+0000
1.422  7.07799980000000E+0000  1.42200028237194E+0000  6.51774289815058E+0000
0.764  7.63797833111743E+0000  2.75468469083577E+0000  7.94309513924780E-0001
1.367  3.52330459513658E+0000  4.34012751359373E+0000  1.36700020953863E+0000
1.598  1.60091753371231E+0000  4.51784226121942E+0000  3.61734975706626E+0000
0.916  4.24194315280655E+0000  4.69509354352405E+0000  9.66009914386489E+0000
1.080  1.08000020151547E+0000  5.19768670839130E+0000  1.08000020000000E+0000
1.480  4.22871352231666E+0000  5.73558130212453E+0000  7.42784491352401E+0000
1.741  6.75899980000000E+0000  4.33861678089013E+0000  8.84945838113341E+0000
1.104  7.39280422758924E+0000  4.40114332412950E+0000  4.22548141691990E+0000
1.348  1.34800020000000E+0000  5.82181050384115E+0000  6.24691588361358E+0000
1.747  1.74700021592881E+0000  4.18541400020121E+0000  8.84345839650907E+0000
1.755  4.23518005623789E+0000  1.75500021499264E+0000  8.43595768040141E+0000
1.266  1.30752083082120E+0000  2.85543506235007E+0000  1.28528412559164E+0000
1.495  4.25157903908242E+0000  8.40499979816125E+0000  6.11471524236612E+0000
1.141  4.71065555240684E+0000  6.53766886329266E+0000  1.14100023192993E+0000
1.808  4.70112800927737E+0000  5.85627611381749E+0000  4.06246645965547E+0000
1.316  3.24115795130418E+0000  3.64121889505822E+0000  5.86068238192938E+0000
0.619  6.96440855142440E-0001  2.89340971621846E+0000  5.01900263919454E+0000
1.360  4.54819027751655E+0000  1.36000020049524E+0000  5.36199811118425E+0000
0.532  5.87309459068920E-0001  9.31220168500853E+0000  7.02157819787049E+0000
1.821  6.67899979535244E+0000  1.82100021806142E+0000  3.04555823482989E+0000
0.698  5.77652491848667E+0000  7.98277705390230E-0001  7.84383212907200E-0001
1.652  6.84799972694551E+0000  8.24799970524229E+0000  1.69541860957823E+0000
0.605  7.17964320026710E-0001  3.76883749488327E+0000  6.51723079826006E+0000
1.431  3.66659300103271E+0000  1.43108535191830E+0000  1.43105153104212E+0000
1.918  6.47139754604427E+0000  7.98199980000000E+0000  8.67245819805540E+0000
1.241  5.79792679621178E+0000  3.66876500282415E+0000  5.88132101173757E+0000
1.247  1.24700093673874E+0000  1.24700093672523E+0000  9.34345833721006E+0000
0.903  4.50897398375827E+0000  8.96468220333851E+0000  9.17942496812890E-0001
0.936  5.35923123833869E+0000  3.01030432558385E+0000  9.36308275637290E-0001
1.426  1.42600022142021E+0000  8.47399980000000E+0000  5.37743168636314E+0000
1.147  4.74437792353849E+0000  8.75299386208173E+0000  3.47144007036627E+0000
0.746  4.21482039060235E+0000  9.02557400129028E+0000  9.79015269160758E+0000
0.779  7.66372975493231E+0000  8.35975900932380E-0001  8.13165972623980E-0001
1.350  7.14999969440604E+0000  5.85788867361434E+0000  6.18614909549318E+0000
1.191  3.94902349010022E+0000  3.00656187791939E+0000  3.50796548438439E+0000
0.912  4.22451882297429E+0000  6.56594051275015E+0000  9.67531223118147E+0000
0.939  7.55829834646337E+0000  6.34666050501249E+0000  3.61894531215251E+0000
a=8.5 b=9.9 h=1.05904586070899E+0001
