1.158 -3.44061117805606E+0000 -1.65281745455443E+0000  1.42578038725070E+0001
1.554  2.59385696681167E+0000 -2.26866053600970E+0000  1.50647259021356E+0001
1.630  1.82424416702687E+0000  2.83355463336655E+0000  1.63000022303421E+0000
1.679  2.26555549686299E+0000 -2.42815482689732E+0000  6.39484204926179E+0000
1.648  2.72665268925680E-0001  3.34089152911776E+0000  1.01914568515182E+0001
1.674  1.72697980240249E+0000 -2.84250159293370E+0000  2.04871088405403E+0001
0.663 -3.07155068187445E+0000  3.01286374730824E+0000  1.95216084457453E+0001
1.963  8.66607963993697E-0002  2.70791002082810E-0001  8.29801749197327E+0000
2.015 -3.00172409464960E-0001 -2.96986873571734E+0000  1.30973253519093E+0001
1.018  2.48900781335683E+0000 -3.10817946668664E+0000  1.19136933478475E+0001
0.471  4.05464288387579E+0000  1.69967713908228E+0000  7.23194674325771E+0000
2.022  7.37400121973897E-0002 -3.47510937545920E-0001  2.02200019992945E+0000
2.418 -2.45302913587018E+0000  8.05835566956190E-0001  1.18274462639457E+0001
0.617  4.22134303249992E+0000 -1.10599240212244E+0000  1.41547290871201E+0001
1.480  3.51272829235787E+0000  2.26137500340520E-0001  1.48000024820453E+0000
2.300 -9.56182764553004E-0002  2.69830605130824E+0000  1.98377328494973E+0001
0.565  1.72889881324714E+0000  4.07196942504648E+0000  2.15830029850520E+0001
0.852  3.38937751938202E+0000 -2.39117829700200E+0000  8.66264697413096E+0000
1.121 -3.21854582720380E+0000 -2.16508701707618E+0000  1.12100020402126E+0000
2.379 -2.06888823014672E+0000 -1.60914305800927E+0000  1.97821088434731E+0001
0.808  2.99650249231890E+0000  2.92434689987823E+0000  1.95386685329158E+0001
0.542  4.09536285044100E+0000  1.41336279929507E+0000  9.52751096587317E+0000
1.278 -1.44259469335047E+0000  3.43106430388009E+0000  1.65791007196180E+0001
0.606  4.35593544550722E+0000  3.84482274838680E-0001  1.84872618199922E+0001
2.202 -2.35302390365344E+0000  1.51396208804890E+0000  5.05044374592823E+0000
0.967 -3.16118935665921E+0000 -2.49327138305167E+0000  1.23205241359230E+0001
0.900  2.74981099427623E+0000  3.04114086493894E+0000  2.12611088371189E+0001
0.850  3.41528063128698E+0000 -2.35237006010662E+0000  1.03740529219156E+0001
0.475  3.86687223285267E+0000  2.33783692298256E+0000  2.16783249325958E+0001
0.997  8.00750370070540E-0001 -3.02003683871630E-0001  2.11275338524678E+0001
1.325 -1.16604665884056E+0000 -3.48250414996356E+0000  1.32590748608538E+0000
1.216  2.63547364709365E+0000  2.71531453795391E+0000  1.48966030323804E+0001
2.134  2.59163812667931E+0000  1.22366929685298E+0000  4.94467610632898E+0000
0.455  2.20759716087882E+0000 -3.89336912035001E+0000  3.06952489680681E+0000
2.479  2.49113235032732E+0000  3.86910291651150E-0001  1.20311663585958E+0001
1.281  1.56179281740461E+0000 -3.37333425067364E+0000  1.28146699746422E+0000
1.712  1.09647580257751E+0000 -3.09969653572288E+0000  9.56536254959600E+0000
0.642 -1.70647914550239E+0000  8.63681261975350E-0001  2.15070675811726E+0001
0.745 -2.61502888544891E+0000  3.35658253299609E+0000  2.14161087017297E+0001
1.227 -3.07477163603783E+0000  2.18661976657292E+0000  1.51430004605115E+0001
1.243  1.07269647575815E+0000  3.60060676049937E+0000  1.65760878143214E+0001
0.799 -3.85165046740467E+0000  1.67725604558061E+0000  7.64533433828432E+0000
0.749 -4.21533320101794E+0000 -3.17224594927510E-0001  3.63023269789991E+0000
1.161  3.81637976872471E+0000  1.44459371336330E-0001  1.54275515767398E+0001
1.000  1.02134833028629E+0000 -3.45881589735200E-0001  1.90274256877934E+0001
1.812 -1.15731016019970E+0000 -2.97051778174444E+0000  6.81576188510219E+0000
0.960  3.41669451292404E+0000 -2.15587471479934E+0000  9.60000227280590E-0001
1.149  3.92174913225896E-0002 -8.30280182151710E-0001  5.15586041343190E+0000
2.247 -1.60951884033410E-0001  2.03311673976460E-0001  1.59391893859927E+0001
1.665  3.27123275455542E+0000  6.49045231827570E-0001  2.04961088546430E+0001
1.553  2.85469837937680E-0001 -3.43515859663449E+0000  3.81147785876324E+0000
1.431  3.56427539235353E+0000 -1.82785107915870E-0001  8.11066359381038E+0000
1.557  3.15735018952183E+0000 -1.37309405808958E+0000  1.79902616797941E+0001
1.409 -2.15218121708001E+0000  2.87461219663746E+0000  8.38924857957779E+0000
1.256 -3.39203230185803E+0000  1.58481864002017E+0000  2.09051080315535E+0001
1.561  2.96697788568314E+0000  1.73889672220989E+0000  1.74750608039858E+0001
1.641 -1.44056507045371E+0000  3.03441127920942E+0000  1.64100020182302E+0000
1.283  2.59363992344570E-0001  3.66139896781204E+0000  3.97760761790704E+0000
1.267 -3.63357215466528E+0000 -8.43917221889840E-0001  1.65408494984637E+0001
1.596 -3.34464620838150E+0000 -6.32895189578320E-0001  8.02239531748869E+0000
1.647  1.30378320266420E-0001  3.35046401002047E+0000  1.36645908825924E+0001
1.637 -2.61854439364190E+0000 -2.11021150346115E+0000  3.81238520644951E+0000
1.572 -3.39364552821671E+0000  4.84099811341420E-0001  1.57200020466990E+0000
1.554 -2.11365746898260E+0000 -2.72164779073489E+0000  1.00334353114771E+0001
1.509 -3.11656220180054E+0000  1.57293344611988E+0000  1.78089602020850E+0001
1.476  2.90635253147685E+0000 -1.99290980040928E+0000  3.33636123041973E+0000
1.544  3.30867152170210E-0001  3.44012521988179E+0000  6.81655344840518E+0000
1.398  2.62879529280408E+0000  2.46248156647074E+0000  8.47234882665789E+0000
1.411 -2.04493177105864E+0000 -2.94650897213580E+0000  1.60503072312141E+0001
1.633  6.70108265596660E-0001 -3.29964276792955E+0000  1.73870605585813E+0001
R=5 h=2.21611090546430E+0001