1.507  8.49299980000000E+0000  1.50700020000000E+0000  7.70937721717714E+0000
1.380  1.39325676624956E+0000  3.60611132647640E+0000  7.76406397055793E+0000
1.489  6.11683871347605E+0000  1.48900020000000E+0000  5.70971983930489E+0000
1.564  5.71695161999534E+0000  1.56400020000000E+0000  1.01752840897494E+0001
1.615  1.61589842611078E+0000  1.62333233868963E+0000  1.01234531151899E+0001
1.324  3.73055660401959E+0000  3.66815333508115E+0000  1.03556115456571E+0001
1.463  6.02629410701778E+0000  1.46300020000000E+0000  1.46300020000000E+0000
1.296  1.29600020020008E+0000  1.29600020389199E+0000  6.16999852792770E+0000
1.598  8.40199977395132E+0000  3.40199980000000E+0000  1.59800020000000E+0000
1.590  8.36316027350149E+0000  3.40999980000000E+0000  1.01492840894790E+0001
1.507  3.95943285226700E+0000  1.50700020000000E+0000  3.63094751750053E+0000
1.380  6.06434531587423E+0000  3.58598359351080E+0000  3.47945242298139E+0000
1.489  6.27326550909122E+0000  3.51099980000000E+0000  7.89043864252528E+0000
1.564  8.43599980000000E+0000  3.43599980000000E+0000  5.32049569185569E+0000
1.615  3.73978735265077E+0000  1.72867401025992E+0000  7.69138642072783E+0000
1.324  4.24130207194773E+0000  3.66274133466615E+0000  5.51425616795473E+0000
1.463  3.96231639931822E+0000  3.53699980000000E+0000  1.46300020000000E+0000
1.296  7.86863474703148E+0000  1.29600020000000E+0000  3.50994308576609E+0000
1.598  1.59800020000000E+0000  1.59800020000000E+0000  1.60446703788238E+0000
1.590  1.59000020000000E+0000  3.40999980000000E+0000  4.22743115914057E+0000
 1.17392842897494E+0001