0.970  2.54343775278419E+0000  2.55805425640162E+0000  1.57154832095106E+0000
0.875  2.24987770716594E+0000  8.75000290104130E-0001  8.75000393772700E-0001
0.953  5.67266322322582E+0000  6.42639848199650E+0000  1.58854844352968E+0000
0.679  7.80662936326250E-0001  7.05160634061850E-0001  1.82853540334766E+0000
0.970  9.70000200000000E-0001  9.00452487764572E+0000  1.57154847557891E+0000
0.875  2.30088679550424E+0000  6.08888710064631E+0000  1.66654835893769E+0000
0.953  9.02555885238909E+0000  6.38415881063981E+0000  9.53000298927270E-0001
0.679  7.59133249764741E+0000  7.42529571381650E-0001  6.95748227072990E-0001
0.970  7.39563271473046E+0000  5.57257298697556E+0000  1.57154837873059E+0000
0.875  7.52869243443163E+0000  2.06437909129877E+0000  1.66654800918800E+0000
0.953  2.56775961460576E+0000  4.42719699210051E+0000  9.53000260342040E-0001
0.679  6.21877107020142E+0000  8.77515376157246E+0000  6.79000270666580E-0001
0.970  3.96535969841903E+0000  7.55738742212560E+0000  1.57154833904966E+0000
0.875  4.17695935525695E+0000  3.93433702645768E+0000  1.66654842614494E+0000
0.953  5.86545822610954E+0000  2.81880230181269E+0000  1.58854839652661E+0000
0.679  6.85250610523615E+0000  6.79000425016490E-0001  1.86254792602398E+0000
0.970  3.99731385604682E+0000  5.71328277880831E+0000  9.70000503010200E-0001
0.875  4.65438500213057E+0000  9.12074668236853E+0000  8.75000200000000E-0001
0.953  7.40119087158456E+0000  3.75177694967667E+0000  9.53000308996790E-0001
0.679  2.21146641924742E+0000  7.77765655587556E+0000  1.86254843319919E+0000
0.970  2.81425217595902E+0000  9.02633974844325E+0000  9.70000211572860E-0001
0.875  8.75003721352700E-0001  5.32004043930172E+0000  8.75000916990030E-0001
0.953  9.04699980000000E+0000  9.03365831162042E+0000  9.53000203976370E-0001
0.679  6.11493688842786E+0000  7.98402877757528E+0000  1.85153522617626E+0000
0.970  5.51180480606744E+0000  1.03267134481661E+0000  9.70000631025610E-0001
0.875  3.81063191016087E+0000  8.75000264835260E-0001  1.66654840180601E+0000
0.953  5.70950169138234E+0000  4.62985754620157E+0000  9.53000301815130E-0001
0.679  9.32099961692410E+0000  7.70660449954400E+0000  1.86254840885756E+0000
0.970  9.01103616674123E+0000  9.70000232550060E-0001  1.57154836781488E+0000
0.875  4.24205990862232E+0000  2.37494126480726E+0000  8.75000237532280E-0001
0.953  9.04699980000000E+0000  2.79044949955940E+0000  9.53000256984530E-0001
0.679  2.61393883726861E+0000  7.24718971694447E+0000  6.79000262633340E-0001
0.970  7.40351676306146E+0000  7.41693727036257E+0000  9.70000304104280E-0001
0.875  7.36649665427425E+0000  9.12499959461856E+0000  1.66654847788218E+0000
0.953  9.04699978134930E+0000  4.58736808223239E+0000  1.58854836235238E+0000
0.679  5.33985479804705E+0000  7.73993800263289E+0000  6.79000250819430E-0001
0.970  9.70000322277940E-0001  7.16014328691129E+0000  9.70000369465040E-0001
0.875  8.75000336102950E-0001  1.95768862060057E+0000  8.75000643271670E-0001
0.953  9.53000230370190E-0001  3.63886431641434E+0000  1.58854839596916E+0000
0.679  5.83741681964284E+0000  9.32099980000000E+0000  1.86254848875975E+0000
 2.54154868875975E+0000
