0.846  3.34749056057251E+0000  2.31799914509756E+0000  1.95169105525929E+0000
0.897  7.32929273206941E+0000  8.97000326487120E-0001  1.90069096208893E+0000
0.962  2.62337988185003E+0000  3.64654778357961E+0000  9.62000278391680E-0001
0.846  4.97013455942923E+0000  6.65399592039177E+0000  1.95169103469408E+0000
0.897  5.84242821829982E+0000  9.13708371561640E-0001  8.97000686749660E-0001
0.962  9.62000210259120E-0001  4.39037701307925E+0000  1.83569109545391E+0000
0.846  8.62358842332960E-0001  6.56720564789707E+0000  8.78626733684960E-0001
0.897  4.73581404091284E+0000  2.33451609487752E+0000  8.97000207682030E-0001
0.962  9.03799980000000E+0000  2.74852322023527E+0000  1.83569103111596E+0000
0.846  7.53072336167785E+0000  6.65399954865983E+0000  1.95169105283790E+0000
0.897  6.25638240481191E+0000  5.23226445327568E+0000  1.90069105488503E+0000
0.962  9.00501904648026E+0000  9.85715432848050E-0001  9.97339472861440E-0001
0.846  3.38221227557889E+0000  5.22997113762696E+0000  1.95169109633330E+0000
0.897  4.76963359610216E+0000  5.25717217783458E+0000  8.97000245261210E-0001
0.962  9.03799980000000E+0000  4.80753682545177E+0000  1.83569099681007E+0000
0.846  7.63643636578120E+0000  5.37762251158439E+0000  8.46000234705910E-0001
0.897  3.58338389438176E+0000  6.60299976498309E+0000  8.97000220528320E-0001
0.962  9.03799975813640E+0000  6.52172684078470E+0000  9.62000378637400E-0001
0.846  7.60713335598050E+0000  2.25658952433073E+0000  8.46000222410130E-0001
0.897  4.35556378188153E+0000  8.97000211745670E-0001  1.90069106720447E+0000
0.962  7.41260954901021E+0000  3.77803000265621E+0000  1.83569100232424E+0000
0.846  6.25042901665041E+0000  6.61994191686011E+0000  8.46000260156250E-0001
0.897  6.22267733459487E+0000  2.35124305734910E+0000  1.90069107042337E+0000
0.962  9.62000504480260E-0001  9.62000212482600E-0001  1.83569106987239E+0000
0.846  2.19663331794246E+0000  6.65399979711097E+0000  1.95169109448432E+0000
0.897  5.80809148618687E+0000  3.79428169822542E+0000  8.97000240292380E-0001
0.962  9.62000469896920E-0001  2.67618861874708E+0000  9.62000212584930E-0001
0.846  2.10984006678065E+0000  5.37619701339424E+0000  8.46000200000000E-0001
0.897  4.32147208723100E+0000  3.76257873176858E+0000  1.90069107928612E+0000
0.962  2.67618927204606E+0000  9.62000345737000E-0001  9.62000348542740E-0001
 2.79769129633330E+0000