1.000  2.49447349258630E+0001 -9.52368734320768E-0001 -4.28382782610819E+0001
2.000  2.72733089557357E+0001  2.91837141861241E+0001  2.89835764953215E+0001
3.000  2.67189833838646E+0000  4.35683014769548E+0001 -2.22658194865539E+0001
4.000  4.66827352820670E+0001 -1.43891380697748E+0001  5.02709127500994E+0000
5.000  3.29750387323712E+0001 -2.94944409112523E+0001 -2.05572808809835E+0001
6.000 -2.51884499943421E+0001 -2.14757015847714E+0001 -3.35967331571933E+0001
7.000 -4.33443197411212E+0001  1.02967685541434E+0001 -1.89620068796373E+0001
8.000 -2.22510443129167E+0000  4.47372622649130E+0001  1.62088908165637E+0001
9.000 -1.13789545599682E+0001 -4.31183655495650E+0001  1.67463859561796E+0001
10.000 -3.13876869491638E+0001 -6.61627250477300E+0000  3.51175686059270E+0001
11.000  2.23416436760699E+0001 -1.15150973549259E+0001  3.97159408549597E+0001
12.000 -6.09350157862540E+0000 -4.45102381069608E+0001 -1.05493833805073E+0001
13.000 -3.76256951398436E+0001  1.44970990027782E+0001  2.05222270878184E+0001
14.000  4.62829801849130E+0000  2.63198674774831E+0000 -4.57432616726249E+0000
15.000 -1.02260634372885E+0001 -2.45484763633589E+0001  3.43821353497501E+0001
16.000 -2.33625471818665E+0001  3.49615850720360E+0000 -3.52897532328290E+0001
17.000  3.63649365077781E+0001  5.83592603377200E+0000  1.90525300118701E+0001
18.000  7.72561103839660E+0000  1.89955839917960E+0001 -3.46335109752521E+0001
19.000  3.58520070890095E+0001  1.90659420025394E-0001 -1.64983940997335E+0001
20.000  2.04908377439674E+0001  3.25375776796914E+0001 -1.04809523267940E+0000
21.000  4.74197803273331E+0000 -2.02165307574303E+0001 -3.11855665555492E+0001
22.000 -2.09014341895595E+0001  2.89957304592470E+0001 -7.22349094441100E+0000
23.000  1.84251353674985E+0001 -2.86882347615028E+0001  9.76564607848820E+0000
24.000 -1.89236452536830E+0000  1.34544637370486E+0001  3.16754125309795E+0001
25.000 -2.89716540875352E+0001 -1.67522815977767E+0001 -8.26659764297943E-0002
 5.84664407823898E+0001
