0.703  3.55521474346968E+0000 -2.41343214799729E+0000  2.25966755535060E+0000
0.730 -2.43016937601480E+0000  3.51100763872433E+0000  1.99102381406747E+0000
0.749 -4.24862053206823E+0000  1.42195848288320E-0001  8.76666935532990E-0001
0.939  2.38535432284113E+0000 -3.00928710738102E-0002  9.39000465740990E-0001
0.703  7.88579678355180E-0001 -4.20663158853404E+0000  2.25479248818572E+0000
0.730  4.16730094149125E+0000  9.30859851947650E-0001  2.02778829210263E+0000
0.749 -2.62084183586892E+0000  1.01198048465475E+0000  7.49000239758040E-0001
0.939  1.46186529751173E+0000  2.18919042758049E+0000  2.02366749012621E+0000
0.703  1.42190895468274E+0000 -1.01662030506419E+0000  2.25966753992983E+0000
0.730 -4.22279039176827E+0000 -6.33195942773930E-0001  2.13585074392748E+0000
0.749  3.71132771284630E-0001 -2.47751166406555E+0000  7.49001246898330E-0001
0.939 -3.12828411764956E+0000  1.99537818542979E+0000  2.02366755905045E+0000
0.703  3.12482543022319E+0000 -2.94952074384841E+0000  7.03000747827770E-0001
0.730 -1.60164654724912E+0000  1.35277701337549E+0000  2.23249181916595E+0000
0.749  9.57287865457160E-0001  1.07830693807126E+0000  7.69183458208570E-0001
0.939 -2.54048932036185E+0000 -6.63366954575750E-0001  9.39000399507230E-0001
0.703  2.58585095218487E+0000 -3.43184811118659E+0000  2.25966755535055E+0000
0.730 -1.24928865323769E+0000 -4.08315749734528E+0000  2.23266754139592E+0000
0.749  4.22354892776920E+0000  1.59111362944260E-0001  7.56668805036320E-0001
0.939  1.65073923436797E+0000 -3.71036067101103E+0000  9.39000219734930E-0001
0.703  7.86939774998340E-0001  4.20203017834112E+0000  2.25519697397124E+0000
0.730 -4.06163280168407E+0000 -1.31758738807369E+0000  7.30000545553250E-0001
0.749 -7.95923646638697E-0002  1.52875556686257E+0000  1.83110574359283E+0000
0.939  1.64997123215481E+0000  3.71070256749752E+0000  9.39000225449650E-0001
0.703 -3.80418819969369E+0000 -1.99808860917235E+0000  2.25966752796981E+0000
0.730  4.23908248494610E+0000 -5.12910621063000E-0001  2.23266755455239E+0000
0.749 -3.21244395703930E-0001  2.95678095057096E+0000  2.21366742880447E+0000
0.939 -1.03633069835562E+0000  4.61916602964890E-0001  9.39000243018020E-0001
0.703 -4.00278750321755E+0000  1.56265755753295E+0000  7.03000246639730E-0001
0.730  2.64238991482399E+0000  3.35420228711685E+0000  2.23266754569966E+0000
0.749  3.92474016668290E+0000  1.63321892282622E+0000  7.49000352419230E-0001
0.939 -1.27995616331893E+0000  2.35857555317994E+0000  9.39553216813960E-0001
0.703 -1.60372468938206E+0000 -3.31851498390470E-0001  2.25966746695598E+0000
0.730  3.61791568662161E+0000  2.26794689674014E+0000  2.23266723083629E+0000
0.749 -1.06307412254690E-0001 -1.45715557034214E+0000  2.21231283613018E+0000
0.939 -1.71181484464870E+0000 -1.95320476057617E+0000  2.02366755883517E+0000
0.703 -1.81727405167882E+0000  3.89317573381179E+0000  7.06293483580730E-0001
0.730 -2.85798109114932E+0000  3.59993973556870E-0001  2.21865833231602E+0000
0.749  3.93629388733580E-0001  2.48386989249387E+0000  7.49617778586310E-0001
0.939 -1.95122380296720E-0001 -4.05630942475245E+0000  9.39000238713500E-0001
0.703 -1.06536923941031E+0000 -2.68403395225136E+0000  7.03000229933960E-0001
0.730  2.85404230745780E+0000 -9.74719778045240E-0001  2.23266751601867E+0000
0.749 -2.99427941962330E-0001 -2.94515097730981E+0000  2.20947817139703E+0000
0.939  3.78726517310684E+0000 -1.46572136582342E+0000  9.39000203744970E-0001
0.703 -1.16848062421733E+0000  4.13507676121786E+0000  2.25966756176606E+0000
0.730  2.35303859878819E+0000  1.62545455986816E+0000  7.30000319360670E-0001
0.749  3.11453651803988E+0000  2.89320942358487E+0000  7.49001883758000E-0001
0.939  1.92713690454655E+0000 -1.85133499486690E+0000  9.39000381572350E-0001
0.703 -4.22292114534617E+0000  7.94445423653490E-0001  2.25966722763516E+0000
0.730 -9.73944183099850E-0001 -1.19985531146712E+0000  7.30000443088770E-0001
0.749  1.30704395551844E+0000  4.70071777045700E-0001  2.17916293573123E+0000
0.939  5.56105811686600E-0001 -5.66744473716200E-0001  9.39000229615690E-0001
0.703 -2.54167498928736E+0000 -3.46469257449769E+0000  2.25966754475626E+0000
0.730 -2.99686019453733E+0000  3.04166473571315E+0000  7.30000280914920E-0001
0.749  2.69993192024579E+0000  1.04916787636627E+0000  2.20736199831161E+0000
0.939 -3.07770934509392E+0000 -2.64941938325415E+0000  9.39000211711040E-0001
0.703 -1.14602892593530E-0001  1.41883231917770E-0001  2.25966753842173E+0000
0.730 -1.89465235961679E+0000 -3.82664196273095E+0000  9.48412744136520E-0001
0.749  1.18444667408784E+0000 -2.68822733215146E+0000  2.20946194133568E+0000
0.939 -1.95962014730360E-0001  4.05626887086902E+0000  9.39000213598390E-0001
R=5 h=2.96266776176606E+0000