1.000  4.10770665215326E+0001  3.78388482983630E+0001 -2.03954075934439E+0001
2.000 -4.36312430819731E+0000 -3.38953458653345E+0001 -4.97251935620173E+0001
3.000  2.14660505625281E+0001 -4.83030747072015E+0001 -2.69083992088880E+0001
4.000  5.09707679385204E+0001 -2.15094491546602E+0001  2.15810876197882E+0001
5.000  3.71543847384402E+0000  4.07441803653427E+0000  5.95188114940424E+0001
6.000  5.98307743248622E+0000  8.54725347498032E+0000 -5.84062320790322E+0001
7.000  5.20152719277409E+0001 -2.21848268221931E+0001 -1.72250229240918E+0001
8.000 -1.98516483286776E+0000  5.94118700431232E+0001  3.79148598709877E+0000
9.000 -4.26287571021443E+0001 -2.46779284521831E+0001 -3.31537173276618E+0001
10.000  3.96916980930508E+0001  1.76309105368686E+0001  3.93018689153512E+0001
11.000 -3.88993259093448E+0001  3.77474096523482E+0001 -2.30737687170692E+0001
12.000 -3.55666193663109E+0001  2.16118316358802E+0001 -4.03136338967678E+0001
13.000  4.05855770062828E+0001  1.79977191150732E+0001 -3.61613738080605E+0001
14.000  3.08445488149545E+0001  4.70050652535436E+0001  2.76956871341239E+0000
15.000 -3.75011211221539E+0001  2.37846745013298E+0001  3.25250072027060E+0001
16.000 -3.74500421761090E+0001 -3.58576169129353E+0001  1.64350721078639E+0001
17.000 -2.94725730060735E+0001  4.42104815768646E+0001  5.23494339875381E+0000
18.000  2.79945658402530E+0000 -7.32821887097749E+0000  6.52542524956891E+0000
19.000  3.05965144683498E-0001 -4.40092310334386E+0001  2.62279150993672E+0001
20.000 -1.89768090273594E+0001 -7.10949168575389E+0000 -4.61366781772249E+0001
21.000  3.18545872294025E+0001 -3.73266645253729E+0001  1.71865862083941E+0000
22.000  2.39860137174515E+0001 -1.29405754892449E+0001  3.99863228374822E+0001
23.000 -2.09388081900900E+0001 -1.06233021165843E+0001  4.11657993835759E+0001
24.000  2.33526546362091E+0001 -1.50691267797725E+0001 -3.71443692029573E+0001
25.000 -1.27148683330128E+0001 -4.05602181542332E+0001 -1.59231895132676E+0001
26.000  4.34622357324488E+0001  8.83139922542959E+0000  1.89881252768870E+0000
27.000  4.40044140204821E+0000  3.10154977008978E+0001  3.00242896137955E+0001
28.000 -4.20249330948689E+0001  2.24695193370531E+0000 -5.08498069957859E+0000
29.000  2.16853234717719E+0000  3.21983901594883E+0001 -2.59187166593006E+0001
 7.03910488894503E+0001
