2.183  2.23577391617823E+0000  2.81699980000000E+0000  2.18300020000000E+0000
1.733  8.24972949450579E+0000  1.74447898242572E+0000  1.74812779942998E+0000
0.694  9.32483447704560E-0001  8.28389793238290E-0001  2.70597535695867E+0001
2.450  2.45000020000000E+0000  2.54999974287819E+0000  1.08473857605863E+0001
1.433  3.94230305837257E+0000  3.55987866326734E+0000  2.05169604246839E+0001
1.410  8.58892255629510E+0000  3.58641829776606E+0000  4.30317178223032E+0000
0.600  9.24565203147143E+0000  7.44947902506170E-0001  1.27774584801813E+0001
0.708  9.16273294360300E+0000  4.01208670997178E+0000  2.34934307403391E+0001
1.632  1.63200020000000E+0000  1.63200020000000E+0000  2.12023729673685E+0001
0.622  7.76674056871060E-0001  7.72819544594600E-0001  8.66097812237752E+0000
2.035  4.30504199478344E+0000  2.12759936277895E+0000  2.36632916793689E+0001
1.294  5.93061316905230E+0000  3.70276409523708E+0000  1.63710515602203E+0000
1.180  1.21779524663343E+0000  1.21441048473977E+0000  2.41916118203252E+0001
0.430  5.37132263815920E-0001  4.46328363627710E+0000  9.58291117662157E+0000
1.680  4.93357490799519E+0000  3.31999980000000E+0000  1.40561019783003E+0001
1.214  8.77696975183282E+0000  1.21553167639954E+0000  1.79937893341234E+0001
1.697  8.30299970767650E+0000  1.69700040841826E+0000  6.87702550157407E+0000
1.237  4.64725231239335E+0000  3.76299977581000E+0000  2.69243519261245E+0001
1.303  8.52703775167484E+0000  3.69569669099935E+0000  1.76330851931806E+0001
1.907  8.09299980000000E+0000  1.90700020000000E+0000  1.49984595227324E+0001
1.271  5.18675011810407E+0000  1.27100022837284E+0000  1.27100020000000E+0000
1.757  1.75700020000000E+0000  3.22382927247788E+0000  2.63588642576090E+0001
1.820  1.82000020000000E+0000  2.06183605181195E+0000  1.50423469881436E+0001
0.574  6.22098126442546E+0000  4.41559303693889E+0000  2.75766748890679E+0001
2.384  7.61599980000000E+0000  2.61599976799785E+0000  1.07934059995373E+0001
1.546  5.58984298287251E+0000  3.45399980000000E+0000  7.53191129708281E+0000
0.792  9.24328978493930E-0001  4.11924750583402E+0000  8.15527078694481E+0000
2.200  7.79999980000000E+0000  2.79048466232077E+0000  2.59613519342061E+0001
1.331  1.33100020000000E+0000  3.66899980000000E+0000  2.33329604382904E+0001
2.057  5.08015753398117E+0000  2.05700020000000E+0000  1.75701477230938E+0001
1.670  1.67000020000000E+0000  3.32999980000000E+0000  1.83706667914877E+0001
1.015  5.12307119450681E+0000  1.03684984905510E+0000  1.25782796456459E+0001
1.290  4.05523279820017E+0000  1.29000020000000E+0000  2.68713519463520E+0001
1.947  5.65941607056911E+0000  1.94700026314248E+0000  4.38148850324530E+0000
0.964  9.64000200000000E-0001  9.64000200000000E-0001  1.74532967344709E+0001
2.307  7.69299980000000E+0000  2.69299980000000E+0000  2.10071608020704E+0001
0.856  3.29767957381634E+0000  4.08887917002971E+0000  1.62259722039616E+0001
1.148  5.07604513732295E+0000  1.14800020000000E+0000  8.82652154511370E+0000
0.514  9.43615663923862E+0000  5.38418608295950E-0001  1.65117087428925E+0001
2.071  2.07100020478097E+0000  2.07100020000000E+0000  6.36783633218066E+0000
 2.81613521463521E+0001