1.000 -5.88611058264046E+0000  3.37853176532045E+0001  6.60871440213533E+0001
2.000  4.70918688139053E+0001  4.13069793453950E+0001  4.10679343260351E+0001
3.000 -5.18403921403381E+0001  4.92555526430359E+0001  8.61613165767388E-0001
4.000  7.88848563887754E+0000 -4.33149575080184E+0001 -5.96178278283653E+0001
5.000 -6.05757051850878E+0001 -2.71777255490757E+0001 -3.34458277443731E+0001
6.000  5.43587956163728E+0001 -2.09219266080591E+0001  4.59995783642944E+0001
7.000  2.87672692191884E+0001  4.29844816101592E+0001 -5.14482401572924E+0001
8.000  4.92446579265369E+0001 -5.49930615755490E+0001  9.72438283957878E+0000
9.000  3.28224328033265E+0000 -3.40116513831572E+0001  6.51691781747209E+0001
10.000 -2.40479289476085E+0001  1.56335442661390E+0001 -6.67413694052911E+0001
11.000  7.14693776504779E+0001  2.03515741170478E+0001  3.67857090848048E+0000
12.000 -3.06223474017289E+0001 -7.12365589494581E+0000 -6.52790782816866E+0001
13.000 -2.47510072354132E+0000  6.88949541476947E+0001  2.03195840035301E+0001
14.000 -1.96496711040855E+0001  8.92510393685949E+0000  6.83368839689340E+0001
15.000  6.07504352362117E+0001  2.08828624143388E+0001  2.96894092836332E+0001
16.000  5.26682730007208E+0001 -2.44575854377840E+0001 -3.89456487253950E+0001
17.000  1.24375214612856E+0001  5.27873486184064E+0001  4.24123627131949E+0001
18.000  5.88987387889045E+0001  8.39082598950991E+0000 -3.27678883398905E+0001
19.000 -6.37867805569343E+0001  1.11578515224029E+0000  2.02080258462161E+0001
20.000 -3.73090648694522E+0000  4.84866456800170E+0001 -4.45044645324649E+0001
21.000 -2.00327869153565E+0001  6.10847174596620E+0001 -9.05678953136771E+0000
22.000 -5.49321906596676E+0001 -3.26473632418498E+0001 -1.32849590128380E+0000
23.000 -1.93543940484323E+0001 -5.97494553456831E+0001  3.69401986713140E+0000
24.000  1.32479795815680E+0000 -9.83399340564461E+0000  1.55733893974041E+0000
25.000 -2.64323517700602E+0001 -3.85241405191561E+0001 -3.89491569495817E+0001
26.000  1.95226056814929E+0001 -4.74790219244556E+0001  3.08934890636895E+0001
27.000  2.23980176511019E+0001 -4.98618160099592E+0001 -2.19945888354738E+0001
28.000  5.54494130524554E+0001 -1.53458777440175E+0001  6.50395419014181E+0000
29.000 -2.95144002779538E+0001 -2.43425386723743E+0001  4.21460861576114E+0001
30.000 -2.97418662481294E+0001  3.39465657557150E+0001  3.30176084068607E+0001
31.000  2.18441353218691E+0001  6.17678701438539E+0000  5.00095026049007E+0001
32.000  1.35812373112208E+0001  5.78981388598976E-0002 -5.21821310257112E+0001
33.000 -4.36900443312403E+0001  1.54354895387578E+0001 -2.55638877785534E+0001
34.000  3.10659298769066E+0001  4.14254797467876E+0001 -3.81882459042011E+0000
 8.59205746739124E+0001
