1.471  6.39057316817191E+0000  3.90243364347814E+0000  3.47261691208078E+0000
1.358  3.38990123377282E+0000  8.64192116500005E+0000  3.58561481994504E+0000
1.471  5.26577835591434E+0000  8.52899980000000E+0000  1.47100023078411E+0000
1.358  6.61009749048361E+0000  1.35804308659487E+0000  1.35800255026895E+0000
1.471  8.52899980000000E+0000  6.06448979532889E+0000  3.47261689036563E+0000
1.358  1.35800032089949E+0000  2.05964402003831E+0000  3.58561686046513E+0000
1.471  8.48597343709321E+0000  1.47100029009746E+0000  3.47261681399316E+0000
1.358  3.32545390010583E+0000  4.23987987039771E+0000  3.58561691274494E+0000
1.471  8.52899980000000E+0000  3.62670122186174E+0000  1.47100021236009E+0000
1.358  8.64199957980543E+0000  7.94035540818659E+0000  1.35800024975328E+0000
1.471  4.73422161424502E+0000  1.47100023077218E+0000  3.47261688044148E+0000
1.358  6.67454607642953E+0000  5.76012011633597E+0000  1.35800020000000E+0000
1.471  3.60942689459102E+0000  6.09756633080149E+0000  1.47100020000000E+0000
1.358  2.74439093637839E+0000  1.35800027416282E+0000  1.35800027266709E+0000
1.471  1.47100023068420E+0000  3.93550962326573E+0000  1.47100021920237E+0000
1.358  7.25560922852915E+0000  8.64199967240895E+0000  3.58561683829041E+0000
1.471  1.47100021341712E+0000  6.37329882001780E+0000  3.47261689711109E+0000
1.358  5.40416630632848E+0000  6.65483642313996E+0000  3.58561691426466E+0000
1.471  1.51402405276814E+0000  8.52899978947562E+0000  1.47100028586019E+0000
1.358  4.59583372683711E+0000  3.34516364681278E+0000  1.35800020000000E+0000
 4.94361711426466E+0000