1.518  3.86991804626312E+0000  1.77796465440472E+0000  1.00527778357373E+0001
1.463  7.03263526742394E+0000  6.04599302165643E+0000  1.01043918279026E+0001
1.513  1.51300020000000E+0000  5.90119910530438E+0000  1.00577777677515E+0001
0.780  6.39883403073981E+0000  9.11128189967544E+0000  1.07889036877289E+0001
0.567  5.67000206483610E-0001  7.25187515932629E+0000  6.04447901932104E+0000
1.982  4.32080234367697E+0000  4.40059659661150E+0000  7.69460911157816E+0000
1.934  4.43951944242074E+0000  7.87344761175611E+0000  5.80563449001056E+0000
0.829  4.10018324154558E+0000  8.99994171207006E+0000  8.38746458089330E-0001
1.609  6.88977818815497E+0000  1.60900025457786E+0000  1.65107602384952E+0000
0.600  7.85521713562317E+0000  4.30361797686313E+0000  1.09151950431862E+0001
0.673  7.82699841392145E+0000  7.22606820658617E+0000  5.48763495996135E+0000
1.327  1.32700022271998E+0000  3.07340662429226E+0000  1.02437778635158E+0001
1.422  7.07047413612974E+0000  6.35407667826680E+0000  7.23587147414281E+0000
0.764  5.76851234943512E+0000  5.53043848310683E+0000  5.65301101183339E+0000
1.367  4.40560879822291E+0000  6.20524970569530E+0000  1.37381924967327E+0000
1.598  6.90199933381419E+0000  7.79744912507371E+0000  1.59800020229931E+0000
0.916  4.80038489744225E+0000  5.29940061061214E+0000  1.06266979187800E+0001
1.080  4.83844210649444E+0000  1.08000036140928E+0000  3.58214131351045E+0000
1.480  1.49786927394893E+0000  8.07711108840866E+0000  7.67011094418493E+0000
1.741  1.74100020968481E+0000  5.44336163043757E+0000  5.22115117794109E+0000
1.104  7.39599964423270E+0000  8.79599976479183E+0000  6.67754988660368E+0000
1.348  1.36307615933585E+0000  8.55199977819429E+0000  4.88552876305646E+0000
1.747  1.94720982936421E+0000  1.79725967022382E+0000  4.27436718433918E+0000
1.755  4.67121016438863E+0000  3.98068927976482E+0000  3.99784491257550E+0000
1.266  7.17775845156666E+0000  8.63399980000000E+0000  4.32318611306713E+0000
1.495  7.00499969252185E+0000  4.70750764776450E+0000  1.50687183704601E+0000
1.141  7.35899976756024E+0000  4.06247169278170E+0000  8.34684891035318E+0000
1.808  1.80975450255829E+0000  8.01382230781965E+0000  1.80800020000000E+0000
1.316  1.31600021073697E+0000  1.31600022983830E+0000  1.31600020000000E+0000
0.619  5.51898260013120E+0000  6.56487591221700E-0001  1.09091422904361E+0001
1.360  7.05650419187925E+0000  6.02628398699601E+0000  4.03851352785103E+0000
0.532  7.92824034792859E+0000  3.15048724666602E+0000  5.51002676775200E-0001
1.821  1.82100027353492E+0000  4.38486254579588E+0000  1.82100020000000E+0000
0.698  6.99552736971200E-0001  6.21059762631317E+0000  3.15134898887923E+0000
1.652  1.78698277449329E+0000  1.65200020000000E+0000  7.66648020296394E+0000
0.605  6.46177253428360E-0001  6.51312349082310E-0001  5.92976816089875E+0000
1.431  7.06899961606186E+0000  1.43100033272820E+0000  4.68056550131514E+0000
1.918  4.25331806573517E+0000  7.92564886437209E+0000  9.65277784688572E+0000
1.241  7.25899980000000E+0000  8.65899980000000E+0000  9.01453278372618E+0000
1.247  1.24700020000000E+0000  8.65299980000000E+0000  1.03237778584508E+0001
0.903  9.30947655545870E-0001  9.08706935640280E-0001  1.06378333074252E+0001
0.936  3.30418838781406E+0000  4.17208467211305E+0000  1.05816699211680E+0001
1.426  4.55217177346237E+0000  1.42600072459123E+0000  6.04757664426312E+0000
1.147  1.14700368904826E+0000  4.36531239862011E+0000  7.91704264658359E+0000
0.746  7.75388554333791E+0000  8.00586257214436E+0000  1.08247368346588E+0001
0.779  4.68415194775084E+0000  7.79000293010230E-0001  8.15138240856246E+0000
1.350  7.14999980000000E+0000  3.94471547932584E+0000  5.86742646883097E+0000
1.191  4.55445792941841E+0000  8.70899960591563E+0000  2.79660304758356E+0000
0.912  3.43227368090966E+0000  6.50651537742630E+0000  3.44708044025804E+0000
0.939  7.49673442598964E+0000  3.53313263810909E+0000  3.60568359966545E+0000
1.273  6.05406421604675E+0000  3.49818678386801E+0000  1.02977778591785E+0001
1.260  7.23999980000000E+0000  1.26000024216995E+0000  1.03107778227714E+0001
0.815  5.15653941545791E+0000  6.84861048851174E+0000  3.33535636179166E+0000
1.128  4.60757799480567E+0000  3.71304450206921E+0000  1.12800020702262E+0000
0.594  3.32746069361636E+0000  2.66218916309129E+0000  2.59280933970741E+0000
0.729  2.09942853758412E+0000  5.95240607966155E+0000  7.61141462182292E+0000
1.339  3.97080144097803E+0000  1.33900028418527E+0000  1.33900024108374E+0000
1.485  7.01499980000000E+0000  1.57071963183250E+0000  7.59271674972431E+0000
0.709  5.66074153475547E+0000  7.09000416518340E-0001  9.27188156054000E+0000
0.664  7.83237040199262E+0000  3.00418555525036E+0000  1.08980912105258E+0001
a=8.5 b=9.9 h=1.15707780635158E+0001
