1.579  8.41986783594594E+0000  3.42054842346153E+0000  5.03610674061012E+0000
0.834  6.28204335314698E+0000  4.05683420255503E+0000  8.13452687498083E+0000
1.388  3.65027722881977E+0000  1.38800060728482E+0000  5.55468848434618E+0000
0.970  3.91096338176666E+0000  9.91697021036660E-0001  8.13928579206630E+0000
0.950  6.44551631837406E+0000  4.01892875408591E+0000  3.35072947258955E+0000
0.811  8.75235421930720E-0001  8.93608160890630E-0001  5.44497886256159E+0000
0.695  7.28049312985890E-0001  4.27314620211680E+0000  3.45920961530370E+0000
1.275  5.53283728806793E+0000  3.72499952033613E+0000  1.27500023990806E+0000
1.623  8.37699980000000E+0000  3.37699980000000E+0000  1.70863859490468E+0000
0.747  3.97021698335045E+0000  7.68350482662470E-0001  3.51676855843215E+0000
1.177  8.82299980000000E+0000  1.17700023177610E+0000  3.38228382490313E+0000
0.921  1.03001805582217E+0000  9.65882520394340E-0001  1.02958585794751E+0000
1.547  1.54701603203871E+0000  3.45299972583442E+0000  5.41080786127086E+0000
1.127  1.12700020000000E+0000  3.87299980000000E+0000  8.01800276827581E+0000
0.733  9.26531712941206E+0000  1.59399893514815E+0000  6.17653535046120E+0000
0.930  8.99796709923504E+0000  9.64891226772290E-0001  1.00076296441261E+0000
1.321  1.86429442299592E+0000  1.32100022623858E+0000  3.51889368825888E+0000
1.562  6.15978407079329E+0000  1.56200020000000E+0000  3.89334145786773E+0000
1.167  8.83299980000000E+0000  1.16700020000000E+0000  7.97800277378573E+0000
1.545  1.54500020000000E+0000  3.37423041650430E+0000  1.54500020000000E+0000
1.425  3.90463320930181E+0000  1.43690779412709E+0000  1.43211330077629E+0000
1.412  1.58950621700285E+0000  1.41409771201927E+0000  7.57139704568977E+0000
0.904  7.99248902569449E+0000  9.05487883200180E-0001  5.40897544588031E+0000
0.737  3.58885151382708E+0000  4.16179957184790E+0000  7.86236474967580E-0001
1.478  3.87596332279972E+0000  3.52199972683651E+0000  3.46419442878633E+0000
1.277  8.69582202406852E+0000  3.69889700430695E+0000  7.86654524226537E+0000
1.190  5.68164788381971E+0000  3.80999980000000E+0000  5.40707511133373E+0000
1.621  6.23205617619136E+0000  1.62100020000000E+0000  7.08250176843617E+0000
1.200  6.65325653949709E+0000  1.20000020416884E+0000  1.20000020000000E+0000
1.535  3.72571489057074E+0000  3.46499980000000E+0000  7.61000274924364E+0000
 9.14500297378573E+0000