1.562  4.25966833867578E+0000  5.93799980000000E+0000  1.56200020000000E+0000
1.723  8.27689689059293E+0000  3.20410034569601E+0000  4.41649867339677E+0000
1.397  5.82544956495352E+0000  1.39700020000000E+0000  5.86755785327395E+0000
2.347  2.34700020000000E+0000  2.40287326961066E+0000  6.81947604801460E+0000
0.861  9.06611221816932E+0000  8.76551012659740E-0001  5.26713163891855E+0000
0.627  7.77575894959980E-0001  3.66830307341230E+0000  4.14899012737489E+0000
1.661  4.50973091806173E+0000  5.83899980000000E+0000  7.49984648568340E+0000
0.752  7.07758792280926E+0000  3.39762180524025E+0000  7.93607824054440E-0001
2.261  4.77852096461486E+0000  2.26100020000000E+0000  2.47073412193301E+0000
1.150  8.83322054057845E+0000  6.33423725939053E+0000  4.50655247912807E+0000
1.567  8.43299980000000E+0000  1.56700021003966E+0000  1.56700020393220E+0000
1.769  8.23099980000000E+0000  5.48065779748004E+0000  1.76900021654588E+0000
1.867  8.09503043736912E+0000  5.41032377173016E+0000  7.29392583953986E+0000
1.594  1.59400020000000E+0000  4.24876101817058E+0000  1.59400020000000E+0000
1.291  5.74005652784916E+0000  3.18202643946219E+0000  7.87547605471919E+0000
1.750  2.44347787323838E+0000  5.74999979590898E+0000  4.45878790968854E+0000
1.742  5.93513978433200E+0000  5.75799891318477E+0000  4.41082392779668E+0000
1.368  1.37150229255147E+0000  1.37847285845961E+0000  3.37007926719067E+0000
1.433  1.43300020000000E+0000  6.06699968643573E+0000  7.73347589206949E+0000
1.652  8.34799980000000E+0000  1.86689821464033E+0000  7.51447605673246E+0000
 9.16647625673246E+0000
