15.180  9.46777246318170E+0000  3.54965783983660E+0001 -2.78867904074166E+0001
14.630 -3.15863117820258E+0001  3.40888749471568E+0001  4.31406098101410E+0000
15.130 -3.94712957512516E+0001 -2.04445650431862E+0001 -1.24888478916482E+0001
7.800 -2.50279170856388E+0001 -1.77787942922632E+0001  4.32936425569002E+0001
5.670  4.92714973599779E+0001  6.80333455279220E+0000  2.48683000246911E+0001
8.290 -7.02428386381860E+0000  1.63912762784067E+0001  1.63366351179162E+0001
6.000 -3.34413708576296E+0001 -4.03897555042476E+0001 -1.70654355378167E+0001
6.730 -1.15708147390848E+0001 -1.69071181720855E+0001  5.03048328378758E+0001
13.270  1.55017063183170E+0000 -4.70590191012487E+0001 -9.49753226621630E+0000
14.220 -1.59074350539855E+0001  3.14550255205610E+0000 -2.43077760242164E+0001
7.640 -4.26391274028751E+0001 -3.03635707738649E+0001  8.86792495208900E+0000
13.670 -2.72964398604730E+0000 -5.81157887165370E+0000 -4.71981517779873E+0001
15.980  2.62041593577892E+0001 -1.05891078454475E+0001 -3.54312895729538E+0001
9.160 -2.13740450057178E+0001 -1.77625138328982E+0001  6.56220926033570E+0000
10.800 -2.28372883595821E+0001  1.02183768863289E+0001  6.49519401416010E+0000
14.800 -3.07848762130993E+0001  1.87205185834500E+0001  2.93998505202813E+0001
11.040  4.02902891276101E+0001 -2.59919014512784E+0001  1.50821306578722E+0001
13.480 -2.34262563515156E+0001 -2.07278939554671E+0001 -3.61744763334921E+0001
12.660  1.49546163852065E+0001  4.47515769901277E+0001  1.18230954639810E+0001
14.950 -2.35558665265630E+0001  3.15754611111241E+0001 -2.44274609984358E+0001
11.410  1.49128677915457E+0001  1.19788657779685E+0001 -4.60805013629288E+0001
13.160 -4.32913504867540E+0000 -3.02777966884656E+0001  3.71786289773444E+0001
6.190  1.18343421100525E+0001 -1.92588201231729E+0001 -5.01517498218280E+0001
13.600  3.29225690133843E+0001  1.76368684451011E+0001 -2.96750729540080E+0001
5.320 -3.98417463590803E-0001  3.69094180165952E+0001  4.18412094984932E+0001
6.980  3.24071037339551E+0001  1.73720944843886E+0001  3.95860879197204E+0001
14.310 -5.21109992936890E+0000  1.75985818494299E+0001  4.32604337518283E+0001
12.410  1.54043748361521E+0001 -1.98913420211286E+0001 -1.08787853308240E+0001
12.470  2.21522121568267E+0001 -1.14436834474724E+0001  1.15292130493586E+0001
9.030  1.80213484408503E+0001  1.40278261821485E+0001  4.66809958405611E+0001
9.360 -1.09442959244512E+0001 -4.59313496045434E+0001  2.10493948472849E+0001
14.260  9.35418549952470E+0000 -7.98599063017240E+0000  4.54065604047490E+0001
11.470  4.64560979144259E+0001  3.62190032408005E-0002 -1.80317891587457E+0001
7.460 -4.53221095641080E+0000  2.08815640726389E+0001 -1.66972047841277E+0001
7.790 -3.72637747288190E+0001  1.60637587501096E+0001 -3.46277629297872E+0001
13.500  4.68978421591122E+0001 -3.24446722047550E+0000  8.67070602761900E+0000
11.910  9.60525093286280E+0000  8.74766375311410E+0000 -2.36035965811627E+0001
9.120  8.89247486678810E+0000 -4.61549309401562E+0001  2.20660532615497E+0001
9.390 -3.90011306272519E+0001 -3.43534284120490E+0000 -3.34650884525893E+0001
7.800 -1.09637305850439E+0001 -2.26521171483400E+0000  5.21681539998519E+0001
5.670  5.28526581401634E+0001  1.52576471302245E+0001  6.15293442177280E+0000
8.290 -2.62475763077420E+0001  9.59957002194380E+0000 -4.47284910850843E+0001
6.000 -4.20647751352225E+0001  3.27692551978563E+0001 -1.38575626250279E+0001
6.730  7.73824592631040E+0000 -1.34576330214304E+0001  2.47729489285940E+0001
13.270 -2.79742033619425E+0001 -2.96680170457785E+0001  2.53852372555135E+0001
14.220 -2.32064443571035E+0001 -4.09591509560090E+0001  7.78751309220098E-0001
7.640 -2.33538894127022E+0001  6.11019806765890E+0000  4.78985483433599E+0001
13.670  2.38726592604280E+0001 -4.09927302055604E+0001  4.31082515732750E+0000
15.980 -4.24440029750337E+0001  1.05178296927135E+0001 -1.19182774708355E+0001
9.160  4.78887713617637E+0001  1.82834588129865E+0001 -7.95374268301830E+0000
15.180 -1.31612977698213E+0001 -5.40964172178580E+0000  2.66148206438640E+0001
14.630 -6.50725210427910E+0000  4.59467746762488E+0001 -4.99072279476190E+0000
15.130  3.65350309671950E+0001  2.17681093191437E+0001  1.79798696502100E+0001
7.800  2.52987034940670E+0000 -1.01660111779544E+0001 -2.43838674295288E+0001
5.670 -2.64087000792779E+0001  4.74365111376429E+0001 -1.07846456784493E+0001
8.290 -1.17712021693470E+0001  2.33567059737725E+0001 -2.45563277669200E+0000
6.000 -3.06051946236574E+0001  3.89958426571208E+0001  2.44120085393917E+0001
6.730 -2.33369559785858E+0001 -4.76615442734750E+0000 -4.89006940494849E+0001
13.270  2.67269365235386E+0001  7.62121534402900E+0000 -5.17504007218430E+0000
14.220  3.08940394502289E+0001  3.46691507655776E+0001 -7.77212500654420E+0000
7.640 -2.38459145931171E+0001 -4.83512821669840E+0000 -4.97292745093010E+0000
13.670  2.17828965510740E+0001 -2.86031269408191E+0001  3.12451228158147E+0001
15.980 -4.21998502016637E+0001 -6.16747025579550E+0000  1.53394384482069E+0001
9.160 -3.43601007064130E+0001 -3.02905764394060E+0000  3.90516449789045E+0001
10.800 -1.77131140888830E+0001 -4.09679566679496E+0001 -2.36307616713926E+0001
14.800  2.97236053514810E+0000 -3.07687233027695E+0001 -3.47414495121297E+0001
11.040  2.22167478027975E+0001 -4.02414616674236E+0001 -2.03321921794544E+0001
13.480  4.10896977695705E+0001 -2.26725132852214E+0001 -9.19900217558430E+0000
12.660 -7.72843559161370E+0000  1.98085054043563E+0001 -4.37495616408581E+0001
14.950 -9.59509439068920E+0000  3.87625448145264E+0001  2.35369630459661E+0001
11.410  8.32889205455150E+0000  2.50600983042312E+0001 -3.30528007260096E-0001
13.160  1.21155747086380E+0001  8.75380558294200E+0000  2.38656546045859E+0001
6.190 -3.94025131436252E+0001 -1.68643880786558E+0001  3.46108418505973E+0001
13.600  3.45377296637320E+0001 -2.81370372687610E+0000  3.27840372159463E+0001
5.320  5.46482193538304E+0001 -9.80757251811910E+0000 -7.17387911692290E+0000
6.980  1.51963568520994E+0001  5.03243904906636E+0001 -1.02181738000016E+0001
14.310  9.75162589732026E-0002 -2.74728796853201E+0001  1.02131212505758E+0001
12.410  1.50181437537959E+0001  3.22409546198609E+0001  3.35483223248027E+0001
12.470 -1.17918979413810E+0001 -2.11426027428028E+0001 -1.29823948036613E+0001
9.030 -4.75140789606277E+0001  1.81078244222576E+0001  1.17582490964886E+0001
ro=15 R=6.13028825271455E+0001