0.692  2.31759796126166E+0000  2.34812410100838E+0000  7.71427801547504E+0000
0.612  5.67147534082323E+0000  6.18552762598690E-0001  6.63947633515709E+0000
1.119  8.68250911079734E+0000  3.69169550185583E+0000  8.69579378638344E+0000
1.393  1.39300020000000E+0000  3.60115279925333E+0000  1.39300021622118E+0000
1.664  3.74789228742119E+0000  1.66400020615681E+0000  5.97158721634381E+0000
1.254  8.74599980000000E+0000  3.74599979339037E+0000  3.15970959562921E+0000
1.353  5.76252456319027E+0000  1.35300020046933E+0000  8.46536290589930E+0000
1.284  8.57940239726858E+0000  1.28400021957469E+0000  8.53436290178347E+0000
1.086  1.08817134946151E+0000  1.09209007513854E+0000  6.38723474651863E+0000
0.977  5.16309868788308E+0000  4.02257463995740E+0000  6.43364899994365E+0000
0.958  6.22402323131919E+0000  2.40363345405375E+0000  6.45939391002369E+0000
1.521  1.52179014894872E+0000  1.52197983765686E+0000  3.51247323574821E+0000
1.165  4.16995164387402E+0000  1.16837215216232E+0000  3.21738732829254E+0000
1.035  1.04521411223834E+0000  1.05541325517785E+0000  1.03993041944497E+0000
0.729  3.39982057258161E+0000  4.16332867677282E+0000  6.20243711156766E+0000
1.411  3.91018508725042E+0000  3.53383603401308E+0000  8.40736279705038E+0000
1.062  3.38284701223865E+0000  1.06200033980955E+0000  8.75636273429801E+0000
1.256  1.25600020000000E+0000  3.74399973591383E+0000  8.56236276611895E+0000
0.950  6.70953071420276E+0000  9.50000222659790E-0001  3.23308478934392E+0000
0.971  9.02899980000000E+0000  4.02899973638695E+0000  9.71000200000000E-0001
0.692  9.29945172451617E+0000  4.28984405109071E+0000  7.09612642496324E+0000
0.612  6.23099668216290E-0001  2.39739462334741E+0000  7.40376048081491E+0000
1.119  3.21241414055190E+0000  1.16781444694939E+0000  1.13076677068858E+0000
1.393  8.60699973566433E+0000  1.47068086054163E+0000  4.50515164076630E+0000
1.664  5.98805423861093E+0000  3.33599980000000E+0000  4.02015269416773E+0000
1.254  3.09902897251164E+0000  3.74599979859767E+0000  4.03277815532414E+0000
1.353  1.35525716530484E+0000  3.53490679964635E+0000  5.96129520320214E+0000
1.284  5.67016968190570E+0000  1.28400027042559E+0000  1.28400023586371E+0000
1.086  6.35658275027673E+0000  3.91399974879828E+0000  8.73236290630289E+0000
0.977  7.52767403759380E+0000  9.77000272094670E-0001  6.55655061790620E+0000
0.958  9.04199980000000E+0000  2.38077325634074E+0000  6.63445280358813E+0000
1.521  8.47899980000000E+0000  1.52100020000000E+0000  1.52303154481410E+0000
1.165  1.16500021624874E+0000  1.23542817499131E+0000  8.65336137083369E+0000
1.035  8.96499980000000E+0000  3.96499979534538E+0000  5.42766039737366E+0000
0.729  9.27099956777144E+0000  7.29000215289630E-0001  6.37915814603899E+0000
1.411  4.19255131500832E+0000  3.52424801959482E+0000  1.53090390967212E+0000
1.062  7.46447847010977E+0000  3.93799980000000E+0000  6.89228225434387E+0000
1.256  6.83622834637599E+0000  3.74399980000000E+0000  1.25600020000000E+0000
0.950  9.50000200000000E-0001  4.04999974005217E+0000  3.64953261734654E+0000
0.971  6.16019342942190E+0000  9.71000200000000E-0001  5.16922711401502E+0000
 9.81836310630289E+0000
