1.118  4.98494977986404E+0000  1.21518021710063E+0000  2.25632544090844E+0001
1.493  8.50699980000000E+0000  1.49300020000000E+0000  1.86890553659893E+0001
2.059  2.05900020000000E+0000  2.78453251831784E+0000  2.18483395041769E+0001
1.118  7.23113499194646E+0000  3.81512890478861E+0000  1.80265593908195E+0001
1.493  4.92166354035828E+0000  3.50699980000000E+0000  1.98070411617987E+0001
2.059  2.05996562938033E+0000  2.06035807739906E+0000  9.53594694169194E+0000
1.118  4.88803118210405E+0000  3.88199980000000E+0000  2.27893394723571E+0001
1.493  5.80030994810229E+0000  1.49300020000000E+0000  8.66174329430085E+0000
2.059  2.05900020000000E+0000  2.30941168219778E+0000  5.39834577292141E+0000
1.118  3.86855076087088E+0000  1.11800020260666E+0000  1.98379841530043E+0001
1.493  8.49592482936316E+0000  3.49845241528327E+0000  1.56050517760589E+0000
2.059  2.05900020000000E+0000  2.66213642244102E+0000  1.77321584407607E+0001
1.118  7.46481819542457E+0000  1.12560678864233E+0000  1.14535400048805E+0000
1.493  1.49300020000000E+0000  3.50699980000000E+0000  2.10257065467770E+0000
2.059  7.94099980000000E+0000  2.05900020000000E+0000  4.80247777558865E+0000
1.118  8.88199980000000E+0000  1.11800020000000E+0000  7.68732952864907E+0000
1.493  7.95218877868079E+0000  3.50699980000000E+0000  8.18276381372106E+0000
2.059  2.05900020000000E+0000  2.05900020000000E+0000  1.36585661599063E+0001
1.118  4.99649693463884E+0000  1.12430057934548E+0000  1.44565839092150E+0001
1.493  5.41225169509546E+0000  1.49300023146961E+0000  1.76577790587255E+0001
2.059  7.94099980000000E+0000  2.05900020000000E+0000  1.52284203286620E+0001
1.118  4.62002163913023E+0000  3.88135483144078E+0000  9.05805639628455E+0000
1.493  8.50699980000000E+0000  1.49300020288935E+0000  1.03163496840082E+0001
2.059  7.77288296042848E+0000  2.94099980000000E+0000  2.18483395082306E+0001
1.118  4.90993151115190E+0000  1.11800020000000E+0000  4.65938653586718E+0000
1.493  4.71118945731011E+0000  3.50699980000000E+0000  1.55256215997594E+0001
2.059  4.99934479101806E+0000  2.94099980000000E+0000  2.05900020000000E+0000
1.118  1.11800025603136E+0000  1.11800020000000E+0000  1.11800021441924E+0000
1.493  5.20214060566817E+0000  3.50699980000000E+0000  6.53990511674991E+0000
2.059  5.67806362652187E+0000  2.94099980000000E+0000  1.19028942827205E+0001
 2.39073397082306E+0001